ensg	symbol	8_pcw	9_pcw	12_pcw	13_pcw	16_pcw	17_pcw	19_pcw	21_pcw	24_pcw	26_pcw	37_pcw	4_mos	10_mos	1_yrs	2_yrs	3_yrs	4_yrs	8_yrs	11_yrs	13_yrs	15_yrs	18_yrs	19_yrs	21_yrs	23_yrs	30_yrs	36_yrs	37_yrs	40_yrs
ENSG00000003249	DBNDD1	4.01726449945443	4.26224921121714	4.51075459531511	4.36561346597769	4.83145394104378	4.9027100424132	5.10756144187225	4.77272502055319	5.15623513654012	3.83534560313886	4.51863631065093	4.51275238551528	4.93910156705072	4.8549095911591	3.75079457554407	4.54608513335681	4.69483092516525	4.95985550210005	4.6585122533087	5.33062578400266	4.52096501390804	4.61916867322178	5.20744340620952	4.55784885678	4.60154649202226	5.50336813230974	4.92604507916054	4.76938156199368	4.86688205926786
ENSG00000004864	SLC25A13	2.7699475047421	2.10740290934037	1.64180081350276	1.53887128163806	1.89752890578393	1.92619284413462	1.38975727791672	1.96588953605187	2.13056021152544	1.98869152051444	1.60227299711477	1.81557985746882	1.23141414156208	1.65043302740424	1.24075571265546	1.78376513904032	1.70995769903807	1.5859835289247	1.84711106349182	1.81417182759272	1.78843988754816	1.97412781874868	2.05009690380984	1.98450122594673	2.3263590509115	1.88807724079984	1.7969786809334	2.31810724809581	1.4552757960699
ENSG00000006377	DLX6	1.6053410800942	1.29821362717191	0.948101289301372	0.873764334327631	1.0455614165511	1.2361717311986	1.42917700853763	0.958191218856377	1.07747583575045	0.43496353632795	1.02059651268313	1.12549170563449	0.652134779334218	0.852779936747845	0.0669016275660333	0.30429073738125	0.895449193882449	0.903632049805563	0.839055436791495	0.765020012936889	0.691608218707922	0.508328279790162	0.764746058660989	0.747436809480253	0.648339938573235	0.691805851404127	0.687740418233721	0.776804475899035	0.850863761346034
ENSG00000044524	EPHA3	3.81768043127211	3.73055298605344	2.97934161300447	3.21620609161602	4.16767168875144	3.73400071526378	2.79289787976739	3.33592695487823	3.70205196464208	2.02919739171698	1.39103944106069	1.61813776853827	1.52030685320651	2.15455813617863	0.586566203129999	0.935795979177211	0.931955053522289	1.31096618020194	1.55036048220058	1.14371196176949	1.48772879625476	0.703823562773859	1.31702541401027	1.44138403847107	1.05511211454213	1.05327789648897	1.16011959309413	1.37917374031059	1.0532765761827
ENSG00000073969	NSF	3.9960958928289	3.99840074335963	4.84037982557556	4.32600470186562	4.12707470746653	3.94411625270437	3.57545198649487	4.32927220010638	4.82023331990902	3.79469102384429	4.75186603539202	5.27452506006709	5.60896183173862	5.6724253419715	2.42155023504456	4.30492690164653	5.61986193720494	5.6724253419715	5.6724253419715	5.6011224568346	5.6724253419715	4.37456731802246	5.6724253419715	5.6724253419715	5.52910923312885	5.6724253419715	5.6724253419715	5.6724253419715	5.64502884068555
ENSG00000084693	AGBL5	3.80508227478547	3.72853765842619	3.36503704017446	3.30277447079598	3.49209089396708	3.56299997047051	3.47444803528749	3.28424030740399	3.51004515598459	2.8568102921428	3.39183924641265	2.96880229225512	2.64625653402837	2.4866700413528	2.28046997292873	2.69705343685923	3.29802850467604	2.99407543333043	2.62464304788129	2.5716973187199	2.46297920844366	2.69356298904824	2.66868652678168	2.39341613559649	2.52632686844177	2.72652361237482	2.64936151346587	2.71315488087269	2.91671416702979
ENSG00000084764	MAPRE3	4.32936367185584	4.08134601728475	5.12186636907556	5.18227109876133	5.19574926275541	5.35668872684957	5.57451903535128	5.49020083050666	5.42262246482204	4.65578651197734	5.11110846384845	5.49408068885173	5.65383407360663	5.66635061208763	4.07479915048272	5.18009860134865	5.6125734417825	5.66922656765806	5.63452219781845	5.64874753580026	5.6724253419715	4.97032593209415	5.65069466479635	5.63344813694993	5.50052327708134	5.6724253419715	5.63705903059495	5.58069800312037	5.64058385721508
ENSG00000092964	DPYSL2	5.6724253419715	5.6724253419715	5.6724253419715	5.6724253419715	5.6724253419715	5.6724253419715	5.6724253419715	5.6724253419715	5.6724253419715	5.6724253419715	5.6724253419715	5.6634160926912	5.6724253419715	5.6724253419715	5.40185111956867	5.6724253419715	5.6724253419715	5.65645868831618	5.6724253419715	5.6724253419715	5.6724253419715	5.6724253419715	5.6724253419715	5.6724253419715	5.6724253419715	5.6724253419715	5.6724253419715	5.6724253419715	5.6724253419715
ENSG00000100575	TIMM9	3.87311624901545	3.65273610626343	3.7211298327047	3.62329787463869	3.32699132732916	3.47121514996313	3.69636794002526	3.31458566642178	3.50017508288961	3.20556365610384	3.59591081565581	3.18338951317914	2.95476242866447	2.81939606952517	2.54302031854472	2.83535333125865	4.15789532808783	3.15375017180621	3.3010615636615	2.78136130596887	3.37221018464276	2.98341660917623	2.87817806279089	3.01145275112521	2.97233495534759	2.68910000376906	2.86088015190688	3.09424113661425	3.74870317623485
ENSG00000100592	DAAM1	3.39622268283532	3.42603290874295	4.02207106932677	3.78936455134112	3.96134632952274	3.99974277653781	3.81970320717802	4.2824699052959	3.87762609803315	2.25260887832029	2.55426692350919	2.45300232747717	2.47721599199508	2.60706274840013	1.26246936385665	1.52246481337576	1.48345774827889	1.71342031407579	1.98790734236915	1.75248207328283	2.55699681528473	1.62007615524983	1.7513170997782	2.25405338717313	1.97484159761348	1.46777005526977	1.99621833062222	2.07206816838779	1.91828971710848
ENSG00000103264	FBXO31	3.58353267233461	3.50453831529483	3.88319927412718	3.84148705474219	4.07020758677216	4.15578194170619	3.98099575290459	4.2298465282041	3.94180575615252	3.21330967255883	4.15170666239875	4.00824877632624	4.30530026138518	4.33168967545102	2.95238829888575	3.53729132820105	3.44894727576092	4.00960954704758	4.34441447635089	4.22079910965928	4.27654917272788	3.34984356893931	4.59025562186891	4.50345186369364	4.00184080927201	4.72220131224201	4.13962727172166	4.1215501087852	4.03291544264347
ENSG00000104415	WISP1	0.221456978043876	0.230091480211083	0.074238746525587	0.0368065597962215	0.227658752252833	0.0594500795604965	0.019075195297264	0.0436419856741279	0.141076723017246	0.010583628483009	0.904999027883019	0.121536782553966	0.0570759721160864	0.148224828726209	0.0627681806353782	0.0382269233274364	0.0409491633443688	0.183029949540549	0.0470265117687648	0.167272653989743	0.151551561161723	0.0447645480619181	0.143517917538986	0.200036098793452	0.165173481490841	0.144868880060475	0.167955023683236	0.220423892668577	0.0964733527705196
ENSG00000108379	WNT3	1.66304089938261	1.53713968909012	1.55745147739584	1.58838787466315	2.04479152393861	2.3164818734921	1.6840017729818	2.19656730431923	1.77719839153701	0.699320010646208	1.40828758392082	1.41351470194611	1.30054427011282	1.47102563269733	0.404970984019347	0.792011716676267	0.931767966509741	1.18800102569574	0.940956759163742	1.25995750016515	1.06666328222319	0.710220386872266	1.52849165026018	1.52785449925654	1.06135111587435	1.70572983074177	1.53204435320122	1.37636441628892	1.10945014707904
ENSG00000115808	STRN	2.55158176346124	2.84971605619389	2.58760802503404	2.17024125384692	2.19682166635364	2.05362479058582	1.61093328030143	2.43747609272588	2.38613876073278	2.88213896623168	2.14516576623587	2.7632076171346	2.44912276937762	3.36384919449138	1.95983574202119	2.70528138006838	2.32877253027845	2.68278587176169	3.40094592894137	2.9243640397894	3.49188530618414	2.34519809824944	2.83858708019826	3.7620286854236	3.38890116476129	2.39138423605483	2.6617484625208	3.04236680144751	2.55096534271058
ENSG00000115828	QPCT	2.21583036844389	1.76601246477702	2.07016959673194	1.83662627947062	1.93915295878919	1.77779086409595	1.85085510757825	2.52916918501535	2.78756257569017	2.10440929175028	3.35043079144024	2.86872781906902	2.80510459166658	2.77579558097232	1.65353889701199	2.2525483984151	2.83006763829368	2.80126811184822	2.82534202386947	1.96311451788656	2.42582711774433	1.5143081873602	2.73186217990229	2.68850494154126	2.06006980257696	2.7028521298642	2.42440994688346	2.47308515910151	3.38504226246052
ENSG00000119514	GALNT12	0.864878066285456	0.58592104697472	0.401869261998001	0.350019409980798	0.5043666946323	0.657645801294265	0.545388587565863	0.630567177780668	0.358550028822861	0.34470190508532	0.783458047301645	0.523118967304583	0.566952235735017	0.432583139051884	0.486320097431067	0.509537767850635	0.699415274685132	0.488548131749777	0.54191926207651	0.610483721134076	0.93467236531297	0.675835974808221	0.602201279173951	0.607099694964625	0.547245552154814	0.667723015293635	0.776312808904942	0.951092964309954	0.698976858463042
ENSG00000119777	TMEM214	2.26145299215774	2.53989887873586	1.89450705070336	2.0158313598374	2.32844622025913	2.24175989688044	2.04494131135451	2.20554055930538	2.57886609010816	2.42702126654294	3.13880410862352	2.70921041836699	2.46298898472516	2.77057368115369	2.27259322032415	2.91850568613321	2.42415964767127	2.72803582281001	2.8807234318598	3.23217826238124	2.70440592842881	2.71031474430666	3.37566365476094	2.90866607514634	2.95861082386372	3.51267611492206	3.15845848581523	3.28118205528267	2.57177585248597
ENSG00000120071	KANSL1	3.69739841018909	4.56717056188903	3.93622477629619	4.1073343943702	3.96227836386421	3.79719103959608	3.04526430767542	3.79140274934462	3.79292428380319	2.79004245449437	3.34662423534471	2.7455233402089	2.37708669556285	2.84806284186405	1.84747662512745	2.38463313628333	1.85477862436669	2.35033542456191	2.4978862473545	3.08945646146264	3.00122658627533	2.325449271296	3.09720653782037	2.78955497988148	2.85496088431261	3.01081939269472	3.26027867049216	3.18998371533243	2.27861522590357
ENSG00000120088	CRHR1	1.48291403022522	1.84296900835866	1.84448953515471	1.76254953768473	2.34860785786998	2.51469101879446	2.29841156939503	2.2203322972349	2.30483170235894	1.75518636234015	2.77257347801309	3.02873650057019	3.07230564689329	3.13520522535269	1.42991995211015	2.36627194135541	2.66247119371521	2.54591843684983	2.81491823629877	2.98339737795868	2.82323566122187	2.21073956774891	3.21478333815715	2.54673448281693	2.29308604862419	3.37540900154781	3.17155912230535	2.86732242135154	2.38851909357006
ENSG00000123243	ITIH5	1.18090111553491	1.27166181145668	1.02517849432909	0.790118803928314	1.51229764026388	0.988005510600876	0.737217448389318	1.32343603197212	1.5695577440895	2.39295643789323	4.10782435646014	2.37748257868528	1.55074680028873	2.05777633570613	2.21529035263866	2.76751136608339	1.00940258090762	1.18564495250149	1.42269352754055	1.96724549716048	1.43868730422049	2.65689568929897	1.87417876675008	1.82637079105233	2.02931230459085	2.04080810499421	1.8600326460162	1.74282830651211	1.64270031255692
ENSG00000123352	SPATS2	3.49782309085472	3.57213775448493	3.58590902522777	3.56848102159014	3.3189163083337	3.23548492439751	2.96780234555275	3.19660923123439	3.22978964992797	2.20673008407335	2.44025065169552	2.57019052037368	3.07001004530551	2.86496008164735	1.02926394302441	1.73291574411806	2.31285607789955	2.57962656349764	2.81719043671536	2.33456853212197	2.87255084319135	1.53104592712844	2.63728348427447	2.57625117518268	2.0856024008228	2.43475350310045	2.55479351053645	2.62061571701891	2.3085562566419
ENSG00000123416	TUBA1B	5.6724253419715	5.6724253419715	5.6724253419715	5.6724253419715	5.6724253419715	5.6724253419715	5.6724253419715	5.6724253419715	5.6724253419715	5.6724253419715	5.6724253419715	5.6724253419715	5.64906473371095	5.6724253419715	5.55517641805417	5.6724253419715	5.6724253419715	5.6724253419715	5.6724253419715	5.6724253419715	5.6724253419715	5.6724253419715	5.6724253419715	5.6724253419715	5.6724253419715	5.6724253419715	5.6724253419715	5.6724253419715	5.6724253419715
ENSG00000127922	SHFM1	2.61347635616748	1.70278525633098	1.4319441203925	1.7312899861543	1.80232320247344	2.41027369277908	2.91027015366584	2.13312557347161	1.81086113249972	2.27131126149132	1.8697124528952	2.13512610023185	1.85823946787322	1.63135071216363	2.29171694420614	1.97315397433049	2.88850327621719	1.56268969440685	1.65671226429038	1.63828562145051	2.03324542625295	2.24348398712481	1.64322067988086	1.26420140156386	2.08045449186204	1.78067897277914	1.72680421593189	1.61987320870876	2.57137842839095
ENSG00000131165	CHMP1A	5.31286934812636	4.85190746151735	5.1883777151628	5.06454003177326	5.30834365764585	5.1248075133746	5.48923669330323	5.25868060799958	5.36518076849709	4.46015876672705	5.51414122857927	5.14160762445079	5.01923322553036	4.81501642110702	4.27947666009979	4.78816716818101	4.7530701044011	4.73609605122857	4.87258534595539	4.75487454589036	4.30359774443457	4.3234938160287	4.8271762075235	4.50527263685969	4.59006648093098	5.07048617355976	4.46107098791579	4.21621827560111	4.28706929146033
ENSG00000135451	TROAP	2.29102570524155	3.25706654242525	0.516072449848852	0.859679919852053	0.856552947742037	0.845081186903048	0.553075617528911	0.439161880913453	0.668585870990636	0.51524175479702	0.658117536582405	0.275048023674253	0.0855784969339372	0.0566364598185626	0.00836050747694957	0.055555707351729	0.023565273162975	0.0415326335971028	0.0158056358863378	0.0186513386571031	0.0137174254197288	0.0310130668190091	0.0110067938381345	0.0115872611945099	0.0129173498537689	0.0206571452810134	0.0136671919724851	0.0241226821693149	0.00488484434111035
ENSG00000137801	THBS1	1.28961164818577	1.74203540538467	1.86530537989413	2.41710649132644	3.51966397755662	3.28556143584215	2.4487324526815	3.77847040805885	3.73053443393466	1.78542735689094	4.34703667041433	2.41918955406717	2.14103542829877	2.28125284862974	0.652441154343003	1.0424757846678	0.849181539513436	1.04497981292982	1.00187592059283	1.26368319781839	1.22517286676217	0.659911175866325	0.927876922313851	0.976448155118513	0.918812973310196	0.686088045032117	0.713489651777137	1.05608450762909	0.877839532048773
ENSG00000138028	CGREF1	2.12991174515526	2.03344899108615	2.66069580438606	2.69368436815587	2.96758101844758	3.37948031559549	3.57004035309739	3.5357150817276	3.19280408001933	2.6131706495833	3.47797037785022	3.94664798704472	4.32027350272742	3.92853571707725	2.4570755314475	3.24713730098255	4.13893752703456	3.99610112512723	4.09479133913141	4.00419963035663	3.93539270599142	3.13272819032451	4.09561270681232	3.58118128374574	3.37944593492746	4.38608358968139	3.74019350593991	3.73589154172089	4.02950221658242
ENSG00000138030	KHK	2.33703986989279	2.14768946187501	2.59799407812509	2.71477453861899	2.88307428105015	3.14773677938478	3.44526115167352	3.13856851503733	3.042916043294	2.31011559994996	3.07305350171012	3.13832955777172	3.73455162334646	3.05702789533654	2.07831294004394	2.60377999617948	3.54887283464584	3.17074367520524	3.32907489426609	3.12036120976578	3.10163097633569	2.57587340289841	3.30308528184424	3.04883671758903	2.90303894754592	3.63275253155789	3.06561262676951	2.93402825944412	3.45208428010374
ENSG00000138073	PREB	3.80152889214822	3.56201681743828	3.51862057739554	3.44557881637859	3.58777007587735	3.66469565355764	3.60097458919404	3.43578732549156	3.69222715130925	3.62697032533043	3.6415528116238	3.79258585075799	3.70942158754821	3.50008255458866	3.13531295949498	3.87023168591989	4.12665334722798	3.75608228511221	3.58758456339957	3.66899773113537	3.50016449500044	3.30776430217664	3.87843584431241	3.3517376493974	3.43519434150084	3.96919286502329	3.71360735594998	3.74134550338925	3.5852408368926
ENSG00000138080	EMILIN1	1.74952427877548	0.938983842679834	0.969226058869532	0.900618864258285	1.27512571811947	1.13549311831206	1.42491355178188	1.26454543269183	1.12395004670756	1.66696924244559	2.88109140138663	1.73660699155352	0.92064394956198	1.16799575962332	2.60806062038417	2.1093301671271	0.806701588934095	0.817403263738898	0.607463718647081	1.32394741379754	0.629810263905985	2.2526659815758	1.17691427743961	1.15132745568557	1.44712964171239	1.2976976612743	0.876158439602098	0.880371691796795	0.792028475361643
ENSG00000138081	FBXO11	4.58053636692596	4.72786739333845	4.91491674113515	4.72467150309528	4.44123008521955	4.40219486527512	3.93866314080839	4.62366124105059	4.51888540900545	3.93502106863831	3.80012875371786	4.0548932195669	3.4741971744485	4.32405837087513	2.51404669418437	3.36756011168727	3.898939558544	3.7255247638948	4.23325282910677	3.74104998083643	4.61847462651127	3.19964362488248	3.91786497439094	4.37544762337114	3.9102990787492	3.59668757833343	4.04417627992195	4.18800554235965	4.07147744433565
ENSG00000139549	DHH	0.144754721199628	0.0578442035101927	0.0814189253104427	0.0714851491546328	0.158539054414591	0.158502131054923	0.145775627315745	0.188852886506879	0.179185871493078	0.28916640853936	0.376003460243357	0.260793011524962	0.144208126427498	0.180242694756012	0.332701616849114	0.35590005382351	0.206192975385784	0.164302761993233	0.12269128169704	0.142801583807296	0.249665697400523	0.172265429715489	0.149805020875184	0.206620028097786	0.199198867524665	0.233493304158806	0.176319516979352	0.155640539101846	0.140367344926678
ENSG00000139636	LMBR1L	3.00189648236903	3.19557057850431	3.64213566879581	3.58990865013051	3.79735878416194	3.83658931889528	3.98888255787494	3.4638516588085	3.63444902382156	2.25681164964031	3.45832454727155	2.60029005011916	2.58309715743335	2.26546992615714	1.71002057562448	2.09378987163434	2.31609273123039	2.02236824210346	1.78398225851377	2.26953387559395	2.0750193672101	1.81695802472365	2.41831896685108	1.58893450534671	1.9327727541256	2.52758121424182	2.57963669934038	2.60359316717669	1.90299799186117
ENSG00000139644	TMBIM6	5.6724253419715	5.6724253419715	5.6724253419715	5.64828802142889	5.61467361414248	5.46363715302102	5.06477147388854	5.52217523472804	5.6724253419715	5.6724253419715	5.6724253419715	5.67127392037776	5.64976549169753	5.65828675508208	5.62638616178094	5.6724253419715	5.62085775279261	5.65326981148072	5.6724253419715	5.6724253419715	5.6724253419715	5.6724253419715	5.6724253419715	5.6724253419715	5.6724253419715	5.6724253419715	5.58759411252124	5.6724253419715	5.55305842914277
ENSG00000139970	RTN1	5.61709081561168	5.63775143816134	5.6724253419715	5.6724253419715	5.6724253419715	5.6724253419715	5.6724253419715	5.6724253419715	5.6724253419715	4.77899376351362	5.57909241344842	5.60900581936565	5.6724253419715	5.6724253419715	3.05018627305341	4.94133066825756	5.6724253419715	5.6724253419715	5.6724253419715	5.58774544249442	5.6724253419715	5.04169409982659	5.6724253419715	5.6724253419715	5.55409718453025	5.6724253419715	5.6724253419715	5.6724253419715	5.6724253419715
ENSG00000140995	DEF8	3.17522140575534	3.01961611359206	3.44381905702335	3.40086450992718	3.76256644737159	4.1715067803079	4.071914095883	4.04798282656988	3.91797597202867	3.56723587867459	4.12814427492333	4.43082191203425	4.3885549413608	4.24658459700344	3.45029780559071	4.11342760456474	4.48201665692661	4.15915207640797	3.96175608584784	4.38832022291614	4.11358998102402	3.90629791203986	4.58591211008469	3.94192463929107	4.10940805049232	4.84984250459049	4.4136060615015	4.38507517517098	4.33177320458627
ENSG00000141002	TCF25	5.03117087450634	4.98067728231113	4.87718386654209	5.15080649584623	5.2006123657967	5.26201037876319	5.36927672271983	5.23802620251619	5.15918834135117	4.52749612589941	5.1755519651091	5.06142467245196	5.55709064379714	5.18973015280654	4.1254823740286	4.57568510852623	5.20161934782231	4.95830634167122	5.02362890743	5.12912707264429	5.01502034300071	4.65986579014563	5.45631109913233	5.05553862427317	5.04568115739736	5.5907076246016	5.07491550457791	4.95934755094609	5.06256480882994
ENSG00000141013	GAS8	1.94756112843337	2.33304581270949	1.88277274566729	1.88406600372356	2.4164896004728	2.84283048679387	2.80097108998218	2.60859131906799	2.11214530890381	2.38454515597898	2.85731853805536	2.52274924650496	2.09241499008798	1.98939104943597	2.07442474991289	2.47400750414385	2.03525084001798	2.20990734300175	1.7364848267976	2.95581311258718	2.03432888012342	2.78773346027623	2.60058471979503	1.92457550007249	2.45264341732629	2.9941948743427	2.80337876796776	3.10671247744436	2.8293695735569
ENSG00000143995	MEIS1	2.08559016144767	2.0319528741523	0.977414005436312	1.18632444918307	1.316741484349	1.47380698151757	1.04272901764409	1.51517731439714	1.26049147727769	1.06088374488049	1.10641207882167	1.18437851722523	0.93686475363617	0.910867509265076	1.01730492482271	1.34706496577163	1.06449341609342	0.923840139627885	0.960249337490678	1.25310861199814	1.52721095821276	1.20615530422784	1.03846795669549	0.947621750543724	1.36808581852436	0.867506485693926	0.938746937839112	1.25657107572985	0.782806754588379
ENSG00000149256	TENM4	2.80764092931545	3.50546137312984	2.46257626797245	2.83992655363131	3.64747096588887	3.23869629795093	2.75987322586628	3.18243756648347	3.01889183640982	1.85469600631602	1.9250063535193	1.92856598613237	1.17493686472134	2.63859921545403	0.6986568788028	1.17063016016632	0.927980239353739	1.35350515359836	1.49634657209796	1.88642469970114	1.87918358412876	1.02822705406337	2.22975136492139	2.05937821478777	1.69410621097392	2.11436351545371	2.423035627635	2.22571970612371	1.3165479577156
ENSG00000150556	LYPD6B	0.342261144591461	0.242942411091918	0.663627232796574	0.689628422896829	0.943629300534266	1.05807548459779	1.31567852647359	1.30257975309763	1.4853168026477	0.581498345014606	1.48117651666522	1.18255483489902	0.946719329697873	0.872684577033192	0.341505450949924	0.908035757113556	1.20699925681529	0.989058182061634	0.850476069347314	0.77616300608482	0.513213005366537	0.718813197325849	0.835160700335515	0.542548329317195	0.478294820541095	0.950118555595134	0.928558012791129	0.820624407393796	0.675676441633709
ENSG00000155926	SLA	2.49917683196746	2.66996748542049	4.77317199967193	4.97826811953001	4.89651952553561	4.78409506244894	4.57877109537132	4.97775565179428	4.77548171281213	1.89759335731408	2.81804381748047	2.4996034506829	2.1797588339713	2.21985017175674	0.598669642151737	0.778889166655343	1.32372272810141	1.1047443129756	1.05586593190414	0.842035860221634	1.5055096326905	0.39870247130158	1.22792811531034	0.920529351585631	0.762779158536945	0.954769254567856	1.01569625332184	0.970749590791033	0.7256021446076
ENSG00000157851	DPYSL5	5.61489791976499	5.6724253419715	5.6724253419715	5.65936179254105	5.6724253419715	5.6724253419715	5.6724253419715	5.6724253419715	5.6724253419715	4.57625206610901	5.33359261123631	5.25607685977282	4.25030737175276	4.67949041786295	3.66005751068443	4.21124985913878	3.48158334506953	3.49461082567137	3.57509445304595	4.24328261611729	3.93173551994285	3.87703130403052	4.49150056840959	3.86292692123993	4.57492261268431	4.36404941390545	3.84254245392863	3.83025954381234	3.14133384233024
ENSG00000158805	ZNF276	1.75673914036273	2.45314435766493	1.75532367311734	1.99087934469626	2.32434928215558	2.7271675875913	2.7108949630351	2.372689260383	1.92731939780537	2.35453048703095	2.29068958054151	1.96449317311208	1.48363688966463	1.80829021265956	2.20154214140845	2.12493299967069	1.74202847232646	1.40377918326213	1.21188800518041	2.38741482549638	1.94810325840991	2.4730208663601	2.36147843175829	1.37020981246002	2.28388790284294	2.71882294960171	2.64333689553651	2.81525102708974	2.06124612709589
ENSG00000161791	FMNL3	2.22651893973656	2.64809812014589	1.81598389392607	1.92886462799162	2.27983441045899	2.39418068703181	2.28532280821341	2.29773001819318	2.04240560303878	2.51764723389264	2.84716785467236	2.38992805924575	1.85161007619221	2.13436072674653	2.28003321694265	2.44679370278851	1.70328733051485	1.81024923971083	1.76088621657247	2.25401942398556	1.96738344279017	2.23827383403608	2.22646871244726	1.73835953155862	2.15506971700451	2.24301780193787	2.45462490306383	2.32853603400216	1.76264298816439
ENSG00000162368	CMPK1	4.90154962211066	4.28702429599158	5.19705481910703	4.75767144556703	4.5523750135674	4.63564610865984	4.36699648949756	4.61008934233057	5.00340693178302	4.63389708291812	4.23976873366097	4.92973677160997	5.22969328304774	4.63696627883976	3.90887539242249	4.4381442140968	5.03520028972913	4.96192968160345	5.2222189228092	4.32512621157978	5.01828541871437	4.41274471308307	4.31882716718059	5.10915765202266	4.57105347425875	4.06589715895471	4.47058994030007	4.57676316670715	5.22943918914429
ENSG00000165617	DACT1	4.85720049747127	5.00752581009196	5.31653948592064	5.39051786840032	5.26454143549777	5.20239988250724	5.01996282344719	5.17554132428935	5.13152405679636	2.64185373950673	4.35626422408189	2.72305107826709	2.70863694629824	2.94254836001621	0.651985030768655	1.70037266396014	1.55246402545077	1.83856435840198	2.52470125083255	1.93092198301039	2.7389792117426	1.13824740369485	1.85464403497543	2.2041397370458	1.56516750108413	1.76086089275036	1.64244470455291	1.71244711611687	1.3512327872796
ENSG00000167523	SPATA33	2.48163422631348	1.99148788914392	2.08750458969795	2.02874992376613	2.27695745364548	2.44479327507532	2.44987286116117	2.29799574948418	1.95622870467884	1.65716831905862	1.68957251915368	1.71043009649175	1.4819816250358	1.70356724892184	1.0971173491238	1.18267546376574	1.55980263952025	1.35730495232689	1.29249317912869	1.48142114741375	1.33728687562465	1.36026455433125	1.48275627846609	1.38229589136971	1.27116073271885	1.85135028654286	1.44608093563044	1.291529347808	1.45620117266282
ENSG00000167548	KMT2D	1.54271718119046	2.8247846534973	2.14488694965154	2.52179982986916	2.74195837002176	2.5984252004355	2.69716615711978	2.63298860461671	1.62691963119219	2.27143720500867	1.77187460918574	2.20887386889081	1.64988945835328	2.89774072925012	2.01410115304485	2.22343458819877	0.902370995897904	1.81013196673297	1.86992333958761	2.44620673427411	2.28858895017386	1.83524735733573	2.51439041489851	2.61853166825771	2.33754525084458	2.34554346313112	2.78724041142477	2.4825878877254	1.69406695181138
ENSG00000167550	RHEBL1	0.824220104366529	0.952040250168555	0.405169801822752	0.414788908016837	0.677101514854818	0.756730708325158	1.03050586043201	0.961314292509335	1.11467955262755	0.480063231725399	1.86431161332848	1.93733968603966	2.73312348611404	2.10409925658377	0.420010724867524	1.24326794294313	2.39810328896027	2.23113841054334	2.13437790791845	2.23115886025421	2.26519310301109	1.15989760072092	2.3389980781617	1.88851332778187	1.62870150768098	2.71008327210872	2.49112855038697	2.26802571759663	2.23547978549588
ENSG00000167552	TUBA1A	5.6724253419715	5.6724253419715	5.6724253419715	5.6724253419715	5.6724253419715	5.6724253419715	5.6724253419715	5.6724253419715	5.6724253419715	5.6724253419715	5.6724253419715	5.6724253419715	5.6724253419715	5.6724253419715	5.6724253419715	5.6724253419715	5.6724253419715	5.6724253419715	5.6724253419715	5.6724253419715	5.6724253419715	5.6724253419715	5.6724253419715	5.6724253419715	5.6724253419715	5.6724253419715	5.6724253419715	5.6724253419715	5.6724253419715
ENSG00000167553	TUBA1C	5.6724253419715	5.58276161286207	5.60067884621448	5.64385365555169	5.65080948965009	5.65072562524713	5.6504295764545	5.67111882061918	5.6724253419715	4.14293804699043	5.22036888509478	4.42710219700643	5.00043869229203	3.72900974198096	2.80050957026528	3.31736788185092	4.46697336504418	3.64331148113218	3.62467863962994	2.8008305590072	4.18319366619198	2.98275846339303	3.46453500911643	3.5403473381857	3.48695323897712	4.02318059665669	3.03680808168709	2.82730935006085	2.76737567283781
ENSG00000170802	FOXN2	2.91552424256634	3.26822438557244	2.89242230025255	2.59856433016631	2.13027056931917	1.96642626806458	1.59764648089213	2.0505433124617	2.29227162623896	2.70140308716606	1.68990101146958	2.10461143695848	2.10539176279884	2.22034943262936	1.71896455208109	2.46374098580176	2.26367977974447	2.33824720211794	3.02027051305384	2.18544569142291	2.98927626287819	1.98397806130677	1.9802172876888	3.06880451322575	2.87514079090794	1.29568361849013	1.71120292019923	2.30571220768053	1.9098241798148
ENSG00000172575	RASGRP1	1.67701505740354	1.99730865540498	1.00716024451614	0.967109533686307	1.63041917715856	1.67112853533807	1.20239138965601	2.17097538124645	2.22837992860744	1.68548481159775	2.45200121458724	3.33988684407298	3.44575069346662	4.52030941353222	0.875630969861389	2.04206874863623	3.49549047502988	3.69029661264695	4.06650609802407	3.17616658395755	4.53048390045181	1.78266516631573	3.92891315359531	4.20753870068385	2.93001434888204	3.53521993681599	3.42632513895089	3.8794878539604	3.43154903939095
ENSG00000176678	FOXL1	0.582130453113522	0.355495235446288	0.296867721491658	0.22129567834016	0.350640606363911	0.205287461151627	0.164727105941036	0.366393065584427	0.279123878821545	0.450290978622701	0.831371695487281	0.330889578763909	0.0368835674390415	0.161115293805414	0.231994265360546	0.40926564256259	0.127100013470712	0.133832533968686	0.227891326829148	0.24379766503583	0.0910693365509894	0.637805956483872	0.126565511158468	0.287376609397503	0.279906996874125	0.159359782658877	0.172834183167265	0.224975867295474	0.394725505724906
ENSG00000176681	LRRC37A	0.101679247544799	0.0272559077578771	0.0768963327735793	0.0548150546485978	0.0247788379707944	0.143099033334908	0.104023578632399	0.074702163215334	0.0806451675399546	0.172176283063077	0.142391037211446	0.0514849045140833	0.0109834028856212	0.0120924533565096	0.0808107046821874	0.240764728388755	0.0474958105530625	0.0876483417833078	0.0911175673156626	0.0163093090123961	0.252946020010831	0.0205570892132605	0.109366835999688	0.0564861787764383	0.00845705279776583	0.0108127967883118	0.0693967307741576	0.0647515838033865	0.131090251454862
ENSG00000176692	FOXC2	0.993918346133989	0.467074834322697	0.34281507196407	0.0779348552462748	0.735715864845949	0.181673427430234	0.0732652076371791	0.149306373255334	0.315599528995014	0.78914493783042	0.932845427730741	0.358093700649015	0.363592547499182	0.284849445629521	0.751438984503545	0.712917177369517	0.153223385602095	0.314456332053959	0.142852069586595	0.435930833681104	0.16969790608896	0.802803808240587	0.225121624557255	0.409295916861617	0.407417749071829	0.25706917362176	0.293355754463356	0.18466400795878	0.269067178703626
ENSG00000177946	CENPBD1	2.81924489322758	1.93222630925728	2.88325935074057	2.66623767921184	2.92640431536139	2.98484447704016	2.82671245132775	3.00320998998374	2.72293820016263	2.41409661187476	2.23502356704117	2.36814866811757	1.98266642091872	2.51213928281532	1.49732344085386	1.89452682939874	2.21535746890358	2.02842552374693	2.55309519936265	2.21830077708752	2.49810921394173	2.20784055813727	2.73282842469208	2.50250413470776	2.33767446162992	2.62723770869648	2.54252750301963	2.64479997653224	2.45414390562304
ENSG00000178401	DNAJC22	0.0269022470050938	0.052534982851026	0.0204678778851494	0.0245509664729115	0.0342737782785208	0.0674821256811946	0.0606176857140909	0.0491441147260622	0.045530439935859	0.148664259674389	0.399338278087294	0.117400110628672	0.0387567430708427	0.159520457284186	0.200713954935569	0.193868204553756	0.161358529262149	0.158487285671672	0.185942489470039	0.293131382764901	0.185728936488792	0.189222503344826	0.487868848642154	0.213405252648182	0.403036946431055	0.471257330014128	0.362269715931019	0.380830790540781	0.283387833000001
ENSG00000178773	CPNE7	0.558804895066868	0.549631422288533	0.666969811562434	0.676328185173649	1.74218136723417	2.70046580374337	3.21171245081113	3.12528304397384	3.15545262162526	1.0457876346932	3.33926419797154	3.49941986664068	3.61281552985075	2.99832074887697	1.20246538567464	1.99839514684304	3.18615276234019	2.90037612338626	2.44663282366487	2.80800773695931	1.93866070365275	1.54430073068931	3.03087227382777	2.78606179295027	2.09032335617134	3.43533743106263	2.7792883055353	2.60215492656141	2.57644639266782
ENSG00000181929	PRKAG1	3.38990361755033	3.32937797542863	3.26196644966083	3.15575455972764	3.07063802501286	3.12734628884378	3.21296031822615	3.07371871091691	3.50871480563655	3.2791373518943	3.41746982856506	3.41405773693884	3.58955113486198	3.2732849240917	2.69610717808653	3.32794778695851	3.82559907695887	3.94466693941106	3.6003008379155	3.46586490871345	3.52784916877056	3.11592581642152	3.51988025873152	3.20972632925978	3.25059392278197	3.5539055807991	3.3368406470368	3.57457788704282	3.60941275439359
ENSG00000182871	COL18A1	2.39974199452687	2.03732436715507	1.44840924608793	1.18997337927809	2.23536276578187	1.70852294167725	1.56496531373627	1.81817711515113	2.01102742220779	2.6983044049734	5.09082114659157	2.4791938221081	1.92555933499909	2.38780971596919	3.44710865955788	3.07951086523314	1.47534380473373	1.35006649342611	1.29023335860975	2.25817139445907	1.21203779043499	2.88526769869675	1.9670696332502	1.9950546189124	1.945143066955	2.38779160371687	1.90511179250932	2.14327120461263	1.54908449869324
ENSG00000185324	CDK10	2.34286514822789	2.46913780982328	1.9903539295553	2.13355001346975	2.68629774364469	3.19223545799148	3.64524137246543	2.98550024749564	2.37948895648958	2.48339587823372	2.91685012161125	2.96057866525523	3.07883343540128	2.20978787100752	2.33548480092649	2.64114112809302	2.83286544136078	2.71845879823808	2.24578679692648	2.55197422094506	2.39757666233406	2.75104305512923	2.76866728713847	2.07686373610673	2.54879159810978	3.12581522760482	2.81324749750558	2.76810431130986	3.07646634266166
ENSG00000185829	ARL17A	0.15068271005721	0.342653753548877	0.282488349872632	0.276767272151848	0.221089791565109	0.234783982514407	0.270144491917602	0.133307326130418	0.263401893052553	0.252856961853803	0.174778628055722	0.324448746177048	0.10874278105311	0.121171762604197	0.149495962592511	0.129059970402093	0.09913028570147	0.12687054074354	0.195513593229608	0.188074382753592	0.318876789096496	0.467030288459843	0.2632167890857	0.217337600304985	0.138740775481216	0.0539966263697161	0.603469540883086	0.207775484892405	0.0841236075887394
ENSG00000186564	FOXD2	0.446004980076276	0.254750263039056	0.0900341782467982	0.0237297933297847	0.153673774130935	0.0321595017951687	0.0236099725230157	0.0128815284684808	0.0458703084120176	0.0708006306697151	0.263479534830442	0.0676796871934061	0.0626915320581689	0.0360775747875467	0.138368380915645	0.148723126559253	0.0429009775946649	0.0560512077673423	0.0403151833385495	0.0752161722023264	0.0184842086322013	0.115665590931585	0.0423127277711345	0.0629447170414432	0.0636501837608687	0.0568593585320172	0.0463446006955854	0.058700144396675	0.0746006066469432
ENSG00000186866	POFUT2	1.83494762315043	1.90573841662361	1.63711906596997	1.51879081714725	1.90904262896199	2.10933745637114	1.79260107882807	1.95516296595352	1.78392680717736	1.68815412862134	2.41079026673892	1.70881958113641	1.49152423327282	1.47867700449974	1.43588094509374	1.76178742955298	1.37665131514587	1.26459356330721	1.02665807053066	1.63232689068421	1.38046199707547	1.57611704297417	1.64813045792528	1.30502760624727	1.68622053089771	1.71233435322598	1.79541153443151	1.82823529631991	1.36458754318766
ENSG00000186868	MAPT	5.32485768515056	5.53103196833832	5.6724253419715	5.66171363027969	5.67195449405246	5.6724253419715	5.6724253419715	5.6724253419715	5.6724253419715	5.25101102881497	5.63935708626829	5.64144759228382	5.6724253419715	5.6724253419715	4.53132040648887	5.38397970336453	5.14893420827078	5.56773745699505	5.61781288861196	5.6724253419715	5.6724253419715	5.30755859204389	5.6724253419715	5.6724253419715	5.65939912511775	5.6724253419715	5.67208669896135	5.6724253419715	5.51191345641238
ENSG00000187123	LYPD6	2.05979434918475	1.87990095572406	1.21109263824055	1.18876915146814	1.57362149907483	1.460704579064	1.2159767803586	1.50451119766213	1.78015466750753	2.01880407544878	1.92726742039233	2.50068951262743	1.86370860167743	2.16245073253681	1.26367751365498	1.99266190738547	2.07238773724859	2.1000991884618	1.80188040331169	1.85911557490432	1.83874007598578	2.01890160359124	1.97607414202057	1.90103122776031	1.99402118150358	1.78048589525697	1.93934772986862	1.99123167637198	1.67029522421519
ENSG00000187741	FANCA	1.99699315206499	2.90486562617701	1.48645574964162	1.73069453720906	1.92686835953112	2.15994884836871	1.95523612568761	1.82599499106196	1.65488322833444	1.59050616919197	1.63846505983288	1.39085039556879	1.1394444055961	1.30732903811048	1.24494827710303	1.28608141694638	1.31214666504451	0.979884228262231	1.0975400373277	1.60008596293406	1.3765492748591	1.46416812330297	1.62659622159664	0.903581948325194	1.42804397372766	1.87328193263582	1.85107909892852	1.92219962222408	1.35281404007075
ENSG00000198211	TUBB3	5.6724253419715	5.6724253419715	5.6724253419715	5.6724253419715	5.6724253419715	5.6724253419715	5.6724253419715	5.6724253419715	5.6724253419715	5.6724253419715	5.6724253419715	5.6724253419715	5.6724253419715	5.6724253419715	4.68656537442579	5.61109642219073	5.6724253419715	5.66788022478858	5.62137971540311	5.65037767187023	5.6724253419715	5.33065773820633	5.61911270815107	5.6724253419715	5.66388896795325	5.6724253419715	5.6219498272571	5.37332532100344	5.62542394314552
ENSG00000198369	SPRED2	3.16413103575852	3.60170048860072	2.90026385033944	2.89986128789854	3.10697631018047	3.13999935799664	2.4384308504216	3.53551615179089	3.35356757813585	3.36587801434049	3.29804080436915	3.64774941683726	3.27428166876293	4.15606891010982	2.43706514137457	3.5454688250175	2.64158023273495	3.45950186423447	3.73118817188141	3.77852101793534	3.8831444007923	2.99296345872973	3.58614728288896	3.7996669109948	3.50597660922758	3.27994720679932	3.35129521639625	3.49914439647103	2.94345708803926
ENSG00000204291	COL15A1	0.713436840438647	0.629512772523311	0.732770065791125	0.719230153670504	1.53617860640183	0.869231825989588	0.767577079691232	0.730699579904489	1.53225210553367	0.496985794999871	2.15202951575076	1.632660440217	1.00419956136147	1.31253562007089	0.354198339066431	0.462838245808751	0.343912574623128	0.312592045247791	0.150317365857662	0.496946730150963	0.309711074981991	0.334214324989665	0.430348327463009	0.404378191164285	0.326473824224903	0.534087017599498	0.502687562433239	0.533751523001924	0.22069671842985
ENSG00000204991	SPIRE2	2.44943388864124	2.77413457408883	3.02088523432574	3.12222354049063	3.38205828060216	3.88176834790483	3.98884198036941	3.61936255407263	3.09395012564553	2.27145913142065	3.36511439257303	3.10651968427366	3.07181023414016	2.83242981269855	1.8642711524148	2.34656897283042	2.60964646489021	2.33273533369193	2.3788193378099	3.0024808090631	2.52441030465458	2.59295714469098	3.09350652820918	2.51824347406522	2.62923780660964	3.38869014893548	3.08708129628687	2.91245047228558	2.98316196196996
ENSG00000205221	VIT	0.220380355946312	0.120334712875009	0.10700746092695	0.0454896800095001	0.0333836548239035	0.10195264367821	0.0341525604599138	0.187539931444184	0.0790646936632195	0.13415242528771	0.205349948232054	0.649309753563776	1.06366498000919	1.02960973353547	0.37763475908797	0.533300217898145	1.10200376556032	0.88368645037022	0.744032530548483	0.639290546736581	0.852610912902068	0.329618707641086	0.606275023897181	0.642655395182649	0.67577501807955	0.603686974311432	0.487147931273374	0.745178369570511	0.480049276852622
ENSG00000221819	C16orf3	0.0341381263843768	0.154524000274685	0.0937243961216585	0.123561284031011	0.527982061270913	0.788007406535594	0.958700672347292	0.492188786502385	0.080690802664353	0.531387684306469	0.839052063329326	0.481361487963188	0.154868340637299	0.238675274743895	0.82406072395678	0.507184416891094	0.178317785900926	0.143005252226136	0.151858912700984	0.670560691026137	0.213126915850997	0.734271173028513	0.423468081803281	0.118181127327884	0.388264476660699	0.321545882308279	0.577038790902937	1.20837267954287	0.292700213514096
ENSG00000225190	PLEKHM1	1.54416534849714	1.56836962433975	1.65329345708324	1.75714588240785	2.04283279116254	2.14151337232733	1.99335334060106	2.01302624901188	1.79084855110585	2.035878274269	2.19103496421772	2.10438986107695	1.77270541840119	2.28414042961268	1.94116578346978	2.5199407212091	1.69119052954027	2.03789963485753	1.8390901404748	2.57898337840997	2.1752031575573	2.25146956779618	2.61574736323207	2.30006332849748	2.46524844525072	2.70636214666453	2.42523654523334	2.35103677747877	1.91518673781705
ENSG00000228474	OST4	5.6724253419715	5.6724253419715	5.6724253419715	5.6724253419715	5.65917772070791	5.6724253419715	5.6724253419715	5.66483410789658	5.6724253419715	5.6724253419715	5.6724253419715	5.6724253419715	5.53921323286	5.45054108050129	5.65362387808633	5.60136939528109	5.6724253419715	5.64207188069551	5.36299413491692	5.55518207711264	5.5160441016716	5.6724253419715	5.57219410736468	5.08323187438846	5.52927490193216	5.57427273269882	5.41848233181945	5.15579036082924	5.56876613764353
ENSG00000228696	ARL17B	0.047709632307316	0.0439005019019526	0.0334115247462506	0.0413926314688966	0.036519987880084	0.040282005526725	0.0538919148039131	0.0243684416143696	0.0446477002616131	0.000451351671336857	0.0154996396251575	0.0473924236449741	0	0.0364400549436817	0.033611627321934	0.0172028080368805	0.0295469642785154	0.0302889801476074	0.051717030814186	0.0452077498587549	0.00387149531691228	0.0234156897441499	0.100117685422078	0.0512465519216129	0.0156595849071146	0.0544661124085342	0.0136680359720055	0.0671505575898416	0.0311630869686701
ENSG00000238083	LRRC37A2	0.239568449392718	0.814112829290399	0.435771709698554	0.592119746693224	0.391878414538371	0.538514972357707	0.450045548567113	0.410744327847678	0.559062962176122	0.426156787940266	0.555329398940176	0.615950828226986	0.27489305400934	0.295164451608324	0.265377637602698	0.461235706013206	0.21732866481139	0.332919841859881	0.364578705955471	0.37901462281101	0.634335788742659	0.793504549694215	0.649740490957026	0.658341437444152	0.316364568207472	0.114082227055975	1.15391040671794	0.446888921346804	0.308074973682106
ENSG00000240694	PNMA2	5.39613867071923	5.53268700609287	5.41021249209603	5.24159929625966	5.45145299325346	5.50886230536293	4.90411392636546	5.55654673759145	5.63404961332187	4.2857764454242	5.39234692855081	5.29741441844912	5.43545353537291	5.5674162573841	2.44687305004411	4.01910314798288	5.11444540393246	5.54241671745949	5.53438822941311	5.36442891445351	5.30255949918434	4.42547891415029	5.56829123433392	5.57423246263255	5.36545114794641	5.62625176282598	5.62733828376821	5.55874414223314	5.53066258799506
ENSG00000258839	MC1R	1.03186322475282	1.09452819932406	1.21996570274595	1.25909255520829	1.73496347714457	2.1816696210581	2.4083440964232	1.90286181550622	1.42717284628271	0.946395666983602	1.80297694999046	1.39482956542172	1.94781201932679	0.867863110853779	0.818110220768145	1.0654959281363	0.892420983278789	0.703769948018906	0.711777933116999	1.05883221493129	0.744624639515567	0.815760990709617	1.13147360186306	0.642990699914616	0.984457880714125	1.43801942299575	1.20758910727478	1.19655520458776	1.19253296576556
