ensg	symbol	8_pcw	9_pcw	12_pcw	13_pcw	16_pcw	17_pcw	19_pcw	21_pcw	24_pcw	26_pcw	37_pcw	4_mos	10_mos	1_yrs	2_yrs	3_yrs	4_yrs	8_yrs	11_yrs	13_yrs	15_yrs	18_yrs	19_yrs	21_yrs	23_yrs	30_yrs	36_yrs	37_yrs	40_yrs
ENSG00000003249	DBNDD1	-0.678663916232522	-0.433679204469809	-0.185173820371835	-0.330314949709256	0.135525525356836	0.206781626726246	0.411633026185304	0.0767966048662366	0.460306720853173	-0.860582812548087	-0.177292105036024	-0.183176030171666	0.243173151363767	0.15898117547215	-0.945133840142879	-0.149843282330135	-0.00109749052170205	0.263927086413098	-0.0374161623782479	0.634697368315706	-0.174963401778905	-0.0767597424651727	0.511514990522573	-0.138079558906948	-0.0943819236646922	0.807439716622791	0.230116663473591	0.0734531463067343	0.170953643580915
ENSG00000004864	SLC25A13	0.953916044220786	0.29137144881905	-0.174230647018562	-0.277160178883255	0.0814974452626162	0.110161383613304	-0.426274182604594	0.149858075530553	0.314528751004119	0.172660059993123	-0.213758463406551	-0.000451603052492245	-0.584617318959242	-0.165598433117079	-0.575275747865859	-0.0322663214809938	-0.106073761483251	-0.230047931596615	0.0310796029705061	-0.00185963292859853	-0.0275915729731559	0.158096358227361	0.234065443288519	0.168469765425413	0.510327590390187	0.0720457802785219	-0.0190527795879128	0.502075787574495	-0.360755664451418
ENSG00000006377	DLX6	0.725016876126189	0.417889423203905	0.067777085333363	-0.00655986964037787	0.165237212583086	0.355847527230594	0.548852804569621	0.0778670148883674	0.197151631782441	-0.445360667640059	0.140272308715124	0.245167501666478	-0.228189424633791	-0.0275442672201643	-0.813422576401976	-0.576033466586759	0.0151249899144402	0.0233078458375539	-0.0412687671765143	-0.11530419103112	-0.188715985260087	-0.371995924177847	-0.11557814530702	-0.132887394487756	-0.231984265394774	-0.188518352563883	-0.192583785734288	-0.103519728068974	-0.0294604426219756
ENSG00000044524	EPHA3	1.63909895727757	1.5519715120589	0.80076013900993	1.03762461762148	1.9890902147569	1.55541924126923	0.614316405772852	1.15734548088369	1.52347049064754	-0.149384082277568	-0.787542032933849	-0.560443705456276	-0.658274620788032	-0.0240233378159174	-1.59201527086454	-1.24278549481733	-1.24662642047225	-0.867615293792601	-0.628220991793959	-1.03486951222505	-0.690852677739782	-1.47475791122068	-0.861556059984275	-0.737197435523474	-1.12346935945242	-1.12530357750557	-1.01846188090042	-0.799407733683956	-1.12530489781184
ENSG00000073969	NSF	-0.867256063299814	-0.864951212769077	-0.0229721305531507	-0.53734725426309	-0.736277248662182	-0.919235703424338	-1.28789996963384	-0.534079756022329	-0.0431186362196871	-1.06866093228443	-0.111485920736695	0.411173103938378	0.745609875609909	0.809073385842785	-2.44180172108415	-0.558425054482179	0.756509981076235	0.809073385842785	0.809073385842785	0.737770500705894	0.809073385842785	-0.488784638106247	0.809073385842785	0.809073385842785	0.665757277000145	0.809073385842785	0.809073385842785	0.809073385842785	0.781676884556835
ENSG00000084693	AGBL5	0.764656927424685	0.688112311065406	0.324611692813673	0.262349123435199	0.451665546606297	0.522574623109724	0.434022687926703	0.243814960043207	0.469619808623806	-0.183615055217981	0.35141389905187	-0.0716230551056633	-0.394168813332415	-0.553755306007984	-0.759955374432058	-0.343371910501554	0.257603157315259	-0.0463499140303506	-0.415782299479494	-0.468728028640883	-0.577446138917123	-0.346862358312542	-0.371738820579106	-0.647009211764289	-0.514098478919016	-0.313901734985962	-0.391063833894918	-0.327270466488097	-0.12371118033099
ENSG00000084764	MAPRE3	-0.980897761177718	-1.22891541574881	-0.188395063958001	-0.127990334272227	-0.114512170278146	0.0464272938160111	0.264257602317722	0.179939397473099	0.112361031788486	-0.654474921056221	-0.199152969185105	0.183819255818176	0.343572640573073	0.356089179054078	-1.23546228255084	-0.130162831684905	0.302312008748948	0.358965134624509	0.324260764784896	0.338486102766708	0.362163908937939	-0.339935500939407	0.340433231762796	0.323186703916374	0.190261844047782	0.362163908937939	0.326797597561391	0.270436570086811	0.330322424181522
ENSG00000092964	DPYSL2	0.0077724924447713	0.0077724924447713	0.0077724924447713	0.0077724924447713	0.0077724924447713	0.0077724924447713	0.0077724924447713	0.0077724924447713	0.0077724924447713	0.0077724924447713	0.0077724924447713	-0.00123675683552306	0.0077724924447713	0.0077724924447713	-0.262801729958057	0.0077724924447713	0.0077724924447713	-0.00819416121054515	0.0077724924447713	0.0077724924447713	0.0077724924447713	0.0077724924447713	0.0077724924447713	0.0077724924447713	0.0077724924447713	0.0077724924447713	0.0077724924447713	0.0077724924447713	0.0077724924447713
ENSG00000100575	TIMM9	0.595443576846046	0.375063434094026	0.443457160535301	0.345625202469287	0.0493186551597582	0.193542477793727	0.418695267855853	0.0369129942523732	0.222502410720209	-0.0721090160655595	0.318238143486405	-0.0942831589902621	-0.322910243504935	-0.458276602644238	-0.734652353624685	-0.442319340910755	0.880222655918426	-0.123922500363198	0.023388891492097	-0.49631136620053	0.0945375124733535	-0.294256062993173	-0.399494609378511	-0.266219921044192	-0.30533771682181	-0.588572668400343	-0.416792520262527	-0.183431535555153	0.471030504065446
ENSG00000100592	DAAM1	0.64137727613097	0.6711875020386	1.26722566262243	1.03451914463677	1.20650092281839	1.24489736983346	1.06485780047367	1.52762449859156	1.1227806913288	-0.502236528384059	-0.200578483195154	-0.301843079227174	-0.277629414709268	-0.147782658304214	-1.4923760428477	-1.23238059332859	-1.27138765842545	-1.04142509262856	-0.766938064335202	-1.00236333342152	-0.197848591419612	-1.13476925145452	-1.00352830692615	-0.50079201953122	-0.780003809090871	-1.28707535143458	-0.758627076082131	-0.682777238316561	-0.836555689595871
ENSG00000103264	FBXO31	-0.410162821035756	-0.489157178075543	-0.110496219243188	-0.15220843862818	0.0765120934017957	0.162086448335821	-0.0126997404657747	0.236151034833729	-0.0518897372178476	-0.78038582081154	0.158011169028378	0.0145532829558732	0.311604768014809	0.33799418208065	-1.04130719448462	-0.456404165169317	-0.544748217609453	0.0159140536772076	0.350718982980525	0.227103616288916	0.282853679357509	-0.643851924431056	0.596560128498542	0.509756370323272	0.00814531590164504	0.728505818871637	0.145931778351292	0.127854615414826	0.0392199492731
ENSG00000104415	WISP1	0.0770263321891892	0.0856608343563964	-0.0701918993290995	-0.107624086058465	0.0832281063981468	-0.0849805662941899	-0.125355450557422	-0.100788660180559	-0.00335392283744088	-0.133847017371677	0.760568382028332	-0.0228938633007208	-0.0873546737386001	0.00379418287152257	-0.0816624652193082	-0.10620372252725	-0.103481482510318	0.0385993036858621	-0.0974041340859217	0.0228420081350566	0.00712091530703687	-0.0996660977927683	-0.000912728315700901	0.0556054529387652	0.0207428356361545	0.000438234205788132	0.0235243778285492	0.0759932468138904	-0.0479572930841668
ENSG00000108379	WNT3	0.217009291280995	0.0911080809885031	0.111419869294218	0.142356266561536	0.598759915836993	0.870450265390478	0.237970164880177	0.750535696217609	0.331166783435388	-0.746711597455411	-0.0377440241808026	-0.0325169061555048	-0.145487337988797	0.0249940245957091	-1.04106062408227	-0.654019891425352	-0.514263641591878	-0.258030582405878	-0.505074848937877	-0.186074107936472	-0.379368325878429	-0.735811221229352	0.082460042158565	0.0818228911549222	-0.384680492227273	0.259698222640156	0.0860127450996019	-0.0696671918126966	-0.336581461022576
ENSG00000115808	STRN	-0.0512890543343353	0.246845238398318	-0.0152627927615394	-0.432629563948652	-0.406049151441939	-0.54924602720975	-0.991937537494144	-0.1653947250697	-0.216732057062791	0.2792681484361	-0.45770505155971	0.160336799339028	-0.153748048417953	0.760978376695808	-0.643035075774387	0.1024105622728	-0.274098287517124	0.0799150539661099	0.798075111145795	0.32149322199382	0.889014488388568	-0.257672719546131	0.235716262402688	1.15915786762802	0.786030346965718	-0.211486581740742	0.0588776447252297	0.439495983651932	-0.0519054750849923
ENSG00000115828	QPCT	-0.147411006461127	-0.597228910127994	-0.29307177817308	-0.526615095434395	-0.424088416115831	-0.585450510809072	-0.512386267326765	0.16592781011033	0.424321200785156	-0.258832083154742	0.987189416535226	0.505486444164002	0.441863216761557	0.412554206067302	-0.709702477893031	-0.110692976489918	0.466826263388663	0.438026736943198	0.462100648964451	-0.400126857018457	0.0625857428393132	-0.84893318754482	0.368620804997274	0.325263566636239	-0.303171572328057	0.339610754959181	0.0611685719784396	0.109843784196489	1.0218008875555
ENSG00000119514	GALNT12	0.296026880148282	0.0170698608375462	-0.166981924139172	-0.218831776156375	-0.0644844915048741	0.0887946151570916	-0.0234625985713105	0.0617159916434939	-0.210301157314313	-0.224149281051854	0.214606861164471	-0.0457322188325909	-0.0018989504021566	-0.13626804708529	-0.0825310887061064	-0.0593134182865391	0.130564088547958	-0.080303054387397	-0.0269319240606639	0.0416325349969021	0.365821179175796	0.106984788671047	0.0333500930367778	0.0382485088274516	-0.0216056339823595	0.0988718291564609	0.207461622767768	0.38224177817278	0.130125672325869
ENSG00000119777	TMEM214	-0.339664107518533	-0.061218220940412	-0.706610048972916	-0.585285739838876	-0.27267087941714	-0.359357202795833	-0.556175788321764	-0.395576540370891	-0.0222510095681126	-0.174095833133336	0.537687008947245	0.108093318690721	-0.13812811495111	0.169456581477421	-0.328523879352126	0.317388586456932	-0.176957452005004	0.126918723133735	0.279606332183527	0.631061162704969	0.103288828752538	0.109197644630389	0.774546555084668	0.307548975470069	0.357493724187441	0.911559015245786	0.557341386138959	0.680064955606392	-0.0293412471903042
ENSG00000120071	KANSL1	0.487470765544323	1.35724291724426	0.726297131651419	0.897406749725434	0.752350719219446	0.587263394951314	-0.164663336969347	0.581475104699853	0.582996639158421	-0.419885190150396	0.136696590699944	-0.464404304435864	-0.832840949081919	-0.361864802780721	-1.36245101951732	-0.825294508361436	-1.35514902027807	-0.859592220082856	-0.712041397290264	-0.120471183182131	-0.208701058369441	-0.884478373348768	-0.112721106824402	-0.420372664763289	-0.354966760332161	-0.199108251950052	0.0503510258473899	-0.0199439293123411	-0.931312418741201
ENSG00000120088	CRHR1	-0.954682969692011	-0.594627991558575	-0.593107464762522	-0.6750474622325	-0.0889891420472499	0.0770940188772263	-0.139185430522201	-0.217264702682331	-0.132765297558298	-0.682410637577083	0.334976478095857	0.591139500652962	0.634708646976054	0.69760822543546	-1.00767704780708	-0.0713250585618228	0.224874193797974	0.108321436932596	0.377321236381533	0.545800378041444	0.385638661304632	-0.226857432168325	0.777186338239915	0.109137482899695	-0.144510951293047	0.937812001630577	0.733962122388117	0.429725421434302	-0.049077906347178
ENSG00000123243	ITIH5	-0.502564937583597	-0.411804241661831	-0.658287558789418	-0.893347249190193	-0.171168412854627	-0.695460542517632	-0.946248604729189	-0.360030021146392	-0.113908309029004	0.709490384774726	2.42435830334164	0.694016525566774	-0.132719252829776	0.374310282587628	0.531824299520149	1.08404531296488	-0.674063472210891	-0.497821100617013	-0.260772525577954	0.283779444041978	-0.24477874889802	0.973429636180467	0.190712713631571	0.142904737933825	0.345846251472347	0.357342051875708	0.176566592897696	0.0593622533936034	-0.0407657405615855
ENSG00000123352	SPATS2	0.691549378372563	0.765864042002774	0.779635312745618	0.762207309107988	0.512642595851546	0.429211211915354	0.161528633070599	0.390335518752238	0.423515937445813	-0.599543628408803	-0.366023060786632	-0.236083192108469	0.263736332823356	0.0586863691651954	-1.77700976945774	-1.0733579683641	-0.493417634582607	-0.226647148984512	0.0109167242332056	-0.471705180360179	0.0662771307091939	-1.27522778535372	-0.168990228207686	-0.230022537299473	-0.720671311659352	-0.371520209381702	-0.251480201945702	-0.185657995463244	-0.49771745584025
ENSG00000123416	TUBA1B	0.00313090299544516	0.00313090299544516	0.00313090299544516	0.00313090299544516	0.00313090299544516	0.00313090299544516	0.00313090299544516	0.00313090299544516	0.00313090299544516	0.00313090299544516	0.00313090299544516	0.00313090299544516	-0.0202297052650953	0.00313090299544516	-0.11411802092188	0.00313090299544516	0.00313090299544516	0.00313090299544516	0.00313090299544516	0.00313090299544516	0.00313090299544516	0.00313090299544516	0.00313090299544516	0.00313090299544516	0.00313090299544516	0.00313090299544516	0.00313090299544516	0.00313090299544516	0.00313090299544516
ENSG00000127922	SHFM1	0.728566660227276	-0.182124439609228	-0.452965575547709	-0.153619709785907	-0.0825864934667697	0.525363996838873	1.02536045772564	0.248215877531405	-0.0740485634404889	0.386401565551113	-0.0151972430450071	0.250216404291648	-0.0266702280669872	-0.253558983776573	0.406807248265938	0.0882442783902844	1.00359358027698	-0.322220001533356	-0.22819743164983	-0.246624074489695	0.148335730312745	0.358574291184601	-0.241689016059351	-0.620708294376341	0.19554479592183	-0.104230723161062	-0.158105480008317	-0.265036487231451	0.686468732450748
ENSG00000131165	CHMP1A	0.382137194819132	-0.078824691789883	0.25764556185557	0.133807878466031	0.377611504338623	0.194075360067367	0.558504539996001	0.327948454692352	0.434448615189864	-0.470573386580179	0.583409075272037	0.210875471143558	0.0885010722231343	-0.115715732200211	-0.651255493207439	-0.142564985126222	-0.177662048906135	-0.194636102078657	-0.0581468073518404	-0.175857607416873	-0.627134408872657	-0.607238337278527	-0.103555945783728	-0.425459516447539	-0.340665672376252	0.139754020252525	-0.469661165391438	-0.714513877706118	-0.643662861846899
ENSG00000135451	TROAP	1.82386839672595	2.78990923390965	0.0489151413332521	0.392522611336453	0.389395639226437	0.377923878387448	0.0859183090133114	-0.027995427602147	0.201428562475036	0.0480844462814203	0.190960228066805	-0.192109284841347	-0.381578811581663	-0.410520848697037	-0.45879680103865	-0.411601601163871	-0.443592035352625	-0.425624674918497	-0.451351672629262	-0.448505969858497	-0.453439883095871	-0.436144241696591	-0.456150514677465	-0.45557004732109	-0.454239958661831	-0.446500163234587	-0.453490116543115	-0.443034626346285	-0.46227246417449
ENSG00000137801	THBS1	-0.607107151781739	-0.154683394582842	-0.0314134200733828	0.520387691358932	1.62294517758911	1.38884263587464	0.552013652713993	1.88175160809134	1.83381563396715	-0.111291443076571	2.45031787044682	0.522470754099657	0.244316628331264	0.384534048662235	-1.24427764562451	-0.854243015299713	-1.04753726045407	-0.851738987037686	-0.894842879374684	-0.633035602149122	-0.671545933205339	-1.23680762410118	-0.968841877653659	-0.920270644848998	-0.977905826657315	-1.21063075493539	-1.18322914819037	-0.84063429233842	-1.01887926791874
ENSG00000138028	CGREF1	-1.24781102180128	-1.34427377587038	-0.717026962570469	-0.684038398800665	-0.410141748508947	0.00175754863895615	0.192317586140856	0.157992314771074	-0.184918686937202	-0.764552117373235	0.100247610893691	0.568925220088186	0.942550735770887	0.550812950120723	-0.920647235509029	-0.130585465973985	0.761214760078027	0.618378358170703	0.717068572174879	0.626476863400095	0.557669939034892	-0.244994576632018	0.717889939855794	0.203458516789205	0.00172316797093184	1.00836082272486	0.362470738983379	0.358168774764363	0.651779449625886
ENSG00000138030	KHK	-0.610922054822584	-0.800272462840357	-0.349967846590279	-0.233187386096378	-0.0648876436652193	0.199774854669411	0.497299226958153	0.190606590321956	0.0949541185786293	-0.637846324765408	0.125091576994755	0.190367633056352	0.786589698631093	0.109065970621167	-0.869648984671435	-0.344181928535892	0.600910909930474	0.222781750489873	0.381112969550716	0.172399285050409	0.153669051620316	-0.372088521816962	0.355123357128871	0.100874792873665	-0.044922977169446	0.684790606842522	0.117650702054135	-0.013933665271253	0.504122355388366
ENSG00000138073	PREB	0.177673556226165	-0.0618385184837753	-0.105234758526521	-0.178276519543464	-0.0360852600447097	0.040840317635585	-0.0228807467280171	-0.1880680104305	0.0683718153871873	0.00311498940836804	0.0176974757017415	0.168730514835934	0.0855662516261481	-0.123772781333402	-0.488542376427078	0.246376349997833	0.502798011305921	0.132226949190151	-0.0362707725224874	0.0451423952133128	-0.123690840921618	-0.316091033745415	0.254580508390356	-0.27211768652466	-0.188660994421219	0.345337529101227	0.0897520200279263	0.117490167467188	-0.0386144990294544
ENSG00000138080	EMILIN1	0.457235958143949	-0.3533044779517	-0.323062261762002	-0.391669456373249	-0.0171626025120693	-0.156795202319477	0.132625231150346	-0.0277428879397088	-0.168338273923976	0.374680921814052	1.58880308075509	0.444318670921982	-0.371644371069554	-0.124292561008217	1.31577229975264	0.817041846495567	-0.485586731697439	-0.474885056892636	-0.684824601984453	0.0316590931660016	-0.662478056725549	0.960377660944266	-0.115374043191924	-0.140960864945964	0.15484132108086	0.00540934064276434	-0.416129881029437	-0.411916628834739	-0.500259845269892
ENSG00000138081	FBXO11	0.423310234157941	0.570641260570427	0.75769060836713	0.567445370327259	0.284003952451529	0.244968732507102	-0.218562991959635	0.466435108282573	0.361659276237429	-0.222205064129707	-0.357097379050162	-0.102332913201122	-0.683028958319525	0.166832238107108	-1.64317943858365	-0.789666021080751	-0.258286574224026	-0.431701368873217	0.07602669633875	-0.416176151931587	0.46124849374325	-0.957582507885544	-0.239361158377077	0.21822149060312	-0.246927054018824	-0.560538554434591	-0.113049852846071	0.0307794095916308	-0.0857486884323666
ENSG00000139549	DHH	-0.0310274248887341	-0.117937942578169	-0.0943632207779193	-0.104296996933729	-0.0172430916737714	-0.017280015033439	-0.0300065187726165	0.0130707404185169	0.00340372540471645	0.113384262450998	0.200221314154995	0.0850108654365999	-0.0315740196608641	0.00446054866765006	0.156919470760752	0.180117907735148	0.0304108292974217	-0.011479384095129	-0.0530908643913224	-0.0329805622810657	0.073883551312161	-0.00351671637287338	-0.0259771252131776	0.0308378820094241	0.0234167214363034	0.0577111580704442	0.000537370890989971	-0.020141606986516	-0.0354148011616844
ENSG00000139636	LMBR1L	0.184749777090112	0.378423873225392	0.824988963516891	0.772761944851588	0.980212078883022	1.01944261361636	1.17173585259601	0.646704953529579	0.817302318542636	-0.560335055638613	0.641177841992633	-0.216856655159766	-0.23404954784557	-0.551676779121784	-1.10712612965444	-0.723356833644582	-0.50105397404853	-0.794778463175464	-1.03316444676515	-0.547612829684975	-0.742127338068826	-1.00018868055527	-0.398827738427837	-1.22821219993221	-0.884373951153319	-0.289565491037102	-0.237510005938544	-0.213553538102232	-0.914148713417747
ENSG00000139644	TMBIM6	0.0392272494246964	0.0392272494246964	0.0392272494246964	0.0150899288820937	-0.0185244784043205	-0.169560939525778	-0.568426618658261	-0.111022857818764	0.0392272494246964	0.0392272494246964	0.0392272494246964	0.0380758278309613	0.016567399150734	0.0250886625352812	-0.00681193076585895	0.0392272494246964	-0.0123403397541861	0.0200717189339239	0.0392272494246964	0.0392272494246964	0.0392272494246964	0.0392272494246964	0.0392272494246964	0.0392272494246964	0.0392272494246964	0.0392272494246964	-0.0456039800255634	0.0392272494246964	-0.0801396634040312
ENSG00000139970	RTN1	0.0771122833204441	0.0977729058701085	0.132446809680264	0.132446809680264	0.132446809680264	0.132446809680264	0.132446809680264	0.132446809680264	0.132446809680264	-0.760984768777615	0.0391138811571877	0.0690272870744202	0.132446809680264	0.132446809680264	-2.48979225923782	-0.598647864033671	0.132446809680264	0.132446809680264	0.132446809680264	0.0477669102031907	0.132446809680264	-0.498284432464637	0.132446809680264	0.132446809680264	0.0141186522390168	0.132446809680264	0.132446809680264	0.132446809680264	0.132446809680264
ENSG00000140995	DEF8	-0.804448199073513	-0.960053491236794	-0.535850547805498	-0.578805094901666	-0.217103157457256	0.191837175479052	0.0922444910541473	0.0683132217410332	-0.061693632800183	-0.412433726154261	0.148474670094482	0.451152307205401	0.408885336531948	0.266914992174593	-0.529371799238141	0.133757999735895	0.502347052097762	0.179482471579125	-0.0179135189810065	0.408650618087289	0.133920376195167	-0.0733716927889874	0.606242505255835	-0.0377449655377763	0.129738445663465	0.870172899761638	0.433936456672651	0.405405570342135	0.352103599757419
ENSG00000141002	TCF25	-0.0279516940264757	-0.0784452862216758	-0.181938701990721	0.0916839273134187	0.141489797263894	0.202887810230376	0.310154154187021	0.178903633983381	0.100065772818363	-0.531626442633398	0.116429396576291	0.0023021039191457	0.497968075264334	0.130607584273728	-0.933640194504214	-0.48343746000658	0.142496779289496	-0.100816226861591	-0.0354936611028061	0.0700045041114756	-0.0441022255320973	-0.399256778387177	0.397188530599524	-0.00358394425963915	-0.01344141113545	0.531585056068794	0.0157929360451016	-0.0997750175867242	0.00344224029712651
ENSG00000141013	GAS8	-0.419654296967273	-0.0341696126911526	-0.484442679733352	-0.48314942167709	0.0492741750721507	0.475615061393219	0.433755664581533	0.241375893667338	-0.255070116496839	0.017329730578336	0.490103112654712	0.155533821104312	-0.27480043531267	-0.377824375964677	-0.292790675487754	0.106792078743204	-0.331964585382666	-0.157308082398898	-0.630730598603049	0.58859768718653	-0.332886545277222	0.420518034875579	0.233369294394383	-0.442639925328154	0.0854279919256411	0.626979448942049	0.436163342567117	0.739497052043715	0.46215414815625
ENSG00000143995	MEIS1	0.894655118802446	0.841017831507073	-0.213521037208916	-0.00461059346216151	0.125806441703775	0.28287193887234	-0.148206025001142	0.324242271751908	0.0695564346324594	-0.130051297764742	-0.0845229638235625	-0.00655652541999595	-0.254070289009058	-0.280067533380152	-0.173630117822521	0.156129923126405	-0.126441626551803	-0.267094903017343	-0.23068570515455	0.0621735693529164	0.336275915567536	0.015220261582612	-0.152467085949734	-0.243313292101504	0.177150775879127	-0.323428556951302	-0.252188104806115	0.0656360330846188	-0.408128288056848
ENSG00000149256	TENM4	0.556659951817616	1.25448039563201	0.211595290474621	0.58894557613348	1.39648998839103	0.987715320453094	0.508892248368445	0.931456588985639	0.767910858911982	-0.396284971181812	-0.325974623978534	-0.322414991365461	-1.0760441127765	0.387618237956197	-1.55232409869503	-1.08035081733151	-1.32300073814409	-0.897475823899469	-0.754634405399869	-0.364556277796691	-0.371797393369071	-1.22275392343446	-0.021229612576441	-0.191602762710062	-0.556874766523912	-0.136617462044128	0.172054650137164	-0.0252612713741208	-0.934433019782231
ENSG00000150556	LYPD6B	-0.5184642218661	-0.617782955365644	-0.197098133660988	-0.171096943560733	0.0829039340767037	0.197350118140228	0.454953160016028	0.441854386640071	0.62459143619014	-0.279227021442956	0.620451150207658	0.321829468441458	0.0859939632403116	0.0119592105756305	-0.519219915507638	0.0473103906559941	0.346273890357725	0.128332815604072	-0.0102492971102481	-0.0845623603727421	-0.347512361091025	-0.141912169131713	-0.0255646661220465	-0.318177037140367	-0.382430545916467	0.0893931891375724	0.0678326463335674	-0.0401009590637661	-0.185048924823853
ENSG00000155926	SLA	-0.136192912585857	0.0345977408671778	2.13780225511862	2.3428983749767	2.26114978098229	2.14872531789562	1.94340135081801	2.34238590724096	2.14011196825882	-0.737776387239236	0.182674072927156	-0.135766293870415	-0.455610910582019	-0.415519572796572	-2.03670010240158	-1.85648057789797	-1.31164701645191	-1.53062543157772	-1.57950381264917	-1.79333388433168	-1.12986011186282	-2.23666727325174	-1.40744162924297	-1.71484039296768	-1.87259058601637	-1.68060048998546	-1.61967349123147	-1.66462015376228	-1.90976759994572
ENSG00000157851	DPYSL5	0.813445559080488	0.870972981286989	0.870972981286989	0.857909431856541	0.870972981286989	0.870972981286989	0.870972981286989	0.870972981286989	0.870972981286989	-0.225200294575498	0.532140250551807	0.45462449908831	-0.551144988931748	-0.121961942821558	-1.14139485000008	-0.590202501545727	-1.31986901561497	-1.30684153501313	-1.22635790763856	-0.558169744567217	-0.869716840741661	-0.924421056653988	-0.30995179227492	-0.938525439444572	-0.226529748000199	-0.437402946779052	-0.958909906755879	-0.971192816872163	-1.66011851835427
ENSG00000158805	ZNF276	-0.340218564208867	0.356186653093336	-0.341634031454254	-0.106078359875332	0.22739157758398	0.630209883019701	0.613937258463508	0.275731555811403	-0.169638306766228	0.257572782459355	0.193731875969918	-0.132464531459516	-0.613320814906961	-0.288667491912035	0.104584436836859	0.0279752950990919	-0.354929232245138	-0.693178521309462	-0.885069699391186	0.29045712092478	-0.148854446161688	0.376063161788508	0.264520727186697	-0.726747892111573	0.186930198271347	0.621865245030116	0.546379190964918	0.718293322518147	-0.0357115774757078
ENSG00000161791	FMNL3	0.0669906823279509	0.488569862737277	-0.343544363482541	-0.230663629416997	0.120306153050377	0.234652429623199	0.125794550804792	0.138201760784566	-0.11712265436983	0.358118976484026	0.687639597263751	0.230399801837136	-0.307918181216405	-0.0251675306620852	0.120504959534034	0.287265445379902	-0.456240926893764	-0.349279017697783	-0.398642040836145	0.0944911665769516	-0.192144814618446	0.0787455766274645	0.0669404550386493	-0.421168725849994	-0.00445854040410062	0.0834895445292555	0.295096645655216	0.169007776593544	-0.396885269244228
ENSG00000162368	CMPK1	0.197001543286759	-0.417523782832321	0.492506740283134	0.053123366743128	-0.152173065256497	-0.0689019701640633	-0.337551589326336	-0.0944587364933313	0.298858852959118	-0.0706509959057774	-0.464779345162931	0.225188692786066	0.525145204223836	-0.0675817999841389	-0.795672686401412	-0.266403864727096	0.330652210905235	0.257381602779551	0.517670843985299	-0.379421867244124	0.313737339890471	-0.291803365740832	-0.385720911643307	0.404609573198757	-0.133494604565145	-0.638650919869189	-0.233958138523828	-0.127784912116747	0.524891110320394
ENSG00000165617	DACT1	1.48571129367679	1.63603660629749	1.94505028212617	2.01902866460584	1.8930522317033	1.83091067871277	1.64847361965272	1.80405212049488	1.76003485300189	-0.729635464287747	0.984775020287419	-0.648438125527381	-0.662852257496232	-0.428940843778262	-2.71950417302582	-1.67111653983433	-1.8190251783437	-1.53292484539249	-0.846787952961928	-1.44056722078408	-0.632509992051877	-2.23324180009962	-1.51684516881904	-1.16734946674867	-1.80632170271035	-1.61062831104411	-1.72904449924156	-1.6590420876776	-2.02025641651487
ENSG00000167523	SPATA33	0.725634661183964	0.23548832401441	0.331505024568431	0.272750358636618	0.52095788851597	0.688793709945811	0.693873296031653	0.541996184354665	0.200229139549322	-0.0988312460708954	-0.0664270459758306	-0.0455694686377652	-0.274017940093711	-0.0524323162076702	-0.65888221600571	-0.573324101363774	-0.196196925609262	-0.398694612802624	-0.463506386000822	-0.274578417715768	-0.41871268950486	-0.395735010798266	-0.273243286663427	-0.373703673759802	-0.484838832410665	0.0953507214133487	-0.30991862949907	-0.464470217321513	-0.299798392466697
ENSG00000167548	KMT2D	-0.72527369520918	0.556793777097658	-0.123103926748104	0.253808953469519	0.473967493622118	0.330434324035858	0.429175280720138	0.364997728217064	-0.641071245207456	0.00344632860902901	-0.496116267213902	-0.0591170075088346	-0.618101418046363	0.629749852850475	-0.253889723354795	-0.0445562882008718	-1.36561988050174	-0.457858909666668	-0.398067536812032	0.178215857874468	0.0205980737742233	-0.432743519063909	0.24639953849887	0.350540791858073	0.0695543744449368	0.0775525867314813	0.519249535025132	0.214597011325757	-0.573923924588266
ENSG00000167550	RHEBL1	-0.613506349162906	-0.485686203360879	-1.03255665170668	-1.0229375455126	-0.760624938674617	-0.680995745204276	-0.40722059309742	-0.4764121610201	-0.323046900901886	-0.957663221804036	0.426585159799042	0.499613232510229	1.29539703258461	0.666372803054339	-1.01771572866191	-0.194458510586307	0.960376835430839	0.793411957013904	0.696651454389015	0.79343240672478	0.827466649481652	-0.277828852808512	0.901271624632269	0.45078687425244	0.19097505415155	1.27235681857928	1.05340209685754	0.830299264067198	0.797753331966442
ENSG00000167552	TUBA1A	0	0	0	0	0	0	0	0	0	0	0	0	0	0	0	0	0	0	0	0	0	0	0	0	0	0	0	0	0
ENSG00000167553	TUBA1C	1.21404528906253	1.12438155995311	1.14229879330552	1.18547360264272	1.19242943674113	1.19234557233816	1.19204952354554	1.21273876771022	1.21404528906253	-0.31544200591853	0.761988832185823	-0.031277855902532	0.542058639383069	-0.729370310928003	-1.65787048264368	-1.14101217105805	0.00859331213521581	-0.815068571776778	-0.833701413279018	-1.65754949390176	-0.275186386716981	-1.47562158951593	-0.993845043792532	-0.918032714723266	-0.971426813931843	-0.435199456252272	-1.42157197122187	-1.63107070284811	-1.69100438007115
ENSG00000170802	FOXN2	0.595247176921264	0.947947319927362	0.572145234607475	0.278287264521237	-0.190006496325901	-0.353850797580498	-0.722630584752943	-0.269733753183373	-0.0280054394061104	0.381126021520981	-0.630376054175494	-0.215665628686591	-0.214885302846229	-0.0999276330157121	-0.601312513563988	0.143463920156685	-0.0565972859005991	0.0179701364728699	0.699993447408767	-0.134831374222164	0.668999197233112	-0.336299004338301	-0.340059777956279	0.748527447580674	0.554863725262864	-1.02459344715495	-0.609074145445845	-0.0145648579645461	-0.410452885830277
ENSG00000172575	RASGRP1	-0.83344098856361	-0.51314739056217	-1.50329580145101	-1.54334651228085	-0.88003686880859	-0.839327510629082	-1.30806465631114	-0.339480664720702	-0.282076117359712	-0.824971234369402	-0.0584548313799102	0.829430798105829	0.935294647499466	2.00985336756507	-1.63482507610576	-0.468387297330923	0.98503442906273	1.17984056667979	1.55605005205692	0.665710537990397	2.02002785448466	-0.727790879651425	1.41845710762816	1.69708265471669	0.419558302914888	1.02476389084883	0.915869092983736	1.36903180799325	0.921092993423801
ENSG00000176678	FOXL1	0.287544602746257	0.0609093850790226	0.00228187112439296	-0.0732901720271048	0.0560547559966458	-0.0892983892156377	-0.129858744426229	0.071807215217162	-0.01546197154572	0.155705128255436	0.536785845120016	0.0363037283966444	-0.257702282928223	-0.133470556561851	-0.0625915850067191	0.114679792195325	-0.167485836896553	-0.160753316398579	-0.0666945235381167	-0.0507881853314345	-0.203516513816276	0.343220106116607	-0.168020339208797	-0.00720924096976161	-0.0146788534931396	-0.135226067708388	-0.1217516672	-0.0696099830717907	0.100139655357641
ENSG00000176681	LRRC37A	0.0246536425508289	-0.0497696972360927	-0.000129272220390475	-0.022210550345372	-0.0522467670231754	0.0660734283409386	0.0269979736384296	-0.00232344177863577	0.00361956254598483	0.0951506780691074	0.0653654322174764	-0.0255407004798865	-0.0660422021083486	-0.0649331516374602	0.00378509968821762	0.163739123394785	-0.0295297944409073	0.010622736789338	0.0140919623216928	-0.0607162959815737	0.175920415016861	-0.0564685157807093	0.032341231005718	-0.0205394262175315	-0.068568552196204	-0.066212808205658	-0.00762887421981221	-0.0122740211905833	0.0540646464608917
ENSG00000176692	FOXC2	0.59760073884733	0.0707572270360378	-0.0535025353225893	-0.318382752040384	0.33939825755929	-0.214644179856425	-0.32305239964948	-0.247011234031325	-0.0807180782916444	0.392827330543761	0.536527820444082	-0.0382239066376441	-0.0327250597874773	-0.111468161657138	0.355121377216886	0.316599570082858	-0.243094221684564	-0.0818612752327001	-0.253465537700064	0.0396132263944451	-0.226619701197699	0.406486200953928	-0.171195982729404	0.0129783095749581	0.0111001417851698	-0.139248433664899	-0.102961852823303	-0.211653599327878	-0.127250428583033
ENSG00000177946	CENPBD1	0.316630776431098	-0.570387807539198	0.380645233944089	0.163623562415362	0.423790198564914	0.482230360243679	0.324098334531271	0.500595873187264	0.220324083366154	-0.0885175049217159	-0.267590549755311	-0.134465448678907	-0.519947695877756	0.00952516601883685	-1.00529067594262	-0.608087287397742	-0.287256647892901	-0.474188593049549	0.0504810825661699	-0.284313339708958	-0.00450490285474734	-0.294773558659211	0.2302143078956	-0.000109982088715932	-0.164939655166561	0.124623591900005	0.0399133862231474	0.142185859735758	-0.0484702111734404
ENSG00000178401	DNAJC22	-0.136521525724236	-0.110888789878303	-0.14295589484418	-0.138872806256418	-0.129149994450809	-0.0959416470481348	-0.102806087015239	-0.114279658003267	-0.11789333279347	-0.0147595130549406	0.235914505357965	-0.0460236621006573	-0.124667029658487	-0.00390331544514349	0.0372901822062392	0.0304444318244264	-0.00206524346718061	-0.00493648705765737	0.0225187167407092	0.129707610035572	0.0223051637594624	0.0257987306154969	0.324445075912825	0.0499814799188524	0.239613173701725	0.307833557284799	0.19884594320169	0.217407017811451	0.119964060270672
ENSG00000178773	CPNE7	-1.64988015153946	-1.65905362431779	-1.54171523504389	-1.53235686143268	-0.466503679372161	0.491780757137044	1.0030274042048	0.916597997367515	0.946767575018931	-1.16289741191313	1.13057915136522	1.29073482003435	1.40413048324443	0.789635702270642	-1.00621966093169	-0.210289899763286	0.977467715733858	0.691691076779931	0.237947777058544	0.599322690352979	-0.270024342953582	-0.664384315917013	0.822187227221443	0.577376746343946	-0.118361690434984	1.2266523844563	0.570603258928973	0.393469879955085	0.367761346061494
ENSG00000181929	PRKAG1	0.0420805669671469	-0.0184450751545548	-0.0858566009223534	-0.192068490855544	-0.27718502557032	-0.220476761739403	-0.134862732357034	-0.274104339666271	0.160891755053367	-0.0686856986888809	0.0696467779818813	0.066234686355656	0.241728084278796	-0.074538126491488	-0.651715872496649	-0.0198752636246727	0.477776026375688	0.596843888827877	0.252477787332319	0.118041858130267	0.180026118187376	-0.231897234161667	0.172057208148335	-0.138096721323399	-0.0972291278012098	0.206082530215913	-0.0109824035463812	0.226754836459634	0.261589703810403
ENSG00000182871	COL18A1	0.317847074182854	-0.0445705531889401	-0.633485674256082	-0.891921541065918	0.153467845437862	-0.373371978666765	-0.51692960660774	-0.26371780519288	-0.0708674981362186	0.616409484629384	3.00892622624756	0.397298901764087	-0.156335585344925	0.305914795625175	1.36521373921387	0.997615944889124	-0.606551115610284	-0.7318284269179	-0.791661561734262	0.176276474115058	-0.869857129909019	0.803372778352736	-0.114825287093811	-0.0868403014316124	-0.136751853389015	0.305896683372854	-0.176783127834695	0.0613762842686225	-0.532810421650776
ENSG00000185324	CDK10	-0.263538176067694	-0.137265514472304	-0.616049394740289	-0.472853310825832	0.0798944193491001	0.58583213369589	1.03883804816985	0.379096923200053	-0.22691436780601	-0.12300744606187	0.310446797315665	0.354175340959647	0.472430111105696	-0.396615453288071	-0.270918523369093	0.0347378037974308	0.226462117065197	0.112055473942497	-0.360616527369108	-0.0544291033505261	-0.208826661961528	0.144639730833643	0.162263962842883	-0.529539588188858	-0.0576117261858101	0.519411903309237	0.206844173209988	0.16170098701427	0.470063018366077
ENSG00000185829	ARL17A	-0.0767955450579354	0.115175498433731	0.0550100947574869	0.049289017036703	-0.0063884635500365	0.00730572739926225	0.0426662368024567	-0.0941709289847267	0.0359236379374079	0.0253787067386584	-0.0526996270594225	0.096970491061903	-0.118735474062035	-0.106306492510948	-0.0779822925226344	-0.0984182847130517	-0.128347969413675	-0.100607714371605	-0.0319646618855374	-0.0394038723615526	0.0913985339813508	0.239552033344698	0.0357385339705548	-0.0101406548101604	-0.0887374796339287	-0.173481628745429	0.375991285767941	-0.0197027702227396	-0.143354647526406
ENSG00000186564	FOXD2	0.353569770632949	0.162315053595728	-0.00240103119652946	-0.0687054161135429	0.0612385646876074	-0.060275707648159	-0.068825236920312	-0.0795536809748469	-0.04656490103131	-0.0216345787736126	0.171044325387114	-0.0247555222499215	-0.0297436773851587	-0.056357634655781	0.0459331714723169	0.0562879171159253	-0.0495342318486628	-0.0363840016759854	-0.0521200261047781	-0.0172190372410013	-0.0739510008111263	0.0232303814882571	-0.0501224816721932	-0.0294904924018844	-0.028785025682459	-0.0355758509113105	-0.0460906087477422	-0.0337350650466527	-0.0178346027963844
ENSG00000186866	POFUT2	0.164025026623604	0.234815820096784	-0.0338035305568566	-0.152131779379579	0.238120032435164	0.438414859844313	0.12167848230124	0.284240369426686	0.113004210650531	0.0172315320945064	0.739867670212091	0.0378969846095784	-0.179398363254011	-0.192245592027091	-0.235041651433086	0.090864833026155	-0.294271281380961	-0.40632903321962	-0.64426452599617	-0.0385957058426182	-0.29046059945136	-0.0948055535526578	-0.022792138601552	-0.365894990279563	0.0152979343708814	0.0414117566991531	0.124488937904682	0.157312699793081	-0.306335053339168
ENSG00000186868	MAPT	-0.258556456013493	-0.0523821728257324	0.0890112008074455	0.0782994891156369	0.0885403528884137	0.0890112008074455	0.0890112008074455	0.0890112008074455	0.0890112008074455	-0.33240311234908	0.0559429451042447	0.0580334511197711	0.0890112008074455	0.0890112008074455	-1.05209373467518	-0.199434437799522	-0.434479932893274	-0.0156766841689958	0.034398747447909	0.0890112008074455	0.0890112008074455	-0.275855549120162	0.0890112008074455	0.0890112008074455	0.0759849839536987	0.0890112008074455	0.0886725577972973	0.0890112008074455	-0.0715006847516734
ENSG00000187123	LYPD6	0.29593225245828	0.116038858997591	-0.552769458485919	-0.575092945258331	-0.190240597651637	-0.303157517662473	-0.547885316367877	-0.259350899064339	0.0162925707810535	0.254941978722305	0.163405323665862	0.736827415900962	0.0998465049509629	0.398588635810336	-0.500184583071497	0.228799810659	0.308525640522119	0.336237091735331	0.0380183065852165	0.0952534781778508	0.0748779792593097	0.25503950686477	0.212212045294103	0.137169131033837	0.230159084777107	0.0166237985304945	0.175485633142149	0.227369579645509	-0.0935668725112845
ENSG00000187741	FANCA	0.402300109016258	1.31017258312827	-0.108237293407118	0.136001494160331	0.332175316482388	0.565255805319979	0.360543082638877	0.231301948013227	0.0601901852857039	-0.00418687385675979	0.0437720167841512	-0.203842647479945	-0.455248637452635	-0.287364004938255	-0.349744765945699	-0.308611626102353	-0.282546378004228	-0.614808814786502	-0.497153005721035	0.00539291988532943	-0.218143768189634	-0.130524919745763	0.0319031785479078	-0.691111094723539	-0.166649069321077	0.278588889587092	0.25638605587979	0.327506579175352	-0.241879002977981
ENSG00000198211	TUBB3	0.0501285916836292	0.0501285916836292	0.0501285916836292	0.0501285916836292	0.0501285916836292	0.0501285916836292	0.0501285916836292	0.0501285916836292	0.0501285916836292	0.0501285916836292	0.0501285916836292	0.0501285916836292	0.0501285916836292	0.0501285916836292	-0.935731375862073	-0.0112003280971351	0.0501285916836292	0.0455834745007165	-0.000917034884760566	0.0280809215823599	0.0501285916836292	-0.291639012081532	-0.00318404213679113	0.0501285916836292	0.0415922176653808	0.0501285916836292	-0.000346923030761337	-0.248971429284421	0.00312719285765475
ENSG00000198369	SPRED2	-0.135862107668988	0.301707345173208	-0.399729293088067	-0.40013185552897	-0.19301683324704	-0.159993785430866	-0.861562293005909	0.235523008363387	0.0535744347083388	0.0658848709129787	-0.00195233905835684	0.347756273409751	-0.025711474664576	0.856075766682312	-0.862928002052941	0.245475681589989	-0.65841291069256	0.159508720806959	0.431195028453902	0.478527874507831	0.583151257364793	-0.30702968469778	0.286154139461451	0.499673767567291	0.205983465800074	-0.020045936628183	0.0513020729687456	0.199151253043524	-0.356536055388246
ENSG00000204291	COL15A1	-0.074011046015735	-0.157935113931071	-0.0546778206632566	-0.0682177327838779	0.748730719947451	0.0817839395352065	-0.0198708067631498	-0.0567483065498927	0.744804219079286	-0.290462091454511	1.36458162929638	0.845212553762623	0.216751674907092	0.525087733616512	-0.433249547387951	-0.324609640645631	-0.443535311831254	-0.474855841206591	-0.63713052059672	-0.290501156303419	-0.47773681147239	-0.453233561464716	-0.357099558991373	-0.383069695290096	-0.460974062229479	-0.253360868854884	-0.284760324021143	-0.253696363452457	-0.566751168024532
ENSG00000204991	SPIRE2	-0.508035522104896	-0.183334836657306	0.0634158235795966	0.164754129744493	0.424588869856022	0.924298937158692	1.03137256962327	0.661893143326495	0.136480714899386	-0.686010279325486	0.407644981826886	0.149050273527518	0.114340823394021	-0.125039598047594	-1.09319825833134	-0.610900437915723	-0.347822945855928	-0.62473407705421	-0.578650072936237	0.0450113983169603	-0.433059106091561	-0.364512266055158	0.13603711746304	-0.439225936680917	-0.328231604136498	0.43122073818934	0.129611885540734	-0.045018938460556	0.0256925512238207
ENSG00000205221	VIT	-0.194086734497655	-0.294132377568958	-0.307459629517017	-0.368977410434467	-0.381083435620063	-0.312514446765756	-0.380314529984053	-0.226927158999782	-0.335402396780747	-0.280314665156257	-0.209117142211913	0.234842663119809	0.649197889565225	0.615142643091504	-0.0368323313559973	0.118833127454178	0.687536675116358	0.469219359926253	0.329565440104516	0.224823456292614	0.438143822458101	-0.0848483828028806	0.191807933453215	0.228188304738682	0.261307927635583	0.189219883867465	0.0726808408294073	0.330711279126544	0.0655821864086548
ENSG00000221819	C16orf3	-0.359151624002687	-0.238765750112379	-0.299565354265405	-0.269728466356053	0.134692310883849	0.39471765614853	0.565410921960228	0.0988990361153212	-0.312598947722711	0.138097933919405	0.445762312942262	0.0880717375761243	-0.238421409749765	-0.154614475643169	0.430770973569716	0.11389466650403	-0.214971964486138	-0.250284498160928	-0.24143083768608	0.277270940639073	-0.180162834536067	0.340981422641449	0.0301783314162166	-0.27510862305918	-0.00502527372636455	-0.0717438680787846	0.183749040515873	0.815082929155803	-0.100589536872968
ENSG00000225190	PLEKHM1	-0.525141420803307	-0.500937144960697	-0.416013312217204	-0.312160886892589	-0.0264739781379024	0.072206603026886	-0.0759534286993795	-0.0562805202885652	-0.278458218194595	-0.0334284950314458	0.121728194917275	0.0350830917765086	-0.296601350899251	0.214833660312238	-0.12814098583066	0.45063395190866	-0.378116239760172	-0.0314071344429181	-0.23021662882564	0.509676609109525	0.105896388256854	0.182162798495737	0.546440593931623	0.230756559197042	0.39594167595028	0.637055377364091	0.355929775932895	0.281730008178332	-0.154120031483388
ENSG00000228474	OST4	0.0836283594370899	0.0836283594370899	0.0836283594370899	0.0836283594370899	0.0703807381735073	0.0836283594370899	0.0836283594370899	0.076037125362172	0.0836283594370899	0.0836283594370899	0.0836283594370899	0.0836283594370899	-0.0495837496744064	-0.138255902033111	0.0648268955519265	0.0125724127466809	0.0836283594370899	0.0532748981611075	-0.22580284761749	-0.0336149054217663	-0.0727528808628072	0.0836283594370899	-0.0166028751697259	-0.505565108145948	-0.0595220806022414	-0.0145242498355845	-0.170314650714956	-0.433006621705161	-0.0200308448908778
ENSG00000228696	ARL17B	0.00972452362301711	0.00591539321765361	-0.00457358393804833	0.00340752278459766	-0.00146512080421493	0.00229689684242609	0.0159068061196142	-0.0136166670699293	0.00666259157731411	-0.0375337570129621	-0.0224854690591414	0.00940731496067516	-0.0379851086842989	-0.00154505374061723	-0.00437348136236489	-0.0207823006474185	-0.0084381444057835	-0.00769612853669149	0.0137319221298871	0.00722264117445592	-0.0341136133673867	-0.014569418940149	0.0621325767377793	0.0132614432373139	-0.0223255237771844	0.0164810037242353	-0.0243170727122935	0.0291654489055426	-0.00682202171562884
ENSG00000238083	LRRC37A2	-0.241545178925878	0.332999200971804	-0.0453419186200408	0.111006118374628	-0.0892352137802241	0.0574013440391119	-0.0310680797514827	-0.0703693004709177	0.0779493338575266	-0.0549568403783295	0.0742157706215804	0.13483719990839	-0.206220574309255	-0.185949176710271	-0.215735990715898	-0.0198779223053891	-0.263784963507206	-0.148193786458714	-0.116534922363125	-0.102099005507586	0.153222160424064	0.312390921375619	0.16862686263843	0.177227809125556	-0.164749060111124	-0.36703140126262	0.672796778399349	-0.0342247069717918	-0.173038654636489
ENSG00000240694	PNMA2	0.134181615937826	0.27072995131147	0.148255437314624	-0.0203577585217422	0.189495938472057	0.246905250581527	-0.357843128415943	0.294589682810042	0.372092558540463	-0.976180609357207	0.130389873769406	0.0354573636677205	0.173496480591504	0.305459202602693	-2.81508400473729	-1.24285390679852	-0.147511650848943	0.280459662678083	0.272431174631706	0.102471859672101	0.0406024444029335	-0.836478140631114	0.306334179552518	0.312275407851144	0.103494093165008	0.364294708044577	0.365381228986805	0.296787087451737	0.268705533213658
ENSG00000258839	MC1R	-0.232947455763097	-0.170282481191866	-0.0448449777699726	-0.00571812530762778	0.470152796628651	0.916858940542179	1.14353341590728	0.638051134990298	0.162362165766792	-0.31841501353232	0.538166269474542	0.130018884905794	0.68300133881087	-0.396947569662143	-0.446700459747777	-0.19931475237962	-0.372389697237133	-0.561040732497015	-0.553032747398923	-0.205978465584634	-0.520186041000354	-0.449049689806305	-0.133337078652865	-0.621819980601305	-0.280352799801797	0.173208742479833	-0.0572215732411412	-0.0682554759281654	-0.0722777147503576
