No	GenomicLocus	uniqID	rsID	chr	pos	p	nSNPs	nGWASSNPs
1	1	1:47980916:G:T	rs6658111	1	47980916	3.04959199e-15	2	2
2	2	2:27173520:C:T	rs4665930	2	27173520	1.04673403278e-09	198	176
3	2	2:27291661:A:G	rs7575465	2	27291661	1.57452935239e-12	123	113
4	3	2:37124755:C:T	rs2691112	2	37124755	1.29240325109e-08	73	64
5	4	2:48277490:A:G	rs7601767	2	48277490	1.88332833773e-08	34	33
6	5	3:89521693:C:T	rs35124509	3	89521693	2.70549915804e-10	44	40
7	6	3:104645181:A:G	rs2399037	3	104645181	4.2080756657e-09	111	98
8	7	7:145399288:A:C	rs117766132	7	145399288	6.38695718536e-09	2	2
9	8	8:134124976:G:T	rs7000137	8	134124976	2.5991443664e-08	95	87
10	9	9:101637477:G:T	rs911934	9	101637477	4.71441052863e-10	33	29
11	10	10:7622009:A:G	rs41298373	10	7622009	3.66056282508e-11	1	1
12	11	14:59074136:A:C	rs160459	14	59074136	2.57083896263e-17	15	14
13	11	14:59086975:A:G	rs1742882	14	59086975	3.64956065368e-09	12	10
14	12	14:59628679:A:G	rs76341705	14	59628679	3.80945885947e-10	50	43
15	13	15:39627982:A:C	rs12591944	15	39627982	8.78043829305e-16	23	22
16	13	15:39634222:A:G	rs1080066	15	39634222	4.10184752149e-28	15	10
17	13	15:39661779:C:T	rs1837636	15	39661779	7.23757872753e-14	6	6
18	14	16:89861570:A:G	rs17232491	16	89861570	4.0919925226e-09	37	37
19	14	16:89939929:C:T	rs9939914	16	89939929	7.01198040604e-12	3	2
20	14	16:89992613:G:T	rs111398992	16	89992613	1.17482499423e-12	26	26
21	14	16:90029402:G:T	rs74837667	16	90029402	3.84986070801e-10	22	22
22	14	16:90061708:C:T	rs200955819	16	90061708	4.27182837714e-11	161	155
23	15	17:43976813:A:C	rs11079727	17	43976813	8.04556066214e-09	6	5
24	15	17:43985636:A:C	rs3785879	17	43985636	1.21494050931e-10	2	2
25	15	17:44125288:A:G	rs62063672	17	44125288	1.40407574456e-10	3250	2885
26	15	17:44167366:A:C	rs10775404	17	44167366	5.12402598019e-27	55	35
27	15	17:44189067:A:G	rs7225002	17	44189067	1.73559631696e-17	5	2
28	15	17:44200192:A:G	rs9908639	17	44200192	3.19644838376e-10	50	36
29	15	17:44819595:G:T	rs17698176	17	44819595	1.6102569607e-15	33	25
