No	GenomicLocus	uniqID	rsID	chr	pos	p	nSNPs	nGWASSNPs
1	1	1:47980916:G:T	rs6658111	1	47980916	2.34385183788e-13	2	2
2	1	1:47984143:C:T	rs12118339	1	47984143	4.90658003116e-08	10	9
3	2	2:27175570:C:T	rs12105356	2	27175570	8.75206129791e-09	198	176
4	2	2:27291661:A:G	rs7575465	2	27291661	1.13202025878e-11	123	113
5	3	9:101639827:G:T	rs7023465	9	101639827	2.29783511521e-17	33	27
6	4	10:7622009:A:G	rs41298373	10	7622009	2.14423409584e-11	1	1
7	5	12:49516946:C:G	rs10783306	12	49516946	3.81313958187e-09	123	107
8	6	14:59074136:A:C	rs160459	14	59074136	1.96194641682e-16	15	13
9	7	14:59628609:C:T	rs74826997	14	59628609	1.65769687473e-13	51	44
10	8	15:39625987:C:G	rs12595360	15	39625987	5.43224298253e-17	20	19
11	8	15:39639898:A:C	rs4924345	15	39639898	5.90615322852e-32	15	10
12	8	15:39664000:A:C	rs34680120	15	39664000	1.56381201391e-13	6	6
13	9	16:87226206:C:T	rs9933149	16	87226206	7.27801152678e-10	57	53
14	10	16:89842903:A:T	rs1558151	16	89842903	4.03528588322e-09	3	3
15	10	16:89939929:C:T	rs9939914	16	89939929	3.07854262915e-11	3	2
16	10	16:89976224:A:G	rs11644804	16	89976224	1.94465101799e-08	363	332
17	10	16:89992613:G:T	rs111398992	16	89992613	9.66269056955e-13	26	26
18	10	16:90005453:C:T	rs4785741	16	90005453	2.96925826149e-08	17	15
19	11	17:44200023:A:G	rs9910683	17	44200023	2.07938420849e-22	55	35
20	11	17:44819595:G:T	rs17698176	17	44819595	9.8810033506e-13	33	25
