No	GenomicLocus	uniqID	rsID	chr	pos	p	nSNPs	nGWASSNPs
1	1	1:47974123:C:T	rs61784835	1	47974123	1.38790915609e-13	2	2
2	1	1:47978609:C:T	rs7523969	1	47978609	2.47008435927e-09	10	9
3	2	2:27291661:A:G	rs7575465	2	27291661	6.09990530309e-12	123	113
4	3	3:89489529:C:T	rs6771054	3	89489529	7.44512729245e-10	44	40
5	4	3:104704039:C:T	rs6771251	3	104704039	2.24808776039e-08	224	208
6	5	10:126480591:C:G	rs12218394	10	126480591	2.46593803155e-08	61	53
7	6	14:59074136:A:C	rs160459	14	59074136	9.28926193237e-14	15	14
8	6	14:59085726:C:T	rs311814	14	59085726	4.4516740294e-10	12	10
9	7	14:59585932:A:C	rs4898978	14	59585932	3.1444247206e-09	27	24
10	7	14:59625980:A:G	rs11158250	14	59625980	4.5304453522e-08	2	1
11	7	14:59628609:C:T	rs74826997	14	59628609	1.12177248827e-14	51	44
12	7	14:59648738:C:T	rs893516	14	59648738	7.464955043e-11	4	3
13	8	16:89812930:A:G	rs34019730	16	89812930	3.71434610499e-12	35	35
14	8	16:89842903:A:T	rs1558151	16	89842903	2.13756434775e-09	3	3
15	8	16:89939929:C:T	rs9939914	16	89939929	2.69548137066e-13	3	2
16	8	16:89964952:A:G	rs72813432	16	89964952	3.67068493656e-11	40	39
17	8	16:89992613:G:T	rs111398992	16	89992613	7.90041237025e-20	26	26
18	8	16:90054119:C:T	rs145943576	16	90054119	3.10309680174e-08	6	6
19	8	16:90063600:A:G	rs117306165	16	90063600	2.99831622204e-12	12	12
20	9	17:43976813:A:C	rs11079727	17	43976813	5.22062171271e-10	6	5
21	9	17:43993376:G:T	rs3785880	17	43993376	2.05777062057e-12	3	3
22	9	17:44167366:A:C	rs10775404	17	44167366	1.7494852285e-24	55	35
23	9	17:44189067:A:G	rs7225002	17	44189067	6.91000058851e-20	5	2
24	9	17:44189598:A:G	rs2016034	17	44189598	6.23165199998e-11	50	36
25	9	17:44262496:C:T	rs8064802	17	44262496	1.53512036416e-09	31	23
26	9	17:44343121:A:G	rs2950705	17	44343121	1.0866454403e-09	3250	2885
27	9	17:44819595:G:T	rs17698176	17	44819595	2.25734710577e-17	33	25
28	9	17:44852612:A:C	rs62074125	17	44852612	2.71118594242e-09	3	3
