No	GenomicLocus	uniqID	rsID	chr	pos	p	nSNPs	nGWASSNPs
1	1	1:47978609:C:T	rs7523969	1	47978609	4.55674911003e-11	11	10
2	1	1:47980916:G:T	rs6658111	1	47980916	4.31047130054e-25	2	2
3	2	2:27179963:C:T	rs10191551	2	27179963	4.00454961379e-18	209	179
4	2	2:27291661:A:G	rs7575465	2	27291661	1.79926239385e-20	107	94
5	2	2:27359887:C:T	rs11121	2	27359887	1.59324839798e-09	13	10
6	3	2:37059462:A:T	rs13021393	2	37059462	6.80138707374e-10	85	74
7	4	2:48277490:A:G	rs7601767	2	48277490	8.66658285317e-11	24	23
8	5	2:65971597:C:T	rs2287283	2	65971597	1.3782339996e-08	30	28
9	6	2:149999124:C:T	rs7609463	2	149999124	1.38321907531e-08	64	52
10	7	3:89521693:C:T	rs35124509	3	89521693	1.2564056429e-15	45	39
11	7	3:89590902:C:T	rs1979837	3	89590902	1.03056004088e-09	11	10
12	7	3:89784599:A:G	rs73154904	3	89784599	1.59372312089e-08	48	41
13	8	7:96214256:A:G	rs151218739	7	96214256	1.75650288949e-10	129	115
14	9	8:26429056:C:T	rs442103	8	26429056	3.43072599409e-09	5	5
15	9	8:26442925:C:T	rs384908	8	26442925	1.15311006843e-08	57	54
16	10	8:134108295:A:G	rs10106820	8	134108295	1.80402002965e-10	93	83
17	11	9:101626689:A:C	rs7874948	9	101626689	6.50478776515e-09	63	54
18	11	9:101639827:G:T	rs7023465	9	101639827	1.40414340945e-25	24	19
19	11	9:101691988:A:C	rs2065598	9	101691988	1.24059288349e-09	10	10
20	12	10:7622009:A:G	rs41298373	10	7622009	9.25500727827e-21	1	1
21	13	11:79445220:C:T	rs2251662	11	79445220	3.40777654059e-08	69	63
22	14	12:49522605:C:T	rs1057548	12	49522605	1.70574999391e-13	125	111
23	15	14:59074136:A:C	rs160459	14	59074136	3.57796466259e-28	22	19
24	15	14:59095285:G:T	rs160468	14	59095285	6.74810922401e-09	4	2
25	16	14:59585932:A:C	rs4898978	14	59585932	8.15136099437e-09	14	13
26	16	14:59625980:A:G	rs11158250	14	59625980	2.40701061586e-09	2	1
27	16	14:59628609:C:T	rs74826997	14	59628609	3.36476412129e-22	51	43
28	17	15:39377736:C:T	rs8026370	15	39377736	4.48754358079e-09	103	86
29	17	15:39599319:C:T	rs3973350	15	39599319	9.11716863677e-10	50	49
30	17	15:39628675:C:T	rs72722978	15	39628675	2.92884570473e-26	14	13
31	17	15:39633904:A:G	rs2033939	15	39633904	2.08739343557e-50	16	10
32	17	15:39648234:C:T	rs3910644	15	39648234	1.92033155909e-08	6	4
33	17	15:39661779:C:T	rs1837636	15	39661779	1.14084435348e-21	5	5
34	18	16:87224132:A:C	rs12711472	16	87224132	4.60695080747e-12	55	49
35	19	16:89747878:A:G	rs11645553	16	89747878	2.21735027187e-08	215	195
36	19	16:89765144:C:G	rs62068366	16	89765144	5.30044400969e-09	2	2
37	19	16:89800058:C:T	rs3803689	16	89800058	3.47711094648e-08	3	2
38	19	16:89820659:A:C	rs77440982	16	89820659	8.49291321693e-10	1	1
39	19	16:89856032:C:G	rs80006713	16	89856032	7.1334796401e-09	15	14
40	19	16:89930656:A:G	rs55911767	16	89930656	6.74217839685e-14	2	2
41	19	16:89933007:A:G	rs72813426	16	89933007	3.77987638447e-21	3	3
42	19	16:89969593:C:T	rs4785736	16	89969593	3.91502123061e-13	22	17
43	19	16:89976224:A:G	rs11644804	16	89976224	1.04237405803e-15	359	320
44	19	16:89981114:G:T	rs201103173	16	89981114	1.24809014497e-08	14	12
45	19	16:89992238:C:G	rs12596146	16	89992238	1.27191090396e-12	7	7
46	19	16:89992613:G:T	rs111398992	16	89992613	1.65556153538e-20	6	6
47	19	16:90000044:C:T	rs77681059	16	90000044	1.09894858049e-13	24	23
48	19	16:90005453:C:T	rs4785741	16	90005453	5.00316175378e-09	22	16
49	19	16:90007025:A:G	rs11640500	16	90007025	2.84369723323e-15	174	167
50	19	16:90012231:C:T	rs77463543	16	90012231	4.95320462183e-08	2	2
51	19	16:90051269:A:G	rs76839250	16	90051269	3.67667733047e-09	16	14
52	19	16:90063600:A:G	rs117306165	16	90063600	1.51290556557e-10	6	6
53	19	16:90080691:C:T	rs12925506	16	90080691	1.48315895772e-09	6	6
54	19	16:90080922:G:T	rs12920256	16	90080922	1.97187462883e-10	3	3
55	19	16:90130136:C:T	rs2078478	16	90130136	3.16087195737e-09	13	13
56	20	17:43883103:A:G	rs2664008	17	43883103	1.4947300634e-11	1	1
57	20	17:43976813:A:C	rs11079727	17	43976813	1.81456417358e-13	6	5
58	20	17:43979972:A:G	rs930119	17	43979972	3.01675776203e-08	24	22
59	20	17:44076063:C:T	rs2471738	17	44076063	1.63329631461e-18	36	35
60	20	17:44084350:A:T	rs28753217	17	44084350	4.73860898381e-08	62	58
61	20	17:44184828:G:T	rs4510068	17	44184828	1.08161390505e-12	20	15
62	20	17:44243312:C:G	17:44243312_C_G	17	44243312	3.90979672383e-44	68	54
63	20	17:44343902:A:G	rs2532345	17	44343902	2.14899349575e-15	6	4
64	20	17:44355781:G:T	rs2732698	17	44355781	8.04346039802e-11	2	2
65	20	17:44363740:A:C	rs7225145	17	44363740	6.15106622783e-09	40	36
66	20	17:44409787:A:C	rs62073250	17	44409787	1.93437157928e-14	9	5
67	20	17:44737744:A:C	rs569058478	17	44737744	1.588924326e-09	1	1
68	20	17:44808360:A:G	rs35937770	17	44808360	1.2438276326e-12	6	4
69	20	17:44819595:G:T	rs17698176	17	44819595	1.307813309e-26	73	60
70	21	21:46789984:A:T	rs4819075	21	46789984	5.00890722304e-09	7	6
71	21	21:46853259:C:T	rs7283026	21	46853259	3.0072157931e-09	7	7
