No	GenomicLocus	uniqID	rsID	chr	pos	p	nSNPs	nGWASSNPs
1	1	2:149994571:A:G	rs13011264	2	149994571	3.80949174428e-08	41	41
2	2	10:7622009:A:G	rs41298373	10	7622009	1.13340868808e-14	1	1
3	3	14:59074136:A:C	rs160459	14	59074136	1.84244250876e-16	15	14
4	3	14:59085726:C:T	rs311814	14	59085726	2.06182226847e-09	12	10
5	4	15:39627982:A:C	rs12591944	15	39627982	1.03511005323e-10	23	22
6	4	15:39634222:A:G	rs1080066	15	39634222	7.85728058817e-19	15	10
7	4	15:39664000:A:C	rs34680120	15	39664000	2.54442400482e-09	6	6
8	5	16:90074356:C:G	rs72477008	16	90074356	2.49302089389e-11	162	156
9	6	17:44332959:C:T	rs12953096	17	44332959	1.71414527017e-08	54	34
