ensg	symbol	Adipose_Tissue	Adrenal_Gland	Bladder	Blood	Blood_Vessel	Brain	Breast	Cervix_Uteri	Colon	Esophagus	Fallopian_Tube	Heart	Kidney	Liver	Lung	Muscle	Nerve	Ovary	Pancreas	Pituitary	Prostate	Salivary_Gland	Skin	Small_Intestine	Spleen	Stomach	Testis	Thyroid	Uterus	Vagina
ENSG00000078018	MAP2	-0.568984285852978	-1.42938805408487	-1.50918296011389	-2.69798212793577	1.08219103115041	2.42824203486475	-0.612245383952385	-0.818884810878255	-1.25681511315335	-0.405413332851891	-0.949967490369811	-1.55062942562159	-1.50217951337929	-2.03337231040202	0.954426127236709	-2.09978231655921	0.577431633757296	-0.277001467493398	-0.820284404952117	2.11912500553787	-0.431032145828692	-0.187332970690528	0.551573548465744	-1.67542099006734	-1.96093077996661	-1.24506549591094	-0.298584146268313	1.12583746555949	-1.07684520292872	-0.493954216440967
ENSG00000144406	UNC80	-0.761377809116673	0.568435155923872	-0.439270865963982	-0.774621624143932	-0.76549082054315	2.51985036878825	-0.744681666771908	-0.683986886033501	-0.44585058269061	-0.691720820388869	0.113618939595226	-0.738964699870143	-0.656246328695772	-0.766082860836329	-0.696383402603553	-0.776829983909808	-0.599160841355768	-0.14273401145325	-0.241704498270947	3.74918100492114	0.130670639819463	-0.594070230742766	-0.697599403861335	-0.598281169997771	-0.382027810796718	-0.413841736616715	2.32485980737815	-0.144948648082225	-0.605205892501084	-0.686188081751997
ENSG00000139549	DHH	0.266548271957269	-0.464186270652376	0.275730538297658	-0.831716153685224	0.0165051568578116	-0.556170862988478	0.266277543035023	0.0836333185456398	-0.22091520690337	-0.0188371369601025	0.144692219239539	-0.358340778326329	-0.544613916557509	-0.747946796767501	0.158865140583813	-0.7087354335348	4.5899122501135	-0.208579640137292	-0.764509493164455	0.0719408673957927	0.000338973754089865	-0.244122987774389	-0.429409134621855	-0.13163553907367	-0.346660987372546	-0.395113530294452	4.34085044168367	-0.036860610759652	0.233734383758178	0.0480865937490755
ENSG00000139636	LMBR1L	0.328697784988827	0.234131821224888	0.664122252512175	-0.290901624399885	0.470351424468108	-0.872798038746372	0.488109515297884	0.866556210739887	0.38858526916119	0.314736788714147	0.784088938401659	-1.01503452357463	-0.357963321939944	-1.18998202631647	0.655841950869328	-1.2820626519526	1.01466787895766	0.994271329570969	-1.32361325256777	1.04457988896538	0.758958309236964	-0.112591134260278	0.135785145794334	0.459044203421901	0.804937135437561	-0.45290749431003	1.09004701663167	0.728278784048119	0.9604707755935	0.600591296195398
ENSG00000123416	TUBA1B	0.0573122520972587	0.0244181886923009	0.0573628815339182	-0.00802076780711743	0.0573628815339182	0.0341101300486813	0.0573628815339182	0.0573628815339182	0.0573628815339182	0.0573451053099295	0.0573628815339182	-0.0629373121138497	-0.0812937187951238	-0.995811920413492	0.0570835330517485	-0.2849972970381	0.0573628815339182	0.0573628815339182	-0.618683599370208	0.0573628815339182	0.0421036707710864	0.0560626388924215	0.055750370707351	0.0544152697115341	0.0573628815339182	0.0368475181877892	0.0570988962689198	0.0563123234838119	0.0573628815339182	0.0573628815339182
ENSG00000167552	TUBA1A	0.230316261915747	0.176403013101142	0.221167778507011	-0.0695542113026125	0.250225060824975	0.249852567317762	0.227138054162007	0.227760665579718	0.142851867048627	0.152373063985206	0.250704493137096	0.0155139722991629	-0.535282359056255	-2.69371512757465	0.245707371678125	-2.03816705114281	0.250704493137096	0.250704493137096	-1.30389679164231	0.250704493137096	0.216111334320962	0.029086320340605	0.232943948553487	0.0842650224931435	0.21789304345588	-0.238688210807451	0.235381532106665	-0.0289787750944452	0.250704493137096	0.202044728080958
ENSG00000167553	TUBA1C	0.536562155210778	0.0723583526065067	0.557249816317927	-0.534982947443812	0.991423883342762	-1.89435738585704	0.26604135972603	-0.153944649377688	0.408280378143017	0.95447093123729	0.143737876657876	-0.895119854686976	0.101159988506224	-1.05719171895273	0.717438821398675	-0.969948989584667	0.206717360194768	0.0919341090007497	-1.11237265566446	-1.00188162619826	-0.103876776285357	1.11512990960343	1.52266093138836	0.738831596293945	-0.171781342592205	0.548021796277759	-0.414282918786227	0.458775590782987	0.244088537874915	1.05781285321092
ENSG00000140297	GCNT3	-0.444348350717667	-0.0344418159982881	-0.121907351884879	-0.303026729668447	-0.457924747213734	-0.44341841728531	-0.399788695937087	0.506073312347925	1.47929846010982	0.673057755732681	0.242853934278106	-0.446601294712031	1.10849769537951	-0.325914337342604	-0.152018345023733	-0.471195539722153	-0.433818159858707	-0.296822747655057	0.0404926423341547	-0.350241978811504	0.284592320431926	4.16707744360352	-0.351362865603879	2.80356233493325	-0.350295802075195	1.04644439278301	1.36335794231789	0.202086105777209	-0.343910453137178	2.50717670322698
ENSG00000140307	GTF2A2	0.201756113700656	0.010404860436528	0.30687507262866	-0.619192554483316	0.539539877615713	-0.356419920859023	0.226414576661356	0.575571172754205	0.288873273870485	0.219018819154835	0.51319674879637	-0.568478081450439	-0.230780952991357	-1.23524127295506	0.140921862216739	-0.274501212988474	0.451998919015486	0.551108440467679	-1.50838663880012	0.610940492116539	0.346591462755654	0.111115078651305	0.00427240761631915	-0.00296286794371479	0.0637014937503708	-0.260492571060919	0.917385308967459	0.331172450084546	0.529345905044975	0.641331875220455
ENSG00000140299	BNIP2	0.745942184834536	-0.354165257299366	0.55629632699568	-0.134962412724874	0.930034870560034	-1.23947895300235	0.725009954619409	0.640286993166356	0.313205233665605	0.30829628235813	0.697380860708342	-0.807794926576882	-0.917877237173736	-0.788970404015212	0.830091753413692	-0.367914999869446	0.733191074221646	0.382452910302156	-1.39759486828658	-0.383723062999868	0.231129203816686	0.139288973236161	0.305445687334816	0.28345363038899	0.478254099847152	-0.28607825245443	-0.273662311828781	0.481244530343028	0.805474530034273	0.562149399680862
ENSG00000187741	FANCA	-0.27710756617803	-0.251856393150954	-0.314723953785927	0.802445090332248	-0.701985517971767	-0.240321520277796	-0.187368420182378	-0.245080475181684	-0.0514146933852257	-0.0278284276712178	-0.259541520385547	-0.791093228246546	-0.496455211452244	-0.0447195919837602	0.637864728320959	-1.04823552550863	-0.32608634698397	-0.157996222710664	-0.63697653946111	-0.0104079394679679	-0.0851356182250106	0.000448186041833257	0.753818532596157	0.994354971114282	1.23391207540474	-0.111731751765642	3.37936133358421	0.0442274766995532	-0.263532557904228	0.373315495564197
ENSG00000204991	SPIRE2	-0.463451918974374	-0.225823387302034	0.750403455489907	-1.47253537292447	-1.38164575208235	1.51874805612808	-0.0470152474117485	0.000494928309226407	0.746054222467158	-0.258262360854117	0.881645763327	-1.30881118055146	-0.149156259177163	0.150180638227438	0.286894579650625	-1.65633132686309	-0.814979278763157	0.075790093094422	-0.783595082966059	2.97005170706133	0.932835514381506	0.0934617275790927	-0.264531254466569	1.25113683025247	-0.61050945364837	0.696442960681314	1.58128112793793	1.68700828900379	-0.131315425463734	0.179739800901812
ENSG00000141002	TCF25	0.19851536364954	0.206459462040008	0.241387510060321	-0.163661501316297	0.25322822149637	-0.269179675894134	0.224770199340052	0.235272267544458	0.196553360273022	0.154828805484975	0.257954713370608	-0.859209318611488	-0.449003421948662	-0.784108851059112	0.255127139255524	-0.599342753526991	0.257874280777015	0.25683311072128	-0.682026344793127	0.256647497347522	0.243234721440389	0.182870109308388	0.23903330639773	0.190589502721295	0.252294513314632	0.0733081220282181	0.255125570685073	0.256523260720437	0.257690335165001	0.233256062224388
ENSG00000258839	MC1R	-0.13725198881488	-0.277412461981901	0.544857449104739	-1.05857101252736	-0.0519033785573695	-0.2632126509293	-0.00368338385193866	0.838433969515343	0.214425333451792	-0.0674907522823191	1.30471514308447	-0.913391462496499	0.0795758074041538	-1.373635363996	0.35292779553841	-1.67416890640263	0.482685833686158	1.26228418391612	-0.996032505138948	2.44147898553302	1.07994904623973	0.419000545238382	0.117744430026098	0.504977431064956	0.27117735132632	-0.298096670934109	2.95281954535991	2.12032459421931	0.714658670095328	0.433747724641655
ENSG00000140995	DEF8	-0.0773266634977233	-0.202647683161877	0.305050785756161	0.0205076854136939	0.0789066103779671	0.223614691685136	-0.0138434783702774	0.6098718503296	-0.0118029434697011	0.152092370253339	0.721798137767952	-1.07013895550076	-0.309271179426792	-1.24868601355434	0.425140959997722	-1.31765207035819	0.579949289575142	0.770550510910719	-0.73987266516066	0.677571286514744	0.434374227390832	-0.11730665147187	0.195754400421991	-0.145235161065872	0.586327532738633	-0.149957615924794	-0.710153277781409	0.649858396447348	0.693437446456707	0.191521687313374
ENSG00000186868	MAPT	-0.0628376519257184	-1.5183244623149	0.36544574535674	-2.53570098850799	-1.36378253544049	2.74720552086285	0.864069804609044	-0.708493383288695	0.192876242803524	-0.104420578460802	-1.19061295928765	-0.590165515084958	0.239095537332979	-2.36655320771827	-1.52207983261689	2.74322823937493	-0.874621089171296	-1.6452405529398	-1.84636936940239	2.64250638868308	0.334277284661878	-0.169773505725953	-0.305180855553596	-1.12886899424016	-2.0111092560363	-1.368317356067	0.592900185214637	-1.31524021275869	-1.09079899612167	-0.740641382781328
ENSG00000256762	STH	-0.0944412194284232	-0.13298454805061	-0.0997667911474186	-0.143143939770232	-0.128620390503538	0.408597730950239	0.0609258194331898	-0.0820461746707976	-0.103536005120774	-0.0812955783237804	-0.149355065483663	-0.10325355599683	-0.116670484484963	-0.143567251044516	-0.129639701778992	0.18542836655647	-0.0998088531688462	-0.128208738443923	-0.13859889314718	0.230745750451217	-0.0665841562755393	-0.0503740780985974	-0.0697967711452737	-0.126267763012172	-0.137164721742105	-0.129288123062947	0.102352957876067	-0.128337055479843	-0.10206682651884	-0.0878146868007559
ENSG00000120071	KANSL1	0.176153658875504	-0.281790433338368	0.490785714840281	-0.477567976212885	0.433934985546954	-0.683790018395087	0.348253635932542	0.963884671716205	0.150235642687336	0.289321811938937	0.693132260046277	-1.29955044481385	-0.899840083377149	-1.28410440360284	0.397172041834692	-0.609290235620592	0.712604644299098	0.943723998793005	-0.695663504442718	0.211533973899582	0.347164979018888	0.0336818779613339	0.489676435327754	0.288626888466359	0.377542562896781	-0.225460362982631	0.843267805987344	0.773356991815937	1.00885459602616	0.736785352179903
ENSG00000228696	ARL17B	0.0425538743640643	-0.168636502710652	0.227668812844639	-0.315111409672811	0.158726323389515	-0.070068811532131	0.104261003770881	0.595185788587197	0.0727658936066961	0.0263190780257459	0.593328481630141	-0.387989009349718	-0.266197370223069	-0.41768639347059	0.0557971433514498	-0.207200338594211	0.378603728059575	0.499293143771998	-0.36363522654602	0.209662512132597	0.267415767378961	-0.0374972063040226	0.0310256867890469	0.057073051303559	0.196423656027181	-0.144197679658284	-0.0118111330176502	0.284475322736593	0.53626226290792	0.23564958298247
ENSG00000176681	LRRC37A	-0.0567903220920643	-0.217885237509389	0.0686782475098718	-0.186586757080395	-0.00928406592453664	-0.0775604580662817	0.017963566207106	0.307847904181938	-0.0166551462257564	-0.0334880974278233	0.243141270276858	-0.431403411260529	-0.231449941711391	-0.396131758093401	0.15835654620782	-0.283068466194375	0.230214270565483	0.158566415066568	-0.369435767517778	0.420744448630682	0.308771298230217	-0.00710444446717961	0.0729310839162028	0.0240143437926059	0.213361968400782	-0.169664059568959	1.47700873530631	0.306539467088635	0.281795642645231	0.208058757865066
ENSG00000073969	NSF	-0.177191572165951	0.104741720855492	0.0231032568858431	-0.990426004515341	-0.132817865510333	0.954130887064109	-0.14246638377861	0.0677849986600782	-0.0744051023887071	-0.175937500700095	-0.208465420020858	-1.52374359252102	-0.89559452014034	-1.19990243914494	-0.0779839353164741	-0.098474009390054	0.0412677017608121	-0.750679914779357	-0.670599626974287	1.31830771255196	0.00313900339426153	0.098564672410408	0.366360466526148	0.0565276625017323	0.127203904358967	-0.316353308301574	0.608169986074414	0.0874136037210832	-0.103437643574266	0.0958740398087732
ENSG00000108379	WNT3	-0.319270743981265	-0.968875787720117	-0.766210744224009	-1.39395077388834	-0.85823168279824	0.567258550833827	0.0393780745164869	-0.138713981921244	-0.61823306465363	-0.225386168783657	-0.480542070429268	-0.831907823143063	-0.299480227661042	1.41491390454647	-0.138781401287782	-1.36402122443671	-0.515664618550604	-0.585206887713211	-0.931862518805871	0.438180259069289	0.171913213610695	-0.113688187914837	2.28540864781773	0.572669577130663	-0.490574302306892	-0.853309225514359	1.78975974392057	0.301229071752991	-0.499991243597648	-0.120628303445347
