ensg	symbol	Adipose_Tissue	Adrenal_Gland	Bladder	Blood	Blood_Vessel	Brain	Breast	Cervix_Uteri	Colon	Esophagus	Fallopian_Tube	Heart	Kidney	Liver	Lung	Muscle	Nerve	Ovary	Pancreas	Pituitary	Prostate	Salivary_Gland	Skin	Small_Intestine	Spleen	Stomach	Testis	Thyroid	Uterus	Vagina
ENSG00000078018	MAP2	2.28049419829055	1.42009043005866	1.34029552402964	0.151496356207755	3.93166951529393	5.27772051900828	2.23723310019114	2.03059367326527	1.59266337099018	2.44406515129163	1.89951099377371	1.29884905852194	1.34729897076423	0.816106173741507	3.80390461138023	0.749696167584317	3.42691011790082	2.57247701665013	2.02919407919141	4.96860348968139	2.41844633831483	2.662145513453	3.40105203260927	1.17405749407618	0.888547704176917	1.60441298823258	2.55089433787521	3.97531594970301	1.7726332812148	2.35552426770256
ENSG00000144406	UNC80	0.0313702839378227	1.36118324897837	0.353477227090514	0.0181264689105646	0.0272572725113462	3.31259846184275	0.0480664262825885	0.108761207020995	0.346897510363886	0.101027272665628	0.906367032649722	0.0537833931843531	0.136501764358724	0.0266652322181675	0.0963646904509429	0.0159181091446886	0.193587251698729	0.650014081601246	0.551043594783549	4.54192909797564	0.923418732873959	0.19867786231173	0.0951486891931613	0.194466923056725	0.410720282257778	0.378906356437781	3.11760790043264	0.647799444972271	0.187542200553412	0.106560011302499
ENSG00000139549	DHH	1.15027295241685	0.419538409807206	1.15945521875724	0.0520085267743586	0.900229837317394	0.327553817471105	1.1500022234946	0.967357999005222	0.662809473556212	0.86488754349948	1.02841689969912	0.525383902133253	0.339110763902074	0.135777883692081	1.0425898210434	0.174989246924783	5.47363693057308	0.67514504032229	0.119215187295127	0.955665547855375	0.884063654213672	0.639601692685193	0.454315545837727	0.752089141385912	0.537063693087036	0.48861115016513	5.22457512214326	0.84686406969993	1.11745906421776	0.931811274208658
ENSG00000139636	LMBR1L	4.91107611032865	4.81651014656471	5.246500577852	4.29147670093994	5.05272974980793	3.70958028659345	5.07048784063771	5.44893453607971	4.97096359450101	4.89711511405397	5.36646726374148	3.56734380176519	4.22441500339988	3.39239629902336	5.23822027620915	3.30031567338723	5.59704620429749	5.57664965491079	3.25876507277205	5.6269582143052	5.34133663457679	4.46978719107954	4.71816347113416	5.04142252876172	5.38731546077738	4.12947083102979	5.6724253419715	5.31065710938794	5.54284910093332	5.18296962153522
ENSG00000123416	TUBA1B	5.67237471253484	5.63948064912988	5.6724253419715	5.60704169263046	5.6724253419715	5.64917259048626	5.6724253419715	5.6724253419715	5.6724253419715	5.67240756574751	5.6724253419715	5.55212514832373	5.53376874164245	4.61925054002409	5.67214599348933	5.33006516339948	5.6724253419715	5.6724253419715	4.99637886106737	5.6724253419715	5.65716613120866	5.67112509933	5.67081283114493	5.66947773014911	5.6724253419715	5.65190997862537	5.6721613567065	5.67137478392139	5.6724253419715	5.6724253419715
ENSG00000167552	TUBA1A	5.65203711075015	5.59812386193554	5.64288862734141	5.35216663753179	5.67194590965937	5.67157341615216	5.64885890299641	5.64948151441412	5.56457271588303	5.57409391281961	5.6724253419715	5.43723482113356	4.88643848977814	2.72800572125975	5.66742822051252	3.38355379769159	5.6724253419715	5.6724253419715	4.11782405719209	5.6724253419715	5.63783218315536	5.450807169175	5.65466479738789	5.50598587132754	5.63961389229028	5.18303263802695	5.65710238094106	5.39274207373995	5.6724253419715	5.62376557691536
ENSG00000167553	TUBA1C	4.35923780059432	3.89503399799005	4.37992546170147	3.28769269793973	4.8140995287263	1.9283182595265	4.08871700510957	3.66873099600585	4.23095602352656	4.77714657662083	3.96641352204142	2.92755579069656	3.92383563388976	2.76548392643081	4.54011446678222	2.85272665579887	4.02939300557831	3.91460975438429	2.71030298971908	2.82079401918528	3.71879886909818	4.93780555498697	5.3453365767719	4.56150724167749	3.65089430279134	4.3706974416613	3.40839272659731	4.28145123616653	4.06676418325846	4.88048849859447
ENSG00000140297	GCNT3	0.0505466449897129	0.460453179709092	0.372987643822501	0.191868266038933	0.0369702484936459	0.0514765784220696	0.0951062997702925	1.0009683080553	1.9741934558172	1.16795275144006	0.737748929985486	0.0482937009953485	1.60339269108689	0.168980658364776	0.342876650683647	0.0236994559852273	0.0610768358486729	0.198072248052323	0.535387638041535	0.144653016895876	0.779487316139306	4.6619724393109	0.143532130103501	3.29845733064063	0.144599193632185	1.54133938849039	1.85825293802527	0.696981101484589	0.150984542570202	3.00207169893436
ENSG00000140307	GTF2A2	4.9547630736156	4.76341182035148	5.05988203254361	4.13381440543163	5.29254683753066	4.39658703905593	4.9794215365763	5.32857813266915	5.04188023378543	4.97202577906978	5.26620370871132	4.18452887846451	4.52222600692359	3.51776568695989	4.89392882213169	4.47850574692647	5.20500587893043	5.30411540038263	3.24462032111483	5.36394745203149	5.0995984226706	4.86412203856625	4.75727936753127	4.75004409197123	4.81670845366532	4.49251438885403	5.67039226888241	5.08417940999949	5.28235286495992	5.3943388351354
ENSG00000140299	BNIP2	5.20909719017105	4.10898974803715	5.0194513323322	4.32819259261164	5.39318987589655	3.22367605233417	5.18816495995592	5.10344199850287	4.77636023900212	4.77145128769465	5.16053586604486	3.65536007875963	3.54527776816278	3.6741846013213	5.29324675875021	4.09524000546707	5.19634607955816	4.84560791563867	3.06556013704993	4.07943194233665	4.6942842091532	4.60244397857268	4.76860069267133	4.74660863572551	4.94140910518367	4.17707675288209	4.18949269350774	4.94439953567954	5.26862953537079	5.02530440501738
ENSG00000187741	FANCA	1.03843825590966	1.06368942893673	1.00082186830176	2.11799091241993	0.613560304115919	1.07522430180989	1.12817740190531	1.070465346906	1.26413112870246	1.28771739441647	1.05600430170214	0.52445259384114	0.819090610635442	1.27082623010393	1.95341055040864	0.267310296579056	0.989459475103716	1.15754959937702	0.678569282626576	1.30513788261972	1.23041020386267	1.31599400812952	2.06936435468384	2.30990079320197	2.54945789749242	1.20381407032204	4.69490715567189	1.35977329878724	1.05201326418346	1.68886131765188
ENSG00000204991	SPIRE2	1.39677471624895	1.6344032479213	2.61063009071324	0.387691262298862	0.478580883140983	3.37897469135141	1.81321138781158	1.86072156353256	2.60628085769049	1.60196427436921	2.74187239855033	0.551415454671871	1.71107037604617	2.01040727345077	2.14712121487395	0.203895308360237	1.04524735646017	1.93601672831775	1.07663155225727	4.83027834228466	2.79306214960483	1.95368836280242	1.59569538075676	3.1113634654758	1.24971718157496	2.55666959590464	3.44150776316126	3.54723492422712	1.72891120975959	2.03996643612514
ENSG00000141002	TCF25	5.61298599225043	5.6209300906409	5.65585813866121	5.25080912728459	5.66769885009726	5.14529095270675	5.63924082794094	5.64974289614535	5.61102398887391	5.56929943408586	5.6724253419715	4.5552613099894	4.96546720665223	4.63036177754178	5.66959776785641	4.8151278750739	5.6723449093779	5.67130373932217	4.73244428380776	5.67111812594841	5.65770535004128	5.59734073790928	5.65350393499862	5.60506013132218	5.66676514191552	5.48777875062911	5.66959619928596	5.67099388932132	5.67216096376589	5.64772669082528
ENSG00000258839	MC1R	2.46167213310029	2.32151165993327	3.14378157101991	1.5403531093878	2.5470207433578	2.33571147098587	2.59524073806323	3.43735809143051	2.81334945536696	2.53143336963285	3.90363926499964	1.68553265941867	2.67849992931932	1.22528875791916	2.95185191745358	0.924755215512538	3.08160995560132	3.86120830583129	1.60289161677622	5.04040310744819	3.6788731681549	3.01792466715355	2.71666855194126	3.10390155298012	2.87010147324149	2.30082745098106	5.55174366727507	4.71924871613447	3.31358279201049	3.03267184655682
ENSG00000140995	DEF8	4.61620123400879	4.49088021434463	4.99857868326267	4.7140355829202	4.77243450788448	4.91714258919164	4.67968441913623	5.30339974783611	4.68172495403681	4.84562026775985	5.41532603527446	3.62338894200575	4.38425671807972	3.44484188395217	5.11866885750423	3.37587582714831	5.27347718708165	5.46407840841723	3.95365523234585	5.37109918402125	5.12790212489734	4.57622124603464	4.8892822979285	4.54829273644064	5.27985543024514	4.54357028158172	3.9833746197251	5.34338629395386	5.38696534396322	4.88504958481988
ENSG00000186868	MAPT	2.70793523297816	1.25244842258898	3.13621863026062	0.235071896395884	1.40699034946339	5.51797840576673	3.63484268951292	2.06227950161518	2.9636491277074	2.66635230644308	1.58015992561623	2.18060736981892	3.00986842223686	0.404219677185611	1.24869305228699	5.51400112427881	1.89615179573258	1.12553233196408	0.924403515501492	5.41327927358696	3.10505016956576	2.60099937917793	2.46559202935028	1.64190389066371	0.759663628867575	1.40245552883688	3.36367307011851	1.45553267214519	1.67997388878221	2.03013150212255
ENSG00000256762	STH	0.0549138460552402	0.0163705174330534	0.0495882743362447	0.00621112571343096	0.0207346749801257	0.557952796433903	0.210280884916853	0.0673088908128657	0.0458190603628893	0.0680594871598829	0	0.0461015094868331	0.0326845809986998	0.00578781443914712	0.019715363704671	0.334783432040134	0.0495462123148171	0.0211463270397399	0.010756172336483	0.38010081593488	0.082770909208124	0.0989809873850659	0.0795582943383897	0.0230873024714917	0.0121903437415584	0.0200669424207163	0.25170802335973	0.0210180100038204	0.0472882389648238	0.0615403786829074
ENSG00000120071	KANSL1	3.94632155844943	3.48837746623556	4.26095361441421	3.29259992336104	4.20410288512088	3.08637788117884	4.11842153550647	4.73405257129013	3.92040354226126	4.05948971151286	4.4633001596202	2.47061745476008	2.87032781619678	2.48606349597109	4.16733994140862	3.16087766395333	4.48277254387303	4.71389189836693	3.07450439513121	3.98170187347351	4.11733287859282	3.80384977753526	4.25984433490168	4.05879478804029	4.14771046247071	3.5447075365913	4.61343570556127	4.54352489138986	4.77902249560008	4.50695325175383
ENSG00000228696	ARL17B	0.706101610498769	0.494911233424053	0.891216548979344	0.348436326461894	0.822274059524219	0.593478924602574	0.767808739905586	1.2587335247219	0.736313629741401	0.689866814160451	1.25687621776485	0.275558726784987	0.397350365911636	0.245861342664115	0.719344879486155	0.456347397540494	1.04215146419428	1.1628408799067	0.299912509588685	0.873210248267302	0.930963503513666	0.626050529830682	0.694573422923752	0.720620787438264	0.859971392161886	0.519350056476421	0.651736603117055	0.948023058871298	1.19980999904262	0.899197319117175
ENSG00000176681	LRRC37A	0.650876386757861	0.489781471340536	0.776344956359797	0.52107995176953	0.698382642925388	0.630106250783643	0.725630275057031	1.01551461303186	0.691011562624169	0.674178611422102	0.950807979126783	0.276263297589396	0.476216767138534	0.311534950756524	0.866023255057744	0.42459824265555	0.937880979415407	0.866233123916493	0.338230941332147	1.12841115748061	1.01643800708014	0.700562264382745	0.780597792766128	0.731681052642531	0.921028677250706	0.538002649280966	2.18467544415624	1.01420617593856	0.989462351495156	0.915725466714991
ENSG00000073969	NSF	4.0312055585551	4.31313885157654	4.23150038760689	3.21797112620571	4.07557926521071	5.16252801778516	4.06593074694244	4.27618212938112	4.13399202833234	4.03245963002095	3.99993171070019	2.68465353820003	3.31280261058071	3.00849469157611	4.13041319540457	4.10992312133099	4.24966483248186	3.45771721594169	3.53779750374676	5.52670484327301	4.21153613411531	4.30696180313145	4.57475759724719	4.26492479322278	4.33560103508001	3.89204382241947	4.81656711679546	4.29581073444213	4.10495948714678	4.30427117052982
ENSG00000108379	WNT3	1.19674741589482	0.547142372155965	0.749807415652074	0.122067385987738	0.657786477077842	2.08327671070991	1.55539623439257	1.37730417795484	0.897785095222453	1.29063199109243	1.03547608944681	0.68411033673302	1.21653793221504	2.93093206442256	1.3772367585883	0.151996935439369	1.00035354132548	0.930811272162872	0.584155641070212	1.95419841894537	1.68793137348678	1.40232997196125	3.80142680769381	2.08868773700675	1.02544385756919	0.662708934361723	3.30577790379665	1.81724723162907	1.01602691627843	1.39538985643074
