uniqID	CADD	RDB	E001	E002	E003	E004	E005	E006	E007	E008	E009	E010	E011	E012	E013	E014	E015	E016	E017	E018	E019	E020	E021	E022	E023	E024	E025	E026	E027	E028	E029	E030	E031	E032	E033	E034	E035	E036	E037	E038	E039	E040	E041	E042	E043	E044	E045	E046	E047	E048	E049	E050	E051	E052	E053	E054	E055	E056	E057	E058	E059	E061	E062	E063	E065	E066	E067	E068	E069	E070	E071	E072	E073	E074	E075	E076	E077	E078	E079	E080	E081	E082	E083	E084	E085	E086	E087	E088	E089	E090	E091	E092	E093	E094	E095	E096	E097	E098	E099	E100	E101	E102	E103	E104	E105	E106	E107	E108	E109	E110	E111	E112	E113	E114	E115	E116	E117	E118	E119	E120	E121	E122	E123	E124	E125	E126	E127	E128	E129
5:33756878:A:G	1.875	5	15	15	15	15	5	5	15	15	5	15	15	15	5	15	15	15	15	15	15	15	5	15	5	15	5	5	15	15	15	15	15	15	15	14	15	15	15	15	15	15	15	15	15	15	15	15	15	15	15	15	15	15	15	15	5	5	15	15	14	15	15	7	15	15	15	15	15	15	15	15	14	15	15	15	15	15	15	5	15	15	5	15	15	15	15	7	15	5	15	15	15	15	15	15	7	15	15	15	15	15	15	15	15	15	15	15	15	15	15	15	15	15	15	15	14	15	15	7	5	15	15	15	5	5	15	5	5
5:33794113:C:T	1.966	5	15	5	7	15	15	7	15	15	5	15	15	7	4	7	7	15	5	7	15	7	15	7	7	15	1	5	15	5	9	15	15	15	14	14	15	15	15	15	15	15	15	15	15	15	15	15	15	15	5	15	15	5	15	15	2	2	14	15	15	15	15	2	5	15	15	1	14	15	15	14	15	15	15	15	15	15	15	4	15	15	15	15	14	15	14	5	7	7	15	7	15	15	14	5	5	9	15	15	15	15	15	5	15	14	15	15	14	15	15	15	15	15	15	15	14	13	5	5	5	15	14	15	5	2	15	5	5
5:33794627:A:C	11.440	4	7	5	15	15	7	6	7	15	5	15	15	7	6	7	7	7	7	5	15	7	15	7	7	7	2	7	15	5	9	15	15	15	14	14	15	15	15	15	14	15	15	15	15	15	15	15	15	15	7	15	15	7	15	15	2	1	14	15	15	15	15	2	5	15	15	1	14	15	15	14	15	15	15	15	15	15	15	6	15	15	15	15	14	15	14	5	7	7	15	7	15	15	14	7	5	15	15	15	15	15	15	5	15	14	1	15	14	15	7	15	15	15	15	15	14	14	5	7	5	7	14	15	7	2	15	7	6
5:33794724:A:C	4.604	NA	7	5	15	15	7	6	7	15	5	15	15	7	6	7	7	7	7	5	15	7	15	7	7	7	2	7	15	5	9	15	15	15	14	14	15	15	15	15	14	15	15	15	15	15	15	15	15	15	7	15	15	7	15	15	2	1	14	15	15	15	15	2	5	15	15	1	14	15	15	14	15	15	15	15	15	15	15	6	15	15	15	15	14	15	14	5	7	7	15	7	15	15	14	7	5	15	15	15	15	15	15	5	15	14	1	15	14	15	7	15	15	15	15	15	14	14	5	7	5	7	14	15	7	2	15	7	6
5:33795167:A:G	0.267	5	15	5	15	15	7	7	5	15	5	15	15	7	7	7	5	7	7	5	15	5	15	15	7	5	7	7	15	5	9	15	15	15	14	14	15	15	15	15	14	15	15	15	15	15	15	15	15	15	15	15	15	15	15	15	1	1	14	15	15	15	15	5	5	15	15	15	14	15	15	14	15	15	15	15	15	15	15	5	15	15	15	15	14	15	14	5	15	7	15	7	15	15	14	15	5	15	15	15	15	15	15	15	15	14	7	15	14	15	7	15	15	15	15	15	14	14	5	5	5	7	14	15	7	2	15	7	7
5:33795799:C:G	2.438	5	15	7	15	7	7	5	5	15	5	7	7	7	7	7	5	7	5	7	15	5	15	15	5	5	2	15	15	5	15	15	15	15	14	14	15	15	15	15	14	15	15	15	15	15	15	15	15	15	15	15	15	15	15	15	2	2	14	15	15	15	15	5	5	15	15	15	14	15	15	14	15	15	15	15	15	15	15	5	15	15	15	15	14	15	14	5	15	7	15	7	15	15	14	15	5	15	15	15	15	15	15	9	15	14	7	15	14	15	5	15	15	15	15	15	14	14	7	5	5	15	14	15	7	2	15	7	7
5:33801981:A:C	0.977	5	15	5	15	15	15	5	5	15	5	15	7	15	5	15	15	15	5	15	15	15	15	15	5	15	5	15	15	5	15	15	15	15	15	14	15	15	15	15	14	15	15	15	15	15	15	15	15	15	15	15	15	15	15	15	5	5	14	15	15	15	15	5	5	15	14	15	15	15	15	14	15	15	15	15	15	15	15	5	15	15	5	15	14	15	14	5	15	5	15	15	15	15	14	15	5	15	15	15	15	15	15	15	15	14	15	15	15	15	15	15	15	15	15	15	13	15	5	5	5	15	15	15	5	5	15	5	5
5:33809798:C:T	2.867	3a	7	5	7	15	5	5	5	15	7	15	15	7	7	7	7	7	7	7	7	7	15	15	5	7	7	5	15	5	15	15	15	15	15	14	15	15	15	15	14	15	15	15	15	15	15	15	15	15	5	15	14	7	15	15	7	5	5	15	15	15	15	5	5	15	15	15	15	15	15	15	15	15	15	15	15	15	15	5	15	15	5	15	14	15	15	5	15	15	15	15	15	15	15	15	5	15	15	15	15	15	15	15	15	14	15	15	15	15	15	15	15	15	15	15	14	15	5	7	7	7	15	15	7	7	15	7	7
5:33811196:C:T	7.524	5	7	15	15	15	7	5	7	15	4	15	7	15	7	7	15	15	7	15	15	15	15	15	2	15	7	5	15	7	9	15	15	15	15	14	15	15	15	15	14	15	14	15	15	15	15	15	15	15	5	15	14	7	15	15	7	5	5	15	15	15	15	7	8	15	15	15	15	15	15	15	15	15	15	15	15	15	15	4	15	15	5	15	14	15	15	5	15	15	15	15	15	15	15	15	7	15	15	15	15	15	15	15	7	15	15	15	15	15	15	15	15	15	15	9	14	15	7	6	7	7	15	15	7	7	15	5	6
5:33814705:A:G	0.851	6	15	15	15	15	15	5	15	15	5	15	5	15	5	15	15	15	5	15	15	15	15	15	5	15	5	5	15	15	15	15	14	15	14	14	15	15	15	15	14	15	14	15	15	15	15	14	15	15	5	15	14	5	15	15	5	5	5	15	15	15	15	15	15	14	15	15	15	15	15	15	15	15	15	15	15	15	15	7	15	15	5	15	14	15	15	5	15	15	15	15	15	15	15	15	5	15	15	15	15	15	15	9	15	15	15	15	15	15	15	15	15	15	15	15	14	15	5	5	5	5	15	15	5	5	15	5	5
5:33817367:C:T	6.696	3a	15	15	15	15	15	15	15	15	7	15	5	15	5	5	15	15	7	15	15	5	15	15	7	7	7	7	15	7	15	15	14	15	15	14	15	15	15	15	15	14	14	15	15	15	15	14	14	15	7	15	14	7	15	15	7	15	7	7	15	15	15	15	15	14	15	15	15	15	15	15	15	15	15	15	15	15	15	7	15	15	15	15	14	15	15	5	15	15	15	15	15	15	15	15	5	15	15	15	15	15	15	15	15	15	15	15	15	15	15	15	15	15	15	15	14	15	7	7	7	7	15	15	7	7	7	5	7
5:33817865:C:T	5.590	NA	15	15	15	15	15	15	15	15	15	15	5	15	5	5	15	15	15	15	15	5	15	15	15	5	7	7	15	5	15	15	14	15	15	14	15	15	15	15	15	14	14	15	15	15	15	14	14	15	15	15	14	7	15	15	15	15	15	7	15	15	15	15	15	14	15	15	15	15	15	15	15	15	15	15	15	15	15	5	15	15	15	15	14	15	15	5	15	15	15	15	15	15	15	15	5	15	15	15	15	15	15	15	15	15	15	15	15	15	15	15	15	15	15	15	14	15	15	7	5	7	15	15	5	15	7	7	7
5:33825582:A:T	6.630	6	15	15	15	15	15	15	15	15	5	15	15	15	15	15	15	15	7	5	15	15	15	15	7	15	2	7	15	5	15	15	15	15	15	14	15	15	15	15	15	14	14	14	15	14	15	15	15	15	7	15	14	7	15	15	5	5	14	15	15	5	15	7	15	14	15	15	15	15	15	15	15	15	15	15	15	15	15	7	15	15	7	15	15	7	15	7	15	15	15	15	15	15	15	15	15	15	15	14	15	15	15	9	15	15	15	15	14	15	15	15	15	15	15	7	13	15	15	7	7	15	15	15	7	7	15	7	7
5:33827677:C:T	3.029	NA	15	15	15	15	15	5	15	15	5	15	15	15	15	15	15	15	15	5	15	15	15	15	7	15	7	7	15	7	15	15	15	14	15	14	15	15	15	15	15	14	14	14	15	14	15	15	15	15	7	15	14	7	15	15	5	7	14	15	15	7	15	5	15	14	15	15	14	15	15	14	15	15	15	15	15	15	15	7	15	15	7	15	15	15	15	5	15	15	15	15	15	15	15	15	15	15	15	14	15	15	15	9	15	15	15	15	14	15	15	15	15	7	15	15	13	14	7	7	5	7	15	15	7	7	15	5	7
5:33828707:C:T	6.277	NA	15	15	15	15	15	5	15	15	5	15	15	15	15	15	15	15	15	15	15	15	15	15	7	15	7	5	15	5	15	15	15	14	15	14	15	15	15	15	15	14	14	14	15	14	15	15	15	15	5	15	14	7	15	15	5	5	14	15	15	5	15	7	15	14	15	15	14	15	15	14	15	15	15	15	15	15	15	7	15	15	5	15	15	15	15	5	15	15	15	15	15	15	15	15	15	15	15	14	15	15	15	9	15	15	15	15	14	15	15	15	15	7	15	15	13	14	5	7	5	15	15	15	7	7	15	5	7
5:33831013:A:G	3.730	6	15	15	15	15	15	5	15	5	5	15	15	5	15	15	15	15	15	15	15	15	15	15	5	15	5	5	15	5	15	15	15	15	15	14	15	15	15	15	15	14	14	14	15	14	15	15	15	15	5	15	14	5	15	15	5	5	14	15	15	15	15	5	15	14	15	15	14	15	15	14	15	15	15	15	15	15	15	5	5	15	5	15	15	15	15	5	15	15	15	15	15	15	15	15	15	15	15	14	15	15	15	15	15	15	15	15	14	15	15	15	15	14	15	15	13	14	5	5	5	15	15	15	5	5	15	5	5
17:44040184:A:G	1.445	7	15	14	15	15	15	14	15	15	14	14	15	15	15	15	15	15	13	15	15	15	15	5	14	15	14	14	14	14	14	14	14	14	14	14	14	14	15	15	15	15	15	15	15	15	15	15	15	14	14	14	15	14	4	15	14	14	14	14	14	14	14	5	15	15	5	4	4	4	4	4	4	4	15	15	14	14	15	14	5	4	14	14	14	15	15	14	14	14	14	14	14	5	15	15	15	5	14	5	14	14	15	15	15	14	4	5	14	14	14	15	15	15	14	14	15	15	14	14	14	14	14	14	14	14	14	14	14
17:44068339:A:G	6.080	2b	15	15	7	15	15	14	5	15	14	14	15	15	15	15	15	15	13	15	15	15	15	7	14	7	14	14	15	14	15	15	15	15	15	14	15	14	15	15	15	15	15	15	15	15	15	15	15	15	14	15	15	14	4	5	13	14	14	14	14	15	15	5	15	15	4	4	6	4	5	4	4	7	15	15	15	15	5	14	5	4	15	15	15	15	15	15	14	14	14	14	15	15	15	15	15	15	15	5	15	15	15	5	5	15	4	5	15	15	5	15	15	15	15	15	15	5	15	14	14	14	15	15	15	14	14	14	14
17:44086267:A:G	6.281	1f	15	15	15	15	15	5	15	15	14	14	15	14	15	15	15	15	13	15	15	15	15	15	5	15	14	15	15	14	15	15	14	15	15	14	15	15	15	15	15	15	15	15	15	15	15	15	15	15	5	15	15	14	5	15	14	14	14	14	14	15	15	7	15	15	5	5	5	5	14	5	5	5	15	15	15	15	5	14	5	5	15	15	15	15	15	15	14	15	14	14	15	15	15	15	15	5	15	15	15	15	15	5	5	14	5	7	15	15	14	15	15	15	15	15	15	7	15	14	5	15	14	15	15	13	14	15	14
17:44090393:C:T	5.449	5	15	15	15	15	7	5	7	15	14	14	15	14	15	15	15	15	14	15	15	15	15	7	14	15	14	15	15	14	15	15	14	15	15	14	15	15	15	15	15	15	15	15	15	15	15	15	15	15	5	15	15	5	5	15	12	7	14	14	12	15	15	5	15	15	6	5	6	4	6	6	5	6	15	15	15	15	5	14	5	4	15	15	15	15	15	15	7	7	12	13	15	15	15	5	15	5	5	15	15	15	15	5	5	15	4	5	15	15	7	15	15	5	15	15	15	7	15	5	14	15	14	15	5	5	14	14	14
17:44095724:T:TA	4.431	NA	9	15	15	15	5	5	15	15	5	5	5	5	5	15	15	5	7	15	15	5	15	5	5	5	5	5	5	5	15	15	15	7	7	7	15	15	7	7	15	15	15	15	7	7	15	7	7	7	5	15	15	5	4	5	5	5	5	15	5	15	15	5	15	15	5	5	5	5	6	5	4	6	15	15	15	7	15	5	5	6	15	15	5	15	15	5	5	5	14	5	15	15	15	7	15	7	5	15	15	15	15	5	5	15	5	6	15	15	5	5	5	5	15	15	15	5	5	5	5	7	15	15	5	5	14	5	5
17:44104612:T:TG	3.232	NA	7	7	7	15	4	4	5	5	4	4	6	7	4	6	6	6	4	7	6	4	5	7	4	7	4	4	4	5	6	7	6	7	4	4	5	6	5	5	4	5	5	5	4	5	5	6	5	5	4	6	6	4	4	4	4	4	4	4	6	4	4	6	4	4	6	6	6	4	6	6	6	7	5	6	4	6	5	6	7	4	7	4	4	5	15	4	6	6	6	4	4	4	5	4	5	7	4	5	4	4	5	5	4	4	6	7	5	5	4	4	4	4	4	6	5	4	5	5	5	5	5	6	5	5	5	4	4
17:44113969:C:T	4.587	5	4	5	4	5	4	5	4	4	4	4	4	4	4	4	4	4	4	4	4	4	5	5	4	4	4	4	4	4	4	4	4	4	4	4	4	4	4	4	4	4	4	4	4	4	4	4	4	4	4	4	4	4	4	4	4	4	4	4	5	6	4	4	4	4	5	4	4	4	4	4	4	4	4	4	4	4	4	4	5	4	5	4	4	4	5	4	4	4	4	4	4	4	4	4	4	5	4	7	4	4	4	5	4	4	7	6	4	5	4	4	4	4	4	4	4	4	4	4	4	4	4	4	4	5	4	5	4
17:44118269:A:G	3.720	6	4	4	4	5	5	5	5	5	4	4	4	4	4	4	4	4	5	5	4	4	5	5	4	4	4	4	4	4	4	4	4	4	4	4	4	4	5	4	4	5	4	4	4	4	5	4	4	4	4	4	4	4	4	5	4	5	5	4	5	5	4	4	5	4	5	5	5	5	5	5	5	5	5	5	4	5	5	4	5	4	5	4	5	4	5	4	4	4	4	5	4	5	5	5	5	5	5	4	4	4	5	5	5	5	5	4	4	5	5	4	5	4	4	4	5	4	4	4	4	4	4	4	4	4	4	5	4
17:44120287:A:AT	4.531	NA	4	5	4	5	5	5	5	5	4	6	4	5	4	4	4	4	5	5	4	4	5	5	4	4	4	4	4	4	4	4	4	4	4	4	4	4	5	5	4	4	4	4	4	4	4	4	5	5	4	4	4	4	5	5	5	5	5	4	5	5	4	4	5	4	7	6	7	5	7	7	5	7	7	4	6	6	5	4	5	5	5	6	7	6	7	4	4	4	4	5	4	7	5	5	5	5	5	5	6	6	5	5	5	5	5	5	5	5	4	4	5	4	4	4	4	6	4	4	4	4	4	4	4	4	4	4	4
17:44124640:A:G	10.870	2b	4	5	4	5	5	5	5	4	4	4	4	4	4	4	4	4	4	4	4	4	5	5	6	4	4	4	4	4	4	4	4	4	4	4	4	4	5	4	4	5	4	4	4	4	4	4	5	5	4	4	4	4	4	4	4	4	4	4	5	6	4	6	5	7	5	4	5	4	4	5	5	6	5	7	4	4	4	4	5	4	5	4	4	4	5	4	4	4	4	4	4	5	4	5	5	5	4	5	4	4	5	5	5	4	6	7	5	5	4	4	5	6	4	4	6	4	4	4	4	4	4	4	5	5	5	4	4
17:44132301:A:C	1.139	5	5	5	5	5	5	5	5	5	4	4	4	5	4	5	5	5	5	5	5	4	5	5	5	5	5	5	5	5	4	5	5	5	5	4	5	4	5	5	5	5	5	5	5	4	5	5	5	5	5	5	5	5	5	4	5	5	5	5	5	5	5	5	5	5	5	5	5	5	5	5	5	5	5	5	5	5	5	5	5	5	5	5	4	5	5	5	5	5	5	5	4	5	5	5	5	5	5	5	5	5	5	5	5	5	5	5	5	5	5	5	5	5	4	5	5	4	5	5	5	5	5	4	5	5	5	5	5
17:44132659:A:G	0.551	7	5	5	5	5	5	5	5	5	4	4	5	5	4	5	5	5	5	5	5	5	5	5	5	5	5	5	5	5	4	5	5	5	5	4	5	5	5	5	5	5	5	5	5	4	5	5	5	5	5	5	5	5	5	5	5	5	5	5	5	5	5	5	5	5	5	5	5	5	5	5	5	5	5	5	5	5	5	5	5	5	5	5	4	5	5	5	5	5	5	5	4	5	5	5	5	5	5	5	5	5	5	5	5	5	5	5	5	5	5	5	5	5	4	5	5	5	5	5	5	5	5	4	5	5	5	5	5
17:44136030:C:T	0.856	NA	7	5	5	15	5	5	5	5	4	5	5	5	5	6	7	5	5	5	5	6	5	5	5	5	4	4	4	5	4	5	4	4	4	4	4	4	6	5	5	5	4	5	5	4	5	4	5	5	5	4	4	5	4	5	5	5	5	4	5	5	4	5	5	5	5	5	5	5	7	5	5	5	5	5	4	5	5	5	5	5	5	4	4	5	5	5	4	5	4	5	6	5	5	5	5	5	5	5	4	4	5	7	5	4	5	5	5	5	5	4	5	6	4	4	5	4	5	5	5	7	5	4	5	5	5	5	5
17:44136576:A:T	6.841	6	7	5	5	15	4	6	5	5	4	5	5	5	5	5	5	5	5	5	5	4	5	5	5	5	4	4	4	5	4	5	5	4	4	4	4	4	7	4	5	5	4	5	5	4	5	4	5	5	4	4	4	5	4	5	4	5	5	4	5	5	4	7	5	4	5	5	5	5	7	5	5	5	5	5	4	5	5	5	5	5	5	4	4	5	5	5	4	4	4	5	6	5	5	5	5	5	5	5	4	4	5	7	5	4	5	7	5	5	5	6	5	6	4	4	5	4	5	5	4	5	5	4	5	5	5	5	5
17:44141279:A:T	0.887	6	5	5	5	15	5	5	5	5	4	4	4	4	6	4	4	4	4	5	4	4	5	15	7	5	6	7	4	5	4	4	4	4	4	4	5	4	5	5	4	5	4	5	4	4	4	4	5	5	7	4	4	7	4	4	5	5	7	5	5	6	4	5	5	4	5	5	5	5	5	5	5	5	5	7	4	4	5	4	5	5	6	5	5	5	5	4	4	4	4	5	4	5	4	5	5	5	7	5	4	5	5	5	5	4	5	5	5	5	5	4	5	6	4	5	6	4	5	6	7	5	4	4	6	7	7	7	7
17:44143470:C:T	0.488	7	4	4	4	15	4	4	5	4	4	4	4	4	4	4	4	4	4	4	4	4	4	15	4	4	4	4	4	4	4	4	4	4	4	4	4	4	5	4	4	4	4	4	4	4	4	4	4	4	4	4	4	4	4	4	4	4	4	4	5	4	4	4	4	4	4	4	6	4	4	4	4	4	5	6	4	6	4	4	5	4	5	4	4	4	5	4	4	4	4	4	4	5	4	4	5	5	5	4	4	4	6	5	4	4	4	4	4	5	5	4	4	4	4	4	4	4	4	4	4	5	4	4	4	4	4	4	4
17:44147404:A:C	4.415	7	5	5	5	15	5	5	5	5	5	4	4	5	5	5	5	5	5	5	5	5	5	15	5	5	5	5	5	5	5	5	5	5	5	5	5	5	5	5	5	5	7	5	5	5	5	5	5	5	5	5	5	5	5	5	5	5	5	5	5	5	5	5	5	5	5	5	5	5	5	5	5	5	5	5	5	5	5	5	5	5	5	5	5	5	5	5	5	5	5	5	4	5	5	5	5	5	5	5	5	5	5	5	5	5	5	5	5	5	5	5	5	7	4	5	5	4	5	5	5	5	5	5	5	5	5	5	5
17:44148705:A:C	4.789	5	7	5	5	15	5	5	7	5	5	6	7	7	7	7	5	7	7	7	7	7	5	15	7	7	7	5	7	5	5	5	5	4	5	5	5	5	5	5	7	5	6	5	5	5	5	5	5	7	5	5	5	5	5	7	5	5	5	5	5	5	5	5	5	5	5	7	5	5	7	5	7	5	5	7	5	7	5	5	5	5	5	5	5	5	5	5	5	5	5	5	4	5	5	5	5	5	5	7	5	5	7	5	5	5	5	7	5	5	5	5	5	7	4	5	5	4	5	6	7	5	5	5	5	5	5	7	5
17:44155890:T:TA	2.078	NA	8	5	4	5	5	5	7	5	4	4	4	5	4	4	4	4	4	5	5	5	5	5	7	7	4	4	4	5	4	5	4	4	4	4	4	4	5	5	5	5	6	6	4	4	5	4	5	5	5	4	4	4	4	5	5	5	4	4	5	5	4	7	5	5	15	15	5	7	5	5	15	5	5	7	4	5	5	5	15	5	7	4	5	5	5	5	4	6	5	5	4	7	7	4	5	5	5	7	5	5	5	5	5	5	7	7	5	5	5	5	5	6	4	4	5	4	5	5	7	5	2	4	5	5	5	5	5
17:44161441:C:T	0.920	7	5	5	5	5	5	5	5	5	4	5	5	5	5	5	5	5	5	5	5	5	5	7	5	5	5	5	4	5	5	5	5	5	5	7	5	5	7	5	7	5	7	5	7	5	5	7	7	7	5	5	5	5	5	5	5	5	5	5	5	5	4	5	5	5	15	5	5	5	5	5	5	5	5	5	5	5	5	5	15	5	5	5	5	5	5	5	5	5	5	4	5	7	7	5	7	5	5	7	5	5	5	5	5	5	7	7	5	5	5	5	5	5	4	5	5	5	5	5	5	5	5	5	5	5	5	5	5
17:44167366:A:C	1.720	6	5	5	5	5	5	5	5	5	4	4	4	5	4	4	5	5	4	5	5	4	5	5	4	5	4	4	4	4	5	5	4	4	5	5	4	4	7	7	5	7	6	7	4	5	5	5	5	5	4	4	5	5	5	5	5	5	5	5	5	5	5	5	15	5	6	5	5	5	5	5	5	5	5	5	5	5	5	5	15	5	5	4	5	5	5	4	5	5	4	5	4	5	5	5	5	5	15	5	4	4	7	15	5	5	5	5	5	5	5	5	5	4	4	4	4	4	5	4	5	4	4	4	5	5	4	5	5
17:44172679:A:G	1.358	7	5	5	5	5	5	5	5	5	5	5	4	5	5	5	5	5	5	5	5	5	5	5	5	5	5	5	5	5	5	5	4	5	5	5	5	5	5	5	7	5	7	5	5	5	5	5	5	7	5	5	5	5	5	5	5	5	5	5	5	5	5	5	15	5	6	5	5	15	5	5	5	5	5	5	5	5	5	15	15	5	5	5	5	5	5	15	5	5	5	5	4	5	5	5	5	5	15	5	5	5	5	15	5	5	5	5	5	5	5	5	5	5	4	4	5	5	5	4	5	5	4	5	5	5	5	5	5
17:44186267:A:G	6.264	4	7	7	7	7	7	5	5	5	5	5	7	5	7	7	7	7	7	7	7	7	7	5	7	7	7	5	7	7	7	7	4	7	7	7	5	5	7	7	7	7	7	7	7	7	5	7	7	7	7	5	5	5	5	7	5	15	5	7	5	5	5	7	7	7	7	7	7	15	7	7	7	7	7	7	7	7	5	7	15	5	7	7	5	15	7	7	15	7	5	5	5	7	7	5	7	7	15	7	2	2	2	7	7	7	7	7	7	7	7	5	7	2	5	5	5	2	7	15	7	2	7	5	15	5	7	5	15
17:44191722:C:CAAACAA	5.797	NA	5	5	7	5	5	5	15	5	5	5	5	15	5	5	5	5	5	5	5	5	5	5	5	5	5	5	5	5	15	15	5	5	5	5	5	5	7	5	7	5	7	5	5	5	5	5	5	7	5	5	15	5	5	15	5	15	5	5	5	5	5	5	5	5	5	5	5	15	5	5	5	5	5	7	5	5	5	5	15	5	7	5	5	15	5	5	15	5	5	5	5	5	5	5	5	5	15	5	5	5	7	5	5	5	5	5	5	15	5	5	5	5	5	5	5	5	15	5	5	5	7	5	15	5	7	5	5
17:44199290:C:T	5.282	4	7	7	5	5	5	5	5	5	5	5	5	15	5	5	5	5	5	5	7	5	5	5	7	5	5	7	7	5	5	7	7	7	7	5	7	5	7	7	7	7	7	7	7	7	7	5	7	7	7	5	7	7	5	7	5	5	5	5	7	7	7	7	7	7	7	7	7	5	7	2	7	7	15	7	7	7	5	5	15	7	7	7	5	5	7	7	15	5	5	5	5	5	5	5	7	5	15	7	2	7	2	5	7	7	7	7	7	5	7	7	5	7	5	2	5	7	15	7	7	7	5	5	5	5	5	5	7
17:44200023:A:G	6.562	5	5	5	5	5	5	5	5	5	5	5	7	15	5	7	5	5	5	5	7	5	5	5	5	5	5	5	7	5	5	15	7	7	6	7	5	5	7	7	7	7	7	2	7	7	7	7	7	7	7	5	5	5	7	7	5	5	5	5	7	7	7	7	5	5	2	7	7	5	7	7	7	7	15	7	7	7	5	5	15	7	7	7	5	15	7	7	15	7	7	5	5	7	5	5	7	5	5	7	2	7	7	7	7	7	7	7	7	5	7	7	7	6	5	2	5	7	15	5	15	5	6	5	5	5	5	5	5
17:44204373:C:T	5.833	1d	5	5	5	5	5	5	5	5	4	5	5	15	5	7	5	5	5	5	5	5	5	5	5	5	5	5	5	5	5	15	4	5	5	5	5	5	7	7	7	7	7	5	7	5	5	5	7	7	5	5	5	5	5	5	5	5	5	5	5	5	5	15	5	5	7	7	7	5	5	5	7	7	15	7	5	7	5	7	5	5	7	5	5	15	7	5	15	5	5	5	5	5	7	5	5	5	5	5	5	5	7	5	5	5	5	5	5	5	5	5	5	7	5	6	5	5	5	5	15	5	5	5	5	5	5	5	5
17:44206665:A:G	1.310	5	5	5	5	7	5	5	5	7	4	6	7	15	5	7	5	7	5	7	7	5	5	5	7	5	5	7	7	5	5	15	4	4	6	5	5	5	7	7	7	7	7	7	7	7	7	5	7	7	5	5	5	5	7	7	5	5	5	5	5	5	7	7	5	7	7	7	7	7	7	7	7	7	15	7	5	7	5	7	7	7	2	5	5	15	7	7	15	5	5	5	5	5	5	5	7	7	5	7	5	5	7	5	5	5	7	7	5	5	7	5	5	5	4	4	5	5	5	5	7	5	5	5	5	5	5	5	5
17:44212030:A:C	4.910	6	5	5	5	5	5	5	5	5	5	5	5	5	4	5	5	5	5	5	5	5	5	5	5	15	5	5	7	5	5	15	5	5	5	7	5	5	7	7	7	7	7	5	7	5	5	7	7	5	5	15	5	5	5	5	5	5	5	5	15	5	5	5	5	5	5	5	5	5	5	5	5	5	15	5	5	5	5	5	5	5	5	5	5	15	5	5	7	5	15	5	5	5	7	5	7	7	5	5	5	5	5	5	5	5	5	5	5	5	5	5	7	5	5	4	5	5	5	5	5	5	5	5	5	5	5	5	5
17:44212362:C:T	3.168	5	5	5	5	5	5	5	5	5	5	5	5	5	4	5	5	5	5	5	5	5	5	5	5	15	5	5	7	5	5	7	5	5	5	7	5	5	7	7	7	7	7	5	7	5	5	7	7	7	5	15	5	5	5	5	5	5	5	5	15	5	5	5	5	5	5	5	5	5	5	5	5	5	15	5	5	7	5	5	5	5	5	5	5	15	5	5	15	5	15	5	5	5	5	5	5	5	5	5	5	5	5	5	5	5	5	5	5	5	5	5	7	5	5	4	5	5	5	5	5	5	5	5	5	5	5	5	5
17:44219457:C:T	12.170	5	5	5	5	5	5	5	5	5	4	4	5	5	5	5	5	5	7	5	5	5	5	5	7	15	5	5	7	5	7	5	5	7	7	7	5	7	7	7	7	7	7	7	7	7	7	7	7	7	5	7	7	5	5	5	5	5	15	5	15	5	7	7	5	7	7	7	7	5	7	7	5	5	15	7	5	5	5	5	5	5	5	5	4	15	5	5	15	15	15	5	7	5	7	5	7	7	15	5	7	5	5	7	5	7	5	5	7	5	5	5	5	7	5	2	5	7	15	5	15	5	5	2	5	5	5	5	5
17:44219555:A:G	3.311	1f	5	5	5	5	5	5	5	5	4	4	5	5	5	5	5	5	7	5	5	5	5	5	7	15	5	5	7	5	7	5	5	7	7	7	5	7	7	7	7	7	7	7	7	7	7	7	7	7	5	7	7	5	5	5	5	5	15	5	15	5	7	7	5	7	7	7	7	5	7	7	5	5	15	7	5	5	5	5	5	5	5	5	4	15	5	5	15	15	15	5	7	5	7	5	7	7	15	5	7	5	5	7	5	7	5	5	7	5	5	5	5	7	5	2	5	7	15	5	15	5	5	2	5	5	5	5	5
17:44225231:A:G	2.764	5	5	15	5	5	5	5	5	5	4	4	7	5	4	5	7	5	5	5	5	5	5	5	5	5	5	5	5	5	15	5	5	5	7	5	7	5	7	2	7	2	2	7	7	7	7	7	7	7	7	7	7	5	5	5	5	5	5	4	5	5	2	7	5	7	5	7	7	5	7	7	5	5	15	7	5	7	5	7	5	5	5	5	5	15	7	5	15	15	15	5	5	5	5	5	5	5	15	5	5	5	5	5	5	5	7	5	7	5	5	5	5	7	6	2	5	7	15	4	15	5	5	5	5	5	5	5	5
17:44230598:A:G	6.913	5	7	15	5	7	5	5	5	5	5	5	7	5	5	7	7	7	5	7	7	7	5	5	7	5	7	7	7	5	15	5	4	7	7	5	5	7	7	7	7	7	7	7	7	7	7	5	7	7	7	7	7	7	7	5	7	5	5	5	5	7	7	7	5	7	7	7	7	5	7	7	7	7	15	7	7	7	5	5	5	7	7	5	5	15	7	5	15	15	15	5	6	5	5	5	5	5	15	7	7	7	7	5	5	5	7	7	7	7	7	7	5	7	6	2	5	5	15	7	7	7	5	5	5	7	5	7	5
17:44241726:A:G	9.893	5	7	5	5	5	5	5	5	5	8	4	5	15	5	7	5	5	5	7	7	5	5	14	5	5	5	5	7	7	7	7	6	6	6	7	7	7	7	7	7	7	2	7	7	7	7	5	7	7	5	7	2	5	5	5	5	5	7	2	5	7	7	7	5	7	7	7	7	5	7	7	7	7	5	2	5	7	5	5	5	5	7	7	5	15	5	7	5	5	5	7	4	5	7	5	5	5	5	5	7	7	7	5	5	7	7	7	7	7	7	5	5	7	6	6	5	6	7	4	15	7	6	7	5	5	2	15	15
17:44243312:C:G	2.467	7	5	5	5	5	5	5	5	5	4	5	5	5	4	5	5	5	7	5	5	5	5	7	5	5	5	7	5	5	5	5	5	4	5	7	5	5	7	7	7	7	7	7	7	6	5	7	7	7	5	5	5	5	5	5	5	5	5	6	5	7	6	5	5	5	5	5	5	5	5	5	5	5	5	7	5	5	5	5	5	5	5	5	4	15	5	5	5	5	5	4	4	5	7	5	7	5	5	7	5	5	7	7	5	5	7	7	5	5	5	5	5	4	4	5	5	5	5	5	15	5	5	5	5	5	5	15	15
17:44248499:C:G	11.600	4	4	4	4	4	4	4	4	4	4	4	4	4	4	4	4	4	6	4	4	4	4	6	4	4	4	4	4	4	4	2	4	4	6	6	4	4	6	6	6	6	6	6	6	6	4	4	6	6	4	4	4	4	4	6	6	4	4	4	4	4	6	4	4	4	6	6	6	4	6	6	6	6	4	6	4	6	6	4	5	4	6	4	4	4	4	4	4	4	4	4	6	4	6	6	4	6	4	7	4	4	4	5	6	6	4	6	4	7	4	6	4	6	4	4	4	4	4	4	4	4	4	4	4	4	4	4	4
17:44248848:A:G	18.140	1f	4	4	4	4	4	4	4	4	4	4	4	4	4	4	4	4	4	4	4	4	4	6	4	4	4	4	4	4	4	2	4	4	6	6	4	4	6	6	6	6	6	6	6	6	6	4	6	6	4	4	4	4	4	4	4	4	4	4	4	4	4	4	4	4	6	6	6	6	6	6	6	6	4	6	4	6	4	4	5	6	7	4	4	4	4	4	4	4	4	4	6	4	6	6	4	6	4	7	4	4	4	7	6	4	4	6	5	5	6	6	4	4	4	4	4	4	4	4	4	4	4	4	4	4	4	4	4
17:44259690:G:T	0.243	NA	7	7	7	7	5	5	5	7	5	5	7	5	5	7	7	7	5	7	7	7	7	5	15	7	7	5	7	5	5	7	5	5	7	5	5	7	7	7	7	7	7	7	7	7	7	5	7	7	5	5	7	5	7	7	5	5	5	5	7	7	7	7	5	5	7	7	7	5	7	7	7	7	5	7	7	7	5	5	5	5	7	5	5	15	7	7	5	5	5	5	5	5	5	5	5	5	5	5	7	6	7	5	5	5	7	5	5	5	5	5	5	7	5	3	5	5	15	5	15	5	6	5	15	5	5	5	5
17:44263782:G:GGTTA	0.754	NA	5	5	7	5	5	5	14	5	4	5	5	5	5	7	7	7	5	5	7	7	7	5	15	5	5	5	7	7	5	5	6	5	7	7	5	5	7	7	7	7	7	7	7	7	5	7	7	7	5	7	7	5	5	5	5	5	5	6	5	5	5	7	5	5	7	5	5	5	7	7	5	5	5	7	7	7	5	5	7	5	7	5	5	15	5	5	7	5	5	5	7	5	5	5	7	7	5	5	7	5	7	5	5	5	7	7	5	7	7	5	5	7	7	6	5	7	5	5	15	5	7	5	15	5	5	5	5
17:44264420:C:G	0.860	3a	7	5	7	7	5	5	14	7	4	6	7	7	5	7	7	7	5	7	7	7	7	5	7	5	5	7	7	7	5	5	5	5	2	7	5	7	7	7	7	7	7	7	2	7	7	7	7	7	7	7	7	5	5	7	5	5	5	7	5	7	7	7	7	7	7	7	7	7	7	7	7	7	5	7	7	7	5	5	7	7	7	5	5	15	5	7	5	5	5	7	5	5	5	5	7	5	5	7	7	6	7	7	5	5	7	7	7	7	7	7	5	7	2	2	5	7	5	5	15	7	7	5	15	5	7	5	5
17:44268905:A:G	15.940	3a	1	1	1	1	5	5	1	1	1	2	1	1	1	1	1	2	1	1	1	1	1	1	1	1	1	1	1	1	1	2	2	1	2	1	2	2	2	2	1	2	2	1	2	1	1	1	1	1	2	2	2	1	1	1	1	1	1	1	1	1	2	1	1	2	1	1	1	1	1	1	1	2	1	1	1	1	5	1	1	1	1	1	1	1	1	1	1	1	1	1	1	5	1	5	1	5	1	1	1	2	1	1	1	1	1	1	5	1	1	1	5	2	2	1	2	1	1	1	1	2	1	2	1	1	1	1	1
17:44275786:A:AT	1.556	NA	9	9	8	9	5	5	9	5	8	5	8	5	8	9	9	8	5	15	9	9	5	5	5	5	5	5	5	5	15	15	5	5	7	7	5	5	7	7	7	7	7	15	5	5	5	5	7	7	5	5	5	5	5	5	5	5	5	5	5	7	5	5	15	5	5	5	5	15	5	5	5	5	5	7	5	5	5	5	5	15	5	5	5	5	5	5	5	15	5	5	7	5	5	5	5	5	5	5	5	7	5	15	5	5	15	5	15	5	15	5	15	5	5	5	5	5	15	5	5	5	5	5	5	5	8	5	5
17:44304405:C:G	5.209	6	15	15	15	15	15	15	15	15	15	15	15	15	15	15	15	15	15	15	15	15	15	15	15	15	15	15	15	15	15	15	15	15	15	15	15	15	15	15	15	15	15	15	15	15	15	15	15	15	15	15	15	15	15	15	15	15	15	15	15	15	15	15	15	15	15	15	15	15	15	15	15	15	15	15	15	15	15	15	15	15	15	15	15	15	15	15	15	15	15	14	15	15	15	15	15	15	15	15	15	14	15	15	15	15	15	15	15	15	15	15	15	15	15	15	15	5	15	15	15	15	15	15	15	15	15	15	15
17:44305371:A:C	0.197	6	15	15	15	15	15	15	15	15	15	15	15	15	15	15	15	15	15	15	15	15	15	15	15	15	15	15	15	15	15	15	15	15	15	15	15	15	15	15	15	15	15	15	15	15	15	15	15	15	15	15	15	15	15	15	15	15	15	15	15	15	15	15	15	15	15	15	15	15	15	15	15	15	15	15	15	15	15	15	15	15	15	15	15	15	15	15	15	15	15	14	15	15	15	15	15	15	15	15	15	14	15	15	15	15	15	15	15	15	15	15	15	15	15	15	15	5	15	15	15	15	15	15	15	15	15	15	15
17:44310965:A:T	1.542	6	15	15	15	15	15	15	15	15	15	15	15	15	15	15	15	15	14	15	15	15	15	15	15	15	15	15	15	15	15	15	15	15	15	15	15	15	15	15	15	15	15	15	15	15	15	15	15	15	15	15	15	15	15	15	15	15	15	15	15	15	15	15	15	15	15	15	15	15	15	15	15	15	15	15	15	15	15	15	15	15	15	15	15	15	15	15	15	15	15	14	15	15	15	15	15	15	15	15	15	15	15	15	15	15	15	15	15	15	15	15	15	15	15	15	15	5	15	15	15	15	15	15	15	15	15	15	15
17:44326895:C:T	12.550	6	15	14	14	14	5	5	15	15	15	5	15	15	15	7	15	15	14	15	14	15	15	15	15	15	14	14	15	15	15	15	15	15	15	14	15	15	15	15	15	5	5	15	15	15	15	15	15	15	14	5	5	14	14	15	14	15	15	5	15	5	15	15	15	15	15	15	15	15	15	15	15	15	15	15	15	15	15	15	15	15	15	15	15	15	15	14	14	14	14	14	15	15	15	15	15	15	15	15	15	13	15	5	15	14	14	14	15	14	15	15	15	14	15	15	15	15	15	15	13	14	15	15	15	14	14	15	14
17:44330295:A:AC	2.192	NA	15	14	14	14	5	5	9	9	15	15	15	15	15	15	9	15	14	15	15	15	15	9	15	15	14	14	14	15	15	15	15	15	15	14	15	15	15	15	15	5	5	15	15	14	15	15	15	15	14	5	5	14	15	15	14	15	15	5	15	5	15	15	15	15	15	15	15	15	15	15	15	15	15	5	15	15	15	9	15	15	15	9	15	15	15	14	14	14	14	14	15	15	15	15	15	15	15	15	15	15	15	5	15	15	14	14	15	15	15	15	15	14	15	15	15	15	15	15	14	14	15	15	15	14	15	15	14
17:44331785:C:T	0.007	6	15	14	14	14	14	5	15	15	15	15	15	15	15	15	9	15	14	15	14	15	15	15	15	15	14	14	14	15	15	15	15	15	15	14	15	15	15	15	15	5	5	15	15	14	15	15	15	15	14	5	5	14	15	15	14	15	15	5	15	5	15	15	15	15	15	15	15	15	15	15	15	15	15	5	15	15	15	15	15	15	15	15	15	15	15	14	14	14	14	14	15	15	15	15	15	15	15	15	15	15	15	5	15	15	14	14	15	15	15	15	15	15	15	15	15	15	15	15	14	14	15	15	15	14	15	15	15
17:44332959:C:T	7.719	6	15	14	14	14	14	5	15	15	15	15	15	14	15	15	14	15	14	15	14	15	15	15	15	15	14	14	14	15	15	15	15	15	15	15	15	14	15	15	15	5	5	15	15	14	15	15	15	15	14	5	5	14	15	15	14	15	15	5	15	5	15	15	15	15	15	15	15	15	15	15	15	15	15	5	15	15	15	15	15	15	15	15	15	15	15	14	14	14	14	14	15	15	15	15	15	15	15	15	15	15	15	5	15	15	14	14	15	15	15	15	15	15	15	15	15	15	15	15	14	14	15	15	15	14	15	15	15
17:44337122:C:T	8.752	5	13	14	12	13	14	6	15	15	14	15	13	13	15	13	13	13	14	13	13	14	15	7	15	15	14	14	14	15	15	15	15	15	15	7	15	14	15	15	15	5	5	15	15	14	15	7	15	15	14	5	7	14	15	15	7	15	15	5	15	5	15	15	15	15	15	15	15	15	15	15	1	15	1	5	15	15	15	15	14	15	15	15	15	15	15	14	14	14	14	13	14	15	15	15	15	15	15	15	15	7	15	5	15	15	14	7	15	14	15	15	15	15	14	7	15	1	15	15	14	14	15	15	15	14	15	15	15
17:44363616:A:T	10.660	6	5	15	15	15	15	5	15	15	14	5	15	15	15	15	15	15	15	15	15	15	15	5	15	15	5	14	15	15	5	15	15	15	5	15	15	15	5	15	15	15	5	5	5	15	15	15	15	15	15	15	15	15	15	15	14	15	15	5	15	5	15	15	15	15	15	15	15	15	15	15	15	15	15	15	15	15	15	15	15	15	15	15	5	15	15	15	15	15	15	5	15	15	15	15	15	15	15	15	15	5	15	15	15	15	15	15	15	5	15	15	15	5	15	15	15	5	15	5	5	15	14	15	7	5	5	15	5
17:44794558:C:G	11.170	6	15	15	15	15	5	5	5	15	4	4	4	5	5	5	5	5	5	15	15	5	15	15	4	5	4	4	4	4	4	4	4	5	4	4	5	4	5	5	5	5	4	5	4	4	4	4	5	5	4	5	4	5	5	5	5	5	5	5	15	4	4	4	5	4	5	5	5	5	5	5	5	5	5	5	4	4	5	5	15	5	15	4	5	5	5	5	4	5	5	5	4	5	5	5	5	5	5	5	4	5	4	15	5	4	4	5	5	15	4	4	5	5	4	5	5	5	5	5	5	15	5	4	5	5	5	15	5
17:44819595:G:T	2.727	5	5	15	15	7	5	5	5	5	5	5	7	5	5	5	5	5	5	15	15	5	15	5	5	5	7	5	5	5	5	5	4	5	4	4	5	5	5	5	5	5	4	5	5	5	5	5	5	5	5	5	7	15	5	5	5	5	7	7	5	5	5	5	5	5	5	5	5	5	5	5	5	15	5	15	7	5	5	5	15	5	7	7	7	5	5	5	5	5	5	5	5	5	5	5	5	5	7	5	4	5	5	15	5	4	5	5	5	5	5	5	5	5	5	5	5	5	5	5	5	15	5	4	5	7	7	15	7
17:44833217:A:C	13.540	6	5	15	5	15	5	5	4	5	4	4	4	5	4	4	4	4	4	5	4	4	5	5	4	5	4	4	4	4	4	4	4	6	4	4	4	4	4	4	4	4	4	4	4	4	4	4	4	5	4	4	4	4	4	4	4	4	6	5	7	7	4	4	4	4	4	4	4	4	4	4	5	4	5	5	4	4	4	4	4	5	15	4	5	5	5	4	4	4	4	4	4	4	4	4	4	4	15	4	4	4	4	15	5	4	4	4	5	5	4	4	4	4	4	4	5	4	4	4	4	5	4	4	5	5	5	5	4
