ensg	symbol	8_pcw	9_pcw	12_pcw	13_pcw	16_pcw	17_pcw	19_pcw	21_pcw	24_pcw	26_pcw	37_pcw	4_mos	10_mos	1_yrs	2_yrs	3_yrs	4_yrs	8_yrs	11_yrs	13_yrs	15_yrs	18_yrs	19_yrs	21_yrs	23_yrs	30_yrs	36_yrs	37_yrs	40_yrs
ENSG00000003249	DBNDD1	-0.678663916232522	-0.433679204469809	-0.185173820371835	-0.330314949709256	0.135525525356836	0.206781626726246	0.411633026185304	0.0767966048662366	0.460306720853173	-0.860582812548087	-0.177292105036024	-0.183176030171666	0.243173151363767	0.15898117547215	-0.945133840142879	-0.149843282330135	-0.00109749052170205	0.263927086413098	-0.0374161623782479	0.634697368315706	-0.174963401778905	-0.0767597424651727	0.511514990522573	-0.138079558906948	-0.0943819236646922	0.807439716622791	0.230116663473591	0.0734531463067343	0.170953643580915
ENSG00000073969	NSF	-0.867256063299814	-0.864951212769077	-0.0229721305531507	-0.53734725426309	-0.736277248662182	-0.919235703424338	-1.28789996963384	-0.534079756022329	-0.0431186362196871	-1.06866093228443	-0.111485920736695	0.411173103938378	0.745609875609909	0.809073385842785	-2.44180172108415	-0.558425054482179	0.756509981076235	0.809073385842785	0.809073385842785	0.737770500705894	0.809073385842785	-0.488784638106247	0.809073385842785	0.809073385842785	0.665757277000145	0.809073385842785	0.809073385842785	0.809073385842785	0.781676884556835
ENSG00000075399	VPS9D1	-0.457473575822686	-0.260600940654272	-0.325566523912181	-0.221456984519123	0.0876985073108352	0.473311024887392	0.706245264772443	0.263997765063975	0.0761169376370568	-0.449836133036316	0.44377137126529	0.147410460683016	0.0537920444622514	-0.0977714503990179	-0.0659810224148695	-0.165357161772116	-0.0535308385642963	-0.190549161557553	-0.600186147520417	0.132060169514967	-0.451448224527513	0.104123291673936	0.3242956464039	-0.370132629356385	-0.000845374982074043	0.722412487753491	0.201741058585175	0.0804635519728124	0.214791494810803
ENSG00000100592	DAAM1	0.64137727613097	0.6711875020386	1.26722566262243	1.03451914463677	1.20650092281839	1.24489736983346	1.06485780047367	1.52762449859156	1.1227806913288	-0.502236528384059	-0.200578483195154	-0.301843079227174	-0.277629414709268	-0.147782658304214	-1.4923760428477	-1.23238059332859	-1.27138765842545	-1.04142509262856	-0.766938064335202	-1.00236333342152	-0.197848591419612	-1.13476925145452	-1.00352830692615	-0.50079201953122	-0.780003809090871	-1.28707535143458	-0.758627076082131	-0.682777238316561	-0.836555689595871
ENSG00000108379	WNT3	0.217009291280995	0.0911080809885031	0.111419869294218	0.142356266561536	0.598759915836993	0.870450265390478	0.237970164880177	0.750535696217609	0.331166783435388	-0.746711597455411	-0.0377440241808026	-0.0325169061555048	-0.145487337988797	0.0249940245957091	-1.04106062408227	-0.654019891425352	-0.514263641591878	-0.258030582405878	-0.505074848937877	-0.186074107936472	-0.379368325878429	-0.735811221229352	0.082460042158565	0.0818228911549222	-0.384680492227273	0.259698222640156	0.0860127450996019	-0.0696671918126966	-0.336581461022576
ENSG00000120071	KANSL1	0.487470765544323	1.35724291724426	0.726297131651419	0.897406749725434	0.752350719219446	0.587263394951314	-0.164663336969347	0.581475104699853	0.582996639158421	-0.419885190150396	0.136696590699944	-0.464404304435864	-0.832840949081919	-0.361864802780721	-1.36245101951732	-0.825294508361436	-1.35514902027807	-0.859592220082856	-0.712041397290264	-0.120471183182131	-0.208701058369441	-0.884478373348768	-0.112721106824402	-0.420372664763289	-0.354966760332161	-0.199108251950052	0.0503510258473899	-0.0199439293123411	-0.931312418741201
ENSG00000120088	CRHR1	-0.954682969692011	-0.594627991558575	-0.593107464762522	-0.6750474622325	-0.0889891420472499	0.0770940188772263	-0.139185430522201	-0.217264702682331	-0.132765297558298	-0.682410637577083	0.334976478095857	0.591139500652962	0.634708646976054	0.69760822543546	-1.00767704780708	-0.0713250585618228	0.224874193797974	0.108321436932596	0.377321236381533	0.545800378041444	0.385638661304632	-0.226857432168325	0.777186338239915	0.109137482899695	-0.144510951293047	0.937812001630577	0.733962122388117	0.429725421434302	-0.049077906347178
ENSG00000126790	L3HYPDH	-0.120754134763587	0.241055921174027	-0.406065882480122	-0.343034561497097	-0.191984848541758	0.176602328811851	-0.0200281523574799	0.00223697881659023	-0.314358158704575	0.272436980702015	0.303927669920093	0.046736281443904	-0.245928281868011	-0.00755693473903386	0.0410332800690017	0.401305075273244	0.284166101109064	0.124414382643464	-0.0570494246978686	0.00301456599114305	0.185531664053694	0.447238001414368	0.101455723563163	0.0932141814046131	-0.00982685937101067	-0.108044845361601	0.455599100303032	0.218537148639619	0.128739796773586
ENSG00000137801	THBS1	-0.607107151781739	-0.154683394582842	-0.0314134200733828	0.520387691358932	1.62294517758911	1.38884263587464	0.552013652713993	1.88175160809134	1.83381563396715	-0.111291443076571	2.45031787044682	0.522470754099657	0.244316628331264	0.384534048662235	-1.24427764562451	-0.854243015299713	-1.04753726045407	-0.851738987037686	-0.894842879374684	-0.633035602149122	-0.671545933205339	-1.23680762410118	-0.968841877653659	-0.920270644848998	-0.977905826657315	-1.21063075493539	-1.18322914819037	-0.84063429233842	-1.01887926791874
ENSG00000139970	RTN1	0.0771122833204441	0.0977729058701085	0.132446809680264	0.132446809680264	0.132446809680264	0.132446809680264	0.132446809680264	0.132446809680264	0.132446809680264	-0.760984768777615	0.0391138811571877	0.0690272870744202	0.132446809680264	0.132446809680264	-2.48979225923782	-0.598647864033671	0.132446809680264	0.132446809680264	0.132446809680264	0.0477669102031907	0.132446809680264	-0.498284432464637	0.132446809680264	0.132446809680264	0.0141186522390168	0.132446809680264	0.132446809680264	0.132446809680264	0.132446809680264
ENSG00000140995	DEF8	-0.804448199073513	-0.960053491236794	-0.535850547805498	-0.578805094901666	-0.217103157457256	0.191837175479052	0.0922444910541473	0.0683132217410332	-0.061693632800183	-0.412433726154261	0.148474670094482	0.451152307205401	0.408885336531948	0.266914992174593	-0.529371799238141	0.133757999735895	0.502347052097762	0.179482471579125	-0.0179135189810065	0.408650618087289	0.133920376195167	-0.0733716927889874	0.606242505255835	-0.0377449655377763	0.129738445663465	0.870172899761638	0.433936456672651	0.405405570342135	0.352103599757419
ENSG00000141002	TCF25	-0.0279516940264757	-0.0784452862216758	-0.181938701990721	0.0916839273134187	0.141489797263894	0.202887810230376	0.310154154187021	0.178903633983381	0.100065772818363	-0.531626442633398	0.116429396576291	0.0023021039191457	0.497968075264334	0.130607584273728	-0.933640194504214	-0.48343746000658	0.142496779289496	-0.100816226861591	-0.0354936611028061	0.0700045041114756	-0.0441022255320973	-0.399256778387177	0.397188530599524	-0.00358394425963915	-0.01344141113545	0.531585056068794	0.0157929360451016	-0.0997750175867242	0.00344224029712651
ENSG00000141013	GAS8	-0.419654296967273	-0.0341696126911526	-0.484442679733352	-0.48314942167709	0.0492741750721507	0.475615061393219	0.433755664581533	0.241375893667338	-0.255070116496839	0.017329730578336	0.490103112654712	0.155533821104312	-0.27480043531267	-0.377824375964677	-0.292790675487754	0.106792078743204	-0.331964585382666	-0.157308082398898	-0.630730598603049	0.58859768718653	-0.332886545277222	0.420518034875579	0.233369294394383	-0.442639925328154	0.0854279919256411	0.626979448942049	0.436163342567117	0.739497052043715	0.46215414815625
ENSG00000158805	ZNF276	-0.340218564208867	0.356186653093336	-0.341634031454254	-0.106078359875332	0.22739157758398	0.630209883019701	0.613937258463508	0.275731555811403	-0.169638306766228	0.257572782459355	0.193731875969918	-0.132464531459516	-0.613320814906961	-0.288667491912035	0.104584436836859	0.0279752950990919	-0.354929232245138	-0.693178521309462	-0.885069699391186	0.29045712092478	-0.148854446161688	0.376063161788508	0.264520727186697	-0.726747892111573	0.186930198271347	0.621865245030116	0.546379190964918	0.718293322518147	-0.0357115774757078
ENSG00000167523	SPATA33	0.725634661183964	0.23548832401441	0.331505024568431	0.272750358636618	0.52095788851597	0.688793709945811	0.693873296031653	0.541996184354665	0.200229139549322	-0.0988312460708954	-0.0664270459758306	-0.0455694686377652	-0.274017940093711	-0.0524323162076702	-0.65888221600571	-0.573324101363774	-0.196196925609262	-0.398694612802624	-0.463506386000822	-0.274578417715768	-0.41871268950486	-0.395735010798266	-0.273243286663427	-0.373703673759802	-0.484838832410665	0.0953507214133487	-0.30991862949907	-0.464470217321513	-0.299798392466697
ENSG00000176681	LRRC37A	0.0246536425508289	-0.0497696972360927	-0.000129272220390475	-0.022210550345372	-0.0522467670231754	0.0660734283409386	0.0269979736384296	-0.00232344177863577	0.00361956254598483	0.0951506780691074	0.0653654322174764	-0.0255407004798865	-0.0660422021083486	-0.0649331516374602	0.00378509968821762	0.163739123394785	-0.0295297944409073	0.010622736789338	0.0140919623216928	-0.0607162959815737	0.175920415016861	-0.0564685157807093	0.032341231005718	-0.0205394262175315	-0.068568552196204	-0.066212808205658	-0.00762887421981221	-0.0122740211905833	0.0540646464608917
ENSG00000177946	CENPBD1	0.316630776431098	-0.570387807539198	0.380645233944089	0.163623562415362	0.423790198564914	0.482230360243679	0.324098334531271	0.500595873187264	0.220324083366154	-0.0885175049217159	-0.267590549755311	-0.134465448678907	-0.519947695877756	0.00952516601883685	-1.00529067594262	-0.608087287397742	-0.287256647892901	-0.474188593049549	0.0504810825661699	-0.284313339708958	-0.00450490285474734	-0.294773558659211	0.2302143078956	-0.000109982088715932	-0.164939655166561	0.124623591900005	0.0399133862231474	0.142185859735758	-0.0484702111734404
ENSG00000185294	SPPL2C	-0.154454394786076	-0.15546738333924	-0.133452125802154	-0.0969594065574367	0.0569846141037585	0.0597214303323608	0.158182544841059	0.055072286175485	-0.00620493849543126	-0.165643513788689	0.0307908520254061	0.108050056410159	0.208038170905168	0.196086154644221	-0.113337238529375	-0.019246921749945	-0.110861757002953	-0.0200588379282483	0.0195345289148823	0.0303049786474544	0.0590778530867446	-0.0756574729480779	0.109240899190706	-0.0250559526785457	-0.0296678920089252	0.0592227904978258	0.222161688069639	-0.00252072948627173	-0.095940283957326
ENSG00000185829	ARL17A	-0.0767955450579354	0.115175498433731	0.0550100947574869	0.049289017036703	-0.0063884635500365	0.00730572739926225	0.0426662368024567	-0.0941709289847267	0.0359236379374079	0.0253787067386584	-0.0526996270594225	0.096970491061903	-0.118735474062035	-0.106306492510948	-0.0779822925226344	-0.0984182847130517	-0.128347969413675	-0.100607714371605	-0.0319646618855374	-0.0394038723615526	0.0913985339813508	0.239552033344698	0.0357385339705548	-0.0101406548101604	-0.0887374796339287	-0.173481628745429	0.375991285767941	-0.0197027702227396	-0.143354647526406
ENSG00000186665	C17orf58	0.347887958202077	0.503247032606648	0.640737478637132	0.489370102987272	0.427875363766381	0.586620515729159	0.464352866379325	0.737214074630933	0.689911368109882	-0.107916459803377	0.810914059758224	0.34376532891497	-0.778345671332504	-0.589833077586297	-0.717765178271562	-0.277628209814804	-0.0176826191463795	-0.449620688961008	-0.534004528052803	-0.680909091841444	-0.467709709755386	-0.40854801452589	-0.736274487179356	-0.905301629775031	-0.480846702815864	-0.598118215058854	-0.664727024378297	-0.801051385888991	-0.20298268994564
ENSG00000186868	MAPT	-0.258556456013493	-0.0523821728257324	0.0890112008074455	0.0782994891156369	0.0885403528884137	0.0890112008074455	0.0890112008074455	0.0890112008074455	0.0890112008074455	-0.33240311234908	0.0559429451042447	0.0580334511197711	0.0890112008074455	0.0890112008074455	-1.05209373467518	-0.199434437799522	-0.434479932893274	-0.0156766841689958	0.034398747447909	0.0890112008074455	0.0890112008074455	-0.275855549120162	0.0890112008074455	0.0890112008074455	0.0759849839536987	0.0890112008074455	0.0886725577972973	0.0890112008074455	-0.0715006847516734
ENSG00000187741	FANCA	0.402300109016258	1.31017258312827	-0.108237293407118	0.136001494160331	0.332175316482388	0.565255805319979	0.360543082638877	0.231301948013227	0.0601901852857039	-0.00418687385675979	0.0437720167841512	-0.203842647479945	-0.455248637452635	-0.287364004938255	-0.349744765945699	-0.308611626102353	-0.282546378004228	-0.614808814786502	-0.497153005721035	0.00539291988532943	-0.218143768189634	-0.130524919745763	0.0319031785479078	-0.691111094723539	-0.166649069321077	0.278588889587092	0.25638605587979	0.327506579175352	-0.241879002977981
ENSG00000198211	TUBB3	0.0501285916836292	0.0501285916836292	0.0501285916836292	0.0501285916836292	0.0501285916836292	0.0501285916836292	0.0501285916836292	0.0501285916836292	0.0501285916836292	0.0501285916836292	0.0501285916836292	0.0501285916836292	0.0501285916836292	0.0501285916836292	-0.935731375862073	-0.0112003280971351	0.0501285916836292	0.0455834745007165	-0.000917034884760566	0.0280809215823599	0.0501285916836292	-0.291639012081532	-0.00318404213679113	0.0501285916836292	0.0415922176653808	0.0501285916836292	-0.000346923030761337	-0.248971429284421	0.00312719285765475
ENSG00000204991	SPIRE2	-0.508035522104896	-0.183334836657306	0.0634158235795966	0.164754129744493	0.424588869856022	0.924298937158692	1.03137256962327	0.661893143326495	0.136480714899386	-0.686010279325486	0.407644981826886	0.149050273527518	0.114340823394021	-0.125039598047594	-1.09319825833134	-0.610900437915723	-0.347822945855928	-0.62473407705421	-0.578650072936237	0.0450113983169603	-0.433059106091561	-0.364512266055158	0.13603711746304	-0.439225936680917	-0.328231604136498	0.43122073818934	0.129611885540734	-0.045018938460556	0.0256925512238207
ENSG00000221819	C16orf3	-0.359151624002687	-0.238765750112379	-0.299565354265405	-0.269728466356053	0.134692310883849	0.39471765614853	0.565410921960228	0.0988990361153212	-0.312598947722711	0.138097933919405	0.445762312942262	0.0880717375761243	-0.238421409749765	-0.154614475643169	0.430770973569716	0.11389466650403	-0.214971964486138	-0.250284498160928	-0.24143083768608	0.277270940639073	-0.180162834536067	0.340981422641449	0.0301783314162166	-0.27510862305918	-0.00502527372636455	-0.0717438680787846	0.183749040515873	0.815082929155803	-0.100589536872968
ENSG00000228696	ARL17B	0.00972452362301711	0.00591539321765361	-0.00457358393804833	0.00340752278459766	-0.00146512080421493	0.00229689684242609	0.0159068061196142	-0.0136166670699293	0.00666259157731411	-0.0375337570129621	-0.0224854690591414	0.00940731496067516	-0.0379851086842989	-0.00154505374061723	-0.00437348136236489	-0.0207823006474185	-0.0084381444057835	-0.00769612853669149	0.0137319221298871	0.00722264117445592	-0.0341136133673867	-0.014569418940149	0.0621325767377793	0.0132614432373139	-0.0223255237771844	0.0164810037242353	-0.0243170727122935	0.0291654489055426	-0.00682202171562884
ENSG00000238083	LRRC37A2	-0.241545178925878	0.332999200971804	-0.0453419186200408	0.111006118374628	-0.0892352137802241	0.0574013440391119	-0.0310680797514827	-0.0703693004709177	0.0779493338575266	-0.0549568403783295	0.0742157706215804	0.13483719990839	-0.206220574309255	-0.185949176710271	-0.215735990715898	-0.0198779223053891	-0.263784963507206	-0.148193786458714	-0.116534922363125	-0.102099005507586	0.153222160424064	0.312390921375619	0.16862686263843	0.177227809125556	-0.164749060111124	-0.36703140126262	0.672796778399349	-0.0342247069717918	-0.173038654636489
ENSG00000256762	STH	-0.204362902994452	-0.0426440141792842	-0.160635161260361	-0.14717788094696	-0.0540639475457101	0.113683844180616	0.267855710048661	-0.0607776231985795	-0.199158199973927	0.0925914244936621	-0.156765655145399	-0.0899311361444018	-0.00385223440624372	-0.0211784987130193	0.253105076645538	0.123047208523676	-0.190224151547082	-0.10369119792316	0.0970539352954754	0.17463432327266	-0.0746490848493752	0.184138363173924	0.119740958461116	0.0375576371698792	0.153387068113239	-0.0374634962527055	0.672164230736948	0.284735922142529	-0.136097990528768
ENSG00000258839	MC1R	-0.232947455763097	-0.170282481191866	-0.0448449777699726	-0.00571812530762778	0.470152796628651	0.916858940542179	1.14353341590728	0.638051134990298	0.162362165766792	-0.31841501353232	0.538166269474542	0.130018884905794	0.68300133881087	-0.396947569662143	-0.446700459747777	-0.19931475237962	-0.372389697237133	-0.561040732497015	-0.553032747398923	-0.205978465584634	-0.520186041000354	-0.449049689806305	-0.133337078652865	-0.621819980601305	-0.280352799801797	0.173208742479833	-0.0572215732411412	-0.0682554759281654	-0.0722777147503576
