ensg	symbol	Adipose_Tissue	Adrenal_Gland	Bladder	Blood	Blood_Vessel	Brain	Breast	Cervix_Uteri	Colon	Esophagus	Fallopian_Tube	Heart	Kidney	Liver	Lung	Muscle	Nerve	Ovary	Pancreas	Pituitary	Prostate	Salivary_Gland	Skin	Small_Intestine	Spleen	Stomach	Testis	Thyroid	Uterus	Vagina
ENSG00000119514	GALNT12	0.080519001615765	-0.737540097899423	1.75249899121181	-1.52985084044681	-0.545187091225773	-0.71166657228945	-0.00413718001380068	0.572304145870844	2.54030594871394	1.84156062097151	0.15325030349815	-1.75598264584429	-0.758225590504331	-2.23590175792706	0.98177327447794	-2.03169172742499	0.113289975743472	-1.70871137645118	0.468477415937594	0.167625002669554	0.0979205541741656	2.16257879457499	-0.149321097312607	1.99921600436827	-0.599204078578686	2.38104731013288	0.479976247916513	1.87108688839532	-0.352728012543583	0.558217174954202
ENSG00000100592	DAAM1	0.385711315583697	-0.778272853806709	0.397094761106235	-2.34777500142152	0.95498977461619	-0.623801528170163	0.287105904704998	0.801955866620886	0.403760061724723	1.13071183122695	0.481231569729816	-0.0759297931039484	-1.30828944051253	-1.03119840456639	0.754666651100957	-1.97984334138962	0.414141413060283	0.275115923792422	-1.46856442315985	-0.208442401760313	0.228196993910572	0.109969947586575	0.995899120389866	-0.169184850961903	0.0714846422992325	-0.570146823194455	-0.0798237638731651	0.086696060719403	0.845886935173902	1.16485350712457
ENSG00000185324	CDK10	0.0512309541326441	0.286089846082811	0.426410367020111	-1.07059986744315	-0.123752041261656	-0.284292784097652	0.360303086665609	0.708482121080936	0.383779314090456	0.152313393643649	0.595043170990791	-1.26699738306055	0.435856163910495	0.45023997549758	0.637019629240607	-1.44371399392116	0.485632308217659	0.702224547355013	-0.138987482767062	0.945718540126588	0.799792923016833	0.12630169135738	0.25303480382981	0.660279039854017	0.817428250412343	0.278122044701924	0.665621564857278	0.963267528508705	0.703752581762253	0.588975001591595
ENSG00000158792	SPATA2L	-0.071604655546889	-0.432321946827028	-0.290899438469811	0.437164162925461	0.340770656623276	0.0693441550661544	0.0108436278083427	-0.039042031227163	-0.202213591598531	0.0167845683862841	0.564400779336173	-1.31062868575483	0.0915918376464111	-0.00241842029697548	0.60987441639376	-2.23890368444783	0.262252920519333	0.177191330018975	0.00949632523408178	1.576177918076	0.334723536432842	-0.0272465615864997	0.235297467405877	0.241230826118709	0.201567152443589	-0.0354129035815459	0.314030729601175	0.770062996850939	0.441093706576969	-0.363732604432379
ENSG00000075399	VPS9D1	-0.194331551357751	0.624687923331142	-0.032804801524028	0.343565923939852	-0.461261071757292	0.413686889387165	-0.206851634326557	0.416566787744272	-0.121940306615737	0.171319805491891	0.256397704360294	-0.967960393488225	0.0530832053865357	-0.117619091613372	0.533092744037102	-1.6726882112345	0.582632552068744	0.0902420189927974	-1.30405728693104	1.20280496001391	0.42911816423761	0.0196718098553685	-0.197685878982481	0.280359146317744	0.990673531796219	-0.416561073574073	0.951734785468076	0.737312092338641	0.188837968148936	0.422184238341874
ENSG00000158805	ZNF276	0.0162338549443777	-0.0531716738435352	0.248705971821409	0.302788652379151	-0.160108032284343	-0.389835690576508	0.168491789793185	0.779053523468817	0.0246455207017358	0.129341169561378	0.796862723452208	-1.32752298267339	-0.548521768813064	-0.813468024737761	0.57892316137741	-1.13186613827927	1.04137093307711	0.939255160999361	-0.986007957891634	0.673243020246896	0.598405425184316	0.000226825680579704	0.318931360887929	0.660289299737903	1.21538227642457	-0.242116879149698	0.418411632693621	0.773463446365221	0.656056654852731	0.722738917190459
ENSG00000187741	FANCA	-0.27710756617803	-0.251856393150954	-0.314723953785927	0.802445090332248	-0.701985517971767	-0.240321520277796	-0.187368420182378	-0.245080475181684	-0.0514146933852257	-0.0278284276712178	-0.259541520385547	-0.791093228246546	-0.496455211452244	-0.0447195919837602	0.637864728320959	-1.04823552550863	-0.32608634698397	-0.157996222710664	-0.63697653946111	-0.0104079394679679	-0.0851356182250106	0.000448186041833257	0.753818532596157	0.994354971114282	1.23391207540474	-0.111731751765642	3.37936133358421	0.0442274766995532	-0.263532557904228	0.373315495564197
ENSG00000204991	SPIRE2	-0.463451918974374	-0.225823387302034	0.750403455489907	-1.47253537292447	-1.38164575208235	1.51874805612808	-0.0470152474117485	0.000494928309226407	0.746054222467158	-0.258262360854117	0.881645763327	-1.30881118055146	-0.149156259177163	0.150180638227438	0.286894579650625	-1.65633132686309	-0.814979278763157	0.075790093094422	-0.783595082966059	2.97005170706133	0.932835514381506	0.0934617275790927	-0.264531254466569	1.25113683025247	-0.61050945364837	0.696442960681314	1.58128112793793	1.68700828900379	-0.131315425463734	0.179739800901812
ENSG00000141002	TCF25	0.19851536364954	0.206459462040008	0.241387510060321	-0.163661501316297	0.25322822149637	-0.269179675894134	0.224770199340052	0.235272267544458	0.196553360273022	0.154828805484975	0.257954713370608	-0.859209318611488	-0.449003421948662	-0.784108851059112	0.255127139255524	-0.599342753526991	0.257874280777015	0.25683311072128	-0.682026344793127	0.256647497347522	0.243234721440389	0.182870109308388	0.23903330639773	0.190589502721295	0.252294513314632	0.0733081220282181	0.255125570685073	0.256523260720437	0.257690335165001	0.233256062224388
ENSG00000258839	MC1R	-0.13725198881488	-0.277412461981901	0.544857449104739	-1.05857101252736	-0.0519033785573695	-0.2632126509293	-0.00368338385193866	0.838433969515343	0.214425333451792	-0.0674907522823191	1.30471514308447	-0.913391462496499	0.0795758074041538	-1.373635363996	0.35292779553841	-1.67416890640263	0.482685833686158	1.26228418391612	-0.996032505138948	2.44147898553302	1.07994904623973	0.419000545238382	0.117744430026098	0.504977431064956	0.27117735132632	-0.298096670934109	2.95281954535991	2.12032459421931	0.714658670095328	0.433747724641655
ENSG00000140995	DEF8	-0.0773266634977233	-0.202647683161877	0.305050785756161	0.0205076854136939	0.0789066103779671	0.223614691685136	-0.0138434783702774	0.6098718503296	-0.0118029434697011	0.152092370253339	0.721798137767952	-1.07013895550076	-0.309271179426792	-1.24868601355434	0.425140959997722	-1.31765207035819	0.579949289575142	0.770550510910719	-0.73987266516066	0.677571286514744	0.434374227390832	-0.11730665147187	0.195754400421991	-0.145235161065872	0.586327532738633	-0.149957615924794	-0.710153277781409	0.649858396447348	0.693437446456707	0.191521687313374
ENSG00000177946	CENPBD1	-0.00482073776169289	0.20074930365631	0.269644244465041	-0.684179754824563	-0.263496412722538	-0.0499468044854748	0.17251320828287	-0.154726050756887	0.0188747929955309	0.0401257856956783	0.038727038723161	-0.799341731082988	-0.37613526467088	-0.575197254547697	-0.187027707371118	-0.445482461027798	0.415310489076731	0.247930213608105	-0.650846297774567	0.880413680122924	0.194371767285189	0.36239411295839	0.597398271283399	-0.0340883820645044	0.340253784043827	-0.0230308238305242	1.08248734752569	0.368045637138065	0.203533971931816	-0.101598854466826
ENSG00000003249	DBNDD1	-1.26757418758817	0.164680075882122	-1.10873619857003	-1.23462522744399	-0.657112388571525	2.08433712081179	-0.429175335761654	-0.805095508285344	-0.712389219778185	0.548712416345528	-0.651191050526484	-1.29099235705196	0.517461168866384	-0.785406099084907	-0.193938465756465	1.48282220638354	-0.875128514746974	-0.323424100727836	0.473270637826848	0.705945859696292	-0.196060267433672	1.20053214297572	-0.57707276524693	-1.03689004984271	-1.26469597823477	0.0426494130861512	-0.927925369040224	0.385926176494969	-1.16017877593955	0.271897226063939
ENSG00000141013	GAS8	-0.144275738641454	0.277174404893518	0.29895685639101	-2.25944161262667	0.202972552637022	0.0788461284568869	0.269214245363262	0.698184878731833	0.0218440922609761	0.248276804821936	0.937009786475748	-0.474080817031864	0.388212698877971	-1.19664850927023	0.373313824324323	-0.518422756777863	0.624635889800188	1.08786397580811	-0.33901414103178	1.64110715627878	0.633190366865227	0.486482084186201	-0.280159806588476	-0.560059150131874	-0.629955719748755	-0.00740954624860908	1.36311923755447	1.51799432027012	0.65829379046546	0.376737525049455
ENSG00000221819	C16orf3	-0.0898858869074418	-0.0126179547445975	-0.010583779009731	-0.428260394070132	-0.203419956377391	0.0626511747054989	0.256998693040519	0.0959082693239308	-0.129886573310404	-0.0569117180383344	0.370684650017145	-0.342407899062001	0.0299388327214338	-0.196893574256126	0.0997531606554946	-0.351428466985121	0.243356319507205	0.636461360211081	0.307277793392206	0.528734289844338	0.0985574991020663	0.5316447644567	0.0414328577765344	-0.0694736180753677	-0.280593194683723	0.0195319856586952	0.253045497551461	0.737702291627817	0.0606079533077927	0.180529553293594
ENSG00000126856	PRDM7	-0.052376434974465	-0.0534113457120746	-0.0625596316696758	-0.0481356960538908	-0.0588628713699657	-0.0400538599374767	-0.0409305924414723	-0.0198250622968568	-0.0576142880502277	-0.0518612866788282	-0.0318061580309261	-0.0672545580111198	-0.00561140614963351	-0.0455584876832865	-0.0419832402414904	-0.0664863423295147	-0.0483802549187565	0.0737228682171266	-0.0623968190820348	-0.0430135936778985	-0.0368000270473821	-0.0437580030524833	-0.0543948805824999	-0.024636393509722	-0.033806556183837	-0.0568086896164012	2.26287029632179	-0.0296129250459176	-0.0131479747675143	-0.0372858669560968
ENSG00000186868	MAPT	-0.0628376519257184	-1.5183244623149	0.36544574535674	-2.53570098850799	-1.36378253544049	2.74720552086285	0.864069804609044	-0.708493383288695	0.192876242803524	-0.104420578460802	-1.19061295928765	-0.590165515084958	0.239095537332979	-2.36655320771827	-1.52207983261689	2.74322823937493	-0.874621089171296	-1.6452405529398	-1.84636936940239	2.64250638868308	0.334277284661878	-0.169773505725953	-0.305180855553596	-1.12886899424016	-2.0111092560363	-1.368317356067	0.592900185214637	-1.31524021275869	-1.09079899612167	-0.740641382781328
ENSG00000256762	STH	-0.0944412194284232	-0.13298454805061	-0.0997667911474186	-0.143143939770232	-0.128620390503538	0.408597730950239	0.0609258194331898	-0.0820461746707976	-0.103536005120774	-0.0812955783237804	-0.149355065483663	-0.10325355599683	-0.116670484484963	-0.143567251044516	-0.129639701778992	0.18542836655647	-0.0998088531688462	-0.128208738443923	-0.13859889314718	0.230745750451217	-0.0665841562755393	-0.0503740780985974	-0.0697967711452737	-0.126267763012172	-0.137164721742105	-0.129288123062947	0.102352957876067	-0.128337055479843	-0.10206682651884	-0.0878146868007559
ENSG00000120071	KANSL1	0.176153658875504	-0.281790433338368	0.490785714840281	-0.477567976212885	0.433934985546954	-0.683790018395087	0.348253635932542	0.963884671716205	0.150235642687336	0.289321811938937	0.693132260046277	-1.29955044481385	-0.899840083377149	-1.28410440360284	0.397172041834692	-0.609290235620592	0.712604644299098	0.943723998793005	-0.695663504442718	0.211533973899582	0.347164979018888	0.0336818779613339	0.489676435327754	0.288626888466359	0.377542562896781	-0.225460362982631	0.843267805987344	0.773356991815937	1.00885459602616	0.736785352179903
ENSG00000228696	ARL17B	0.0425538743640643	-0.168636502710652	0.227668812844639	-0.315111409672811	0.158726323389515	-0.070068811532131	0.104261003770881	0.595185788587197	0.0727658936066961	0.0263190780257459	0.593328481630141	-0.387989009349718	-0.266197370223069	-0.41768639347059	0.0557971433514498	-0.207200338594211	0.378603728059575	0.499293143771998	-0.36363522654602	0.209662512132597	0.267415767378961	-0.0374972063040226	0.0310256867890469	0.057073051303559	0.196423656027181	-0.144197679658284	-0.0118111330176502	0.284475322736593	0.53626226290792	0.23564958298247
ENSG00000176681	LRRC37A	-0.0567903220920643	-0.217885237509389	0.0686782475098718	-0.186586757080395	-0.00928406592453664	-0.0775604580662817	0.017963566207106	0.307847904181938	-0.0166551462257564	-0.0334880974278233	0.243141270276858	-0.431403411260529	-0.231449941711391	-0.396131758093401	0.15835654620782	-0.283068466194375	0.230214270565483	0.158566415066568	-0.369435767517778	0.420744448630682	0.308771298230217	-0.00710444446717961	0.0729310839162028	0.0240143437926059	0.213361968400782	-0.169664059568959	1.47700873530631	0.306539467088635	0.281795642645231	0.208058757865066
ENSG00000073969	NSF	-0.177191572165951	0.104741720855492	0.0231032568858431	-0.990426004515341	-0.132817865510333	0.954130887064109	-0.14246638377861	0.0677849986600782	-0.0744051023887071	-0.175937500700095	-0.208465420020858	-1.52374359252102	-0.89559452014034	-1.19990243914494	-0.0779839353164741	-0.098474009390054	0.0412677017608121	-0.750679914779357	-0.670599626974287	1.31830771255196	0.00313900339426153	0.098564672410408	0.366360466526148	0.0565276625017323	0.127203904358967	-0.316353308301574	0.608169986074414	0.0874136037210832	-0.103437643574266	0.0958740398087732
ENSG00000108379	WNT3	-0.319270743981265	-0.968875787720117	-0.766210744224009	-1.39395077388834	-0.85823168279824	0.567258550833827	0.0393780745164869	-0.138713981921244	-0.61823306465363	-0.225386168783657	-0.480542070429268	-0.831907823143063	-0.299480227661042	1.41491390454647	-0.138781401287782	-1.36402122443671	-0.515664618550604	-0.585206887713211	-0.931862518805871	0.438180259069289	0.171913213610695	-0.113688187914837	2.28540864781773	0.572669577130663	-0.490574302306892	-0.853309225514359	1.78975974392057	0.301229071752991	-0.499991243597648	-0.120628303445347
