No	GenomicLocus	uniqID	rsID	chr	pos	p	nSNPs	nGWASSNPs
1	1	1:47974123:C:T	rs61784835	1	47974123	1.20155763442e-15	2	2
2	2	2:27173520:C:T	rs4665930	2	27173520	3.33395568097e-11	198	176
3	2	2:27291661:A:G	rs7575465	2	27291661	2.41420251845e-12	123	113
4	3	2:37122552:A:G	rs2717493	2	37122552	2.41782149857e-10	74	65
5	4	3:104645181:A:G	rs2399037	3	104645181	2.9619943831e-08	111	98
6	5	3:177345126:A:G	rs55686626	3	177345126	6.45390452192e-09	39	36
7	6	9:101639827:G:T	rs7023465	9	101639827	6.5513809655e-11	33	29
8	7	10:7622009:A:G	rs41298373	10	7622009	1.13255910726e-12	1	1
9	8	14:59074136:A:C	rs160459	14	59074136	1.32119290765e-20	15	14
10	8	14:59085726:C:T	rs311814	14	59085726	2.40055697542e-10	12	10
11	9	14:59628609:C:T	rs74826997	14	59628609	5.3634843962e-12	51	44
12	10	15:39595840:A:G	rs59203590	15	39595840	1.38360425339e-08	47	46
13	10	15:39623847:C:G	rs10851383	15	39623847	3.7333389713e-08	9	7
14	10	15:39628675:C:T	rs72722978	15	39628675	1.82765323699e-19	22	21
15	10	15:39634222:A:G	rs1080066	15	39634222	4.03212355459e-37	15	10
16	10	15:39636877:C:T	rs16968876	15	39636877	1.32717808965e-10	6	5
17	10	15:39661138:A:G	rs4566132	15	39661138	5.37079324443e-21	6	6
18	11	16:89762647:C:T	rs8404	16	89762647	9.09484917933e-11	29	29
19	11	16:89764549:A:G	rs3751695	16	89764549	2.50470542085e-08	2	2
20	11	16:89787340:C:T	rs117990130	16	89787340	1.29970834095e-08	39	38
21	11	16:89939929:C:T	rs9939914	16	89939929	4.15253040287e-11	3	2
22	11	16:89964952:A:G	rs72813432	16	89964952	4.76619366196e-09	40	39
23	11	16:89980620:C:T	rs67784077	16	89980620	1.06943387479e-08	22	18
24	11	16:89992613:G:T	rs111398992	16	89992613	3.10073078032e-18	26	26
25	11	16:90061708:C:T	rs200955819	16	90061708	2.91541720236e-13	161	155
26	11	16:90063600:A:G	rs117306165	16	90063600	3.05324299177e-08	12	12
27	12	17:43903336:A:G	rs17763050	17	43903336	2.07368714214e-12	3250	2885
28	12	17:43976813:A:C	rs11079727	17	43976813	2.2174619474e-08	6	5
29	12	17:43985636:A:C	rs3785879	17	43985636	1.2862524934e-10	2	2
30	12	17:44059010:A:T	rs17651507	17	44059010	1.35354785158e-08	6	6
31	12	17:44084350:A:T	rs28753217	17	44084350	1.42931109656e-12	50	36
32	12	17:44167366:A:C	rs10775404	17	44167366	1.78590809668e-27	55	35
33	12	17:44189067:A:G	rs7225002	17	44189067	3.94209335277e-20	5	2
34	12	17:44262496:C:T	rs8064802	17	44262496	1.64763180877e-09	31	23
35	12	17:44793283:C:T	rs17692129	17	44793283	4.77167683144e-09	5	4
36	12	17:44819595:G:T	rs17698176	17	44819595	2.43420028787e-20	33	25
