No	GenomicLocus	uniqID	rsID	chr	pos	p	nSNPs	nGWASSNPs
1	1	2:149997299:C:T	rs12615999	2	149997299	4.72399896978e-14	41	41
2	1	2:150001150:C:T	rs2017673	2	150001150	2.46118086467e-08	86	80
3	1	2:150037201:A:G	rs11684511	2	150037201	1.28591368109e-08	43	40
4	2	3:89523038:A:C	rs12636275	3	89523038	1.86162307791e-10	44	39
5	3	3:104718011:C:T	rs13327531	3	104718011	1.38755762435e-08	226	208
6	4	6:39526895:C:T	rs6458117	6	39526895	2.64614974377e-08	63	58
7	5	9:101633857:A:G	rs2900125	9	101633857	5.55111512313e-17	32	20
8	5	9:101670180:C:T	rs911929	9	101670180	1.26071449391e-08	12	7
9	6	14:59071100:C:G	rs468213	14	59071100	1.66533453694e-16	13	6
10	6	14:59071574:A:G	rs10145711	14	59071574	2.7037613759e-08	1	1
11	6	14:59092075:C:T	rs191103	14	59092075	1.11022302463e-16	13	7
12	6	14:59095285:G:T	rs160468	14	59095285	7.12940817493e-12	2	2
13	7	15:39623588:A:G	rs8025239	15	39623588	5.55111512313e-17	21	16
14	7	15:39664000:A:C	rs34680120	15	39664000	5.55111512313e-17	6	5
15	8	16:89939929:C:T	rs9939914	16	89939929	1.6112888801e-11	3	2
16	8	16:90007025:A:G	rs11640500	16	90007025	7.81195497179e-10	188	178
17	9	17:44310965:A:T	rs12452789	17	44310965	4.86615747697e-11	55	35
18	10	21:46786997:A:G	rs62214459	21	46786997	1.48949506618e-08	7	6
19	10	21:46853259:C:T	rs7283026	21	46853259	3.07143571687e-09	8	8
