uniqID	CADD	RDB	E001	E002	E003	E004	E005	E006	E007	E008	E009	E010	E011	E012	E013	E014	E015	E016	E017	E018	E019	E020	E021	E022	E023	E024	E025	E026	E027	E028	E029	E030	E031	E032	E033	E034	E035	E036	E037	E038	E039	E040	E041	E042	E043	E044	E045	E046	E047	E048	E049	E050	E051	E052	E053	E054	E055	E056	E057	E058	E059	E061	E062	E063	E065	E066	E067	E068	E069	E070	E071	E072	E073	E074	E075	E076	E077	E078	E079	E080	E081	E082	E083	E084	E085	E086	E087	E088	E089	E090	E091	E092	E093	E094	E095	E096	E097	E098	E099	E100	E101	E102	E103	E104	E105	E106	E107	E108	E109	E110	E111	E112	E113	E114	E115	E116	E117	E118	E119	E120	E121	E122	E123	E124	E125	E126	E127	E128	E129
9:101619466:C:T	4.317	5	15	14	15	15	15	13	15	15	14	14	15	15	15	15	15	15	15	15	15	15	15	5	7	15	7	14	9	15	15	15	15	14	14	14	15	15	15	15	15	15	14	14	14	14	15	15	15	14	7	15	15	14	14	14	14	14	15	14	15	15	14	7	15	14	15	15	15	15	15	15	15	15	15	15	15	15	15	7	15	15	7	15	15	14	15	7	15	5	7	14	15	15	15	14	7	15	15	14	15	5	15	15	15	15	14	15	15	15	5	15	7	14	14	15	15	14	15	15	14	13	7	15	14	7	15	15	13
9:101623189:A:G	5.223	NA	15	14	15	15	15	14	15	15	14	14	15	15	15	15	15	15	15	15	15	15	15	15	7	15	7	14	13	15	5	5	15	14	14	14	15	15	15	15	15	15	14	14	14	14	15	15	15	14	7	15	15	14	14	14	14	7	14	14	15	15	14	7	15	14	15	15	15	15	15	7	15	15	15	7	15	15	15	5	15	15	7	15	15	15	15	5	7	7	7	14	15	15	15	15	5	15	15	14	15	5	7	15	15	15	14	7	15	15	7	15	5	14	14	14	15	14	15	7	7	14	5	15	14	7	15	15	14
9:101625876:A:T	5.336	7	15	14	15	15	15	14	5	15	14	14	15	15	15	15	15	15	7	15	15	15	15	15	7	15	7	14	14	5	5	14	15	14	14	14	15	15	15	15	15	15	14	14	14	14	15	15	15	14	7	15	15	13	14	14	7	5	14	14	15	15	14	7	15	14	15	15	15	15	15	15	15	15	15	5	5	5	15	5	15	15	7	14	15	5	15	5	7	7	7	7	15	15	7	5	5	5	15	14	14	5	5	5	5	15	5	14	14	15	5	15	5	15	14	14	7	14	14	5	5	14	5	5	14	7	14	7	14
9:101626279:A:G	2.694	6	15	14	15	15	15	14	5	15	14	14	15	15	15	15	15	15	7	15	15	15	15	15	7	15	7	14	14	5	5	14	15	14	14	14	15	15	15	15	15	15	14	14	14	14	15	15	15	14	7	15	15	13	14	14	7	5	14	14	15	15	14	7	15	14	15	15	15	15	15	15	15	15	15	5	5	5	15	5	15	15	7	14	15	5	15	5	7	7	7	7	15	15	5	5	5	5	15	14	14	5	5	5	5	15	5	14	14	15	5	15	5	15	14	14	5	14	14	5	5	14	5	5	14	7	14	5	14
9:101626689:A:C	8.878	4	14	14	15	15	15	14	5	15	14	13	15	15	15	15	15	15	7	15	15	15	15	15	7	15	7	12	14	5	5	14	15	14	14	14	15	7	15	15	15	15	14	14	14	14	15	15	15	14	7	15	15	13	14	14	7	7	14	14	15	15	14	7	15	14	15	15	15	15	15	15	15	15	15	5	5	5	15	7	15	15	7	14	15	7	15	5	2	7	7	7	15	15	7	5	5	5	15	14	14	5	5	5	5	15	7	12	14	15	7	15	5	15	14	14	7	14	13	5	5	14	5	5	13	7	13	7	12
9:101627022:A:G	4.390	6	14	14	15	15	15	14	5	15	13	13	15	15	15	15	15	15	7	15	15	15	15	15	7	15	7	13	14	5	5	14	15	14	14	14	15	5	15	15	15	15	14	14	14	14	15	15	15	14	7	15	15	13	14	14	7	7	14	14	15	15	14	7	15	14	15	15	15	15	15	15	15	15	15	5	5	5	15	7	15	15	15	14	15	7	15	5	7	7	7	7	15	15	7	5	5	5	15	14	14	5	5	5	5	15	7	14	14	15	2	15	5	15	14	14	5	14	13	5	5	14	7	5	13	7	13	14	13
9:101628952:C:G	2.318	3a	14	14	15	15	15	14	15	15	14	14	15	15	15	15	15	15	7	15	15	15	15	15	7	15	7	7	14	7	7	14	15	14	14	14	15	7	15	15	15	15	14	14	14	14	15	15	15	14	7	15	15	12	14	14	7	5	14	14	14	15	14	7	15	14	15	15	15	15	15	15	15	15	14	7	5	7	15	7	15	15	15	14	15	15	15	5	5	7	7	7	15	15	5	5	5	7	15	13	14	5	5	5	5	15	7	7	14	15	5	15	5	15	14	14	7	14	14	7	5	14	7	7	14	7	14	7	7
9:101631998:C:T	1.851	6	15	15	15	15	9	9	15	15	14	14	15	15	9	15	9	15	9	15	15	15	15	15	5	14	5	5	13	14	7	14	15	14	14	14	15	5	15	15	15	15	14	14	14	14	15	15	15	14	14	15	15	14	14	14	14	14	14	14	14	15	14	7	15	9	15	15	15	15	15	15	15	15	15	15	15	15	5	5	15	15	15	14	9	15	15	15	9	5	9	5	15	15	5	9	15	5	15	14	14	15	15	5	5	15	5	5	15	15	8	15	5	9	14	14	5	14	9	9	9	14	9	5	14	15	14	14	14
9:101632707:A:G	4.312	7	15	15	15	15	15	14	15	15	14	14	15	15	9	15	9	15	15	15	15	15	15	15	7	14	7	14	13	14	7	14	15	14	14	14	15	5	15	15	15	15	14	14	14	14	15	15	15	14	14	15	15	14	14	14	14	14	13	14	14	15	14	7	15	15	15	15	15	15	15	15	15	15	15	15	15	15	5	5	15	15	15	14	15	15	15	15	9	5	15	5	15	15	5	15	15	7	15	14	14	15	15	5	5	15	5	5	15	15	5	15	5	15	14	14	7	14	15	9	14	14	15	5	14	15	14	14	13
9:101633220:C:T	4.067	7	15	15	15	15	15	14	15	15	14	14	15	15	9	15	15	15	15	15	15	15	15	15	5	13	14	14	13	14	7	14	15	14	14	14	15	5	15	15	15	15	14	14	14	14	15	15	15	14	14	15	15	14	14	14	14	14	13	14	14	15	14	5	15	15	15	15	15	15	15	15	15	15	15	15	15	15	5	5	15	15	15	14	15	15	15	15	15	5	15	5	15	15	5	15	15	7	15	14	14	15	15	5	5	15	5	5	15	15	5	15	7	15	14	14	15	14	15	9	14	14	7	5	14	15	14	14	13
9:101633298:A:G	0.968	7	15	15	15	15	15	14	15	15	14	14	15	15	9	15	15	15	15	15	15	15	15	15	5	13	14	14	13	14	7	14	15	14	14	14	15	5	15	15	15	15	14	14	14	14	15	15	15	14	14	15	15	14	14	14	14	14	13	14	14	15	14	5	15	15	15	15	15	15	15	15	15	15	15	15	15	15	5	5	15	15	15	14	15	15	15	15	15	5	15	5	15	15	5	15	15	7	15	14	14	15	15	5	5	15	5	5	15	15	5	15	7	15	14	14	15	14	15	9	14	14	7	5	14	15	14	14	13
9:101633857:A:G	0.771	5	15	15	15	15	15	14	15	15	14	14	15	15	15	15	15	15	15	15	15	15	15	15	5	14	14	14	13	14	7	14	15	14	14	14	15	7	15	15	15	15	14	14	14	14	15	15	15	14	14	15	7	14	14	14	13	14	13	14	14	15	14	5	15	15	14	15	15	15	15	15	15	15	15	15	15	15	5	5	15	15	15	14	15	15	15	15	14	14	15	5	15	15	5	15	15	5	15	14	14	15	15	5	5	15	5	5	15	15	5	15	7	15	14	14	15	14	14	15	13	14	7	7	14	15	14	14	14
9:101635871:A:T	7.256	7	15	15	15	15	15	14	15	15	14	14	15	15	15	15	15	15	15	15	15	15	15	15	5	15	14	14	14	14	15	14	15	15	14	14	15	15	15	15	15	15	14	14	14	14	15	15	15	14	14	15	15	14	14	14	14	14	14	14	14	15	14	7	15	14	14	15	15	15	15	15	15	15	15	15	15	15	5	5	15	15	15	14	15	15	15	15	14	7	5	5	15	15	5	15	15	5	15	14	14	15	15	5	5	15	5	5	15	15	5	15	5	15	14	14	15	14	14	15	14	14	15	15	14	15	14	14	14
9:101636340:C:T	1.222	4	15	15	15	15	15	2	15	15	14	14	15	15	15	15	15	15	7	15	15	15	15	15	7	15	7	7	14	14	15	14	15	15	14	14	15	15	15	15	15	15	14	14	14	14	15	15	15	14	7	15	15	12	14	14	12	12	14	14	14	15	14	7	15	14	14	15	15	15	7	15	15	15	15	15	15	15	5	5	15	15	7	14	15	15	15	15	7	7	7	7	15	15	7	15	7	7	15	7	14	15	15	7	7	15	7	7	15	15	7	15	5	15	14	14	15	14	14	7	7	14	15	15	14	7	14	7	14
9:101636447:C:G	4.042	4	15	15	15	15	15	7	15	15	14	14	15	15	15	15	15	15	7	15	15	15	15	15	7	15	7	7	14	14	15	14	15	15	14	14	15	15	15	15	15	15	14	14	14	14	15	15	15	14	7	15	15	12	14	14	12	12	14	14	14	15	14	7	15	14	14	15	15	15	15	15	15	15	15	7	15	15	7	5	15	15	7	14	14	15	15	15	7	7	7	7	15	15	7	15	7	7	15	7	14	15	15	7	7	15	7	7	15	15	5	15	5	15	14	14	15	14	14	7	7	14	15	15	14	7	14	7	7
9:101637477:G:T	3.355	NA	15	15	15	15	15	14	15	15	14	14	15	15	15	15	15	15	14	15	15	15	15	15	14	15	14	14	14	14	15	13	15	15	14	14	15	15	15	15	15	15	14	14	14	14	15	15	15	14	14	15	15	14	14	14	14	13	14	14	14	15	14	5	15	14	14	15	15	15	15	15	15	15	15	5	15	15	5	5	15	15	5	14	14	15	15	15	7	7	7	14	15	15	5	15	5	5	15	14	14	15	15	7	5	15	14	14	15	15	5	15	5	15	14	14	14	14	14	14	14	14	15	15	14	5	14	14	14
9:101639146:A:ATTT	0.687	NA	15	14	15	15	15	14	15	15	14	14	15	15	15	15	15	15	14	15	15	15	15	15	14	15	14	13	14	15	15	13	15	15	14	14	14	15	15	15	15	14	14	14	14	14	15	15	15	14	14	14	15	13	14	14	13	13	14	14	14	15	14	5	15	14	14	15	15	15	15	15	15	15	15	5	15	15	5	5	15	15	5	14	14	15	15	15	7	7	14	14	15	15	5	15	5	5	15	14	14	15	15	5	5	15	14	14	15	15	5	15	5	14	14	14	14	14	14	14	14	14	15	15	13	5	14	14	14
9:101639209:C:T	3.927	7	15	14	15	15	15	14	15	15	14	14	15	15	15	15	15	15	14	15	15	15	15	15	14	15	14	13	14	15	15	13	15	15	14	13	14	15	15	15	15	14	14	14	14	14	15	15	15	14	14	14	14	13	14	14	13	13	14	14	14	15	14	5	15	14	14	15	15	15	15	15	15	15	15	5	15	15	5	5	15	15	5	14	14	15	15	15	7	7	7	14	15	15	5	15	5	5	15	14	14	15	15	5	5	15	14	14	15	15	5	15	5	14	14	14	14	14	14	14	14	14	15	15	13	5	14	14	13
9:101639520:C:G	2.173	3a	15	14	15	15	15	14	15	15	14	14	15	15	15	15	15	15	13	15	15	15	15	15	14	15	13	13	14	15	15	14	15	15	14	13	14	15	15	15	15	14	14	14	14	14	15	15	15	14	14	14	14	13	14	14	13	13	13	14	14	15	14	5	15	14	14	15	15	15	15	15	15	15	15	5	15	15	5	5	15	15	5	14	14	15	15	15	7	7	7	14	15	15	5	15	5	7	15	14	14	15	15	5	5	15	12	14	15	15	5	15	5	14	14	14	14	14	14	13	14	14	15	15	13	5	14	13	13
9:101639524:G:T	0.924	3a	15	14	15	15	15	14	15	15	14	14	15	15	15	15	15	15	13	15	15	15	15	15	14	15	13	13	14	15	15	14	15	15	14	13	14	15	15	15	15	14	14	14	14	14	15	15	15	14	14	14	14	13	14	14	13	13	13	14	14	15	14	5	15	14	14	15	15	15	15	15	15	15	15	5	15	15	5	5	15	15	5	14	14	15	15	15	7	7	7	14	15	15	5	15	5	7	15	14	14	15	15	5	5	15	12	14	15	15	5	15	5	14	14	14	14	14	14	13	14	14	15	15	13	5	14	13	13
9:101639827:G:T	7.949	5	15	14	15	15	15	13	15	15	14	14	15	15	15	15	15	15	13	15	15	15	15	15	7	15	13	13	14	15	15	14	15	15	14	13	14	15	15	15	15	14	14	14	14	14	15	15	15	14	13	14	14	13	14	14	13	13	13	14	14	15	14	5	15	14	14	14	15	15	15	15	15	15	15	5	15	15	5	5	15	15	5	14	14	15	15	15	7	7	5	7	15	15	5	15	5	5	15	14	14	15	15	5	5	15	12	14	15	15	14	15	5	14	14	14	14	14	14	13	14	14	15	15	13	5	14	13	13
9:101640474:G:GGA	2.042	NA	15	14	15	15	15	13	15	15	14	14	15	15	15	15	15	15	13	15	15	15	15	15	7	15	13	13	14	15	15	14	15	15	14	13	14	14	15	15	15	14	14	14	14	14	15	15	15	14	14	14	14	13	14	14	13	14	14	14	14	15	14	5	15	14	14	14	15	15	15	15	15	15	15	5	15	15	5	5	15	15	5	14	14	15	15	15	5	7	5	7	15	15	5	15	5	5	15	14	14	15	15	5	5	15	14	14	15	15	14	15	5	14	14	14	14	14	14	14	14	14	15	15	13	5	14	13	13
9:101641198:C:T	0.516	5	15	14	15	15	15	13	15	15	14	14	15	15	15	15	15	15	13	14	15	15	15	15	7	15	14	13	14	15	15	14	15	15	14	13	14	14	15	15	15	14	14	14	14	14	15	15	15	14	14	14	14	13	14	14	12	14	13	14	14	15	14	7	15	14	14	14	15	15	15	15	15	15	15	5	15	15	5	5	15	15	5	14	14	15	15	15	7	7	5	7	15	15	5	15	5	5	15	14	14	14	15	5	5	15	14	14	15	15	14	15	5	14	14	14	14	14	14	14	14	14	15	15	13	5	14	14	13
9:101645590:A:T	0.565	7	15	14	15	15	15	14	15	15	14	14	15	15	15	15	15	15	14	15	15	15	15	15	7	15	7	14	14	15	15	14	14	14	14	14	14	14	15	15	15	14	14	14	14	14	14	15	14	14	5	14	14	13	14	14	14	14	14	14	14	15	14	7	14	14	14	15	15	15	15	15	15	15	15	5	15	15	15	7	15	15	5	14	14	15	15	15	5	5	15	5	15	5	5	5	5	5	15	14	14	14	15	7	5	15	5	5	14	14	14	14	5	13	14	14	14	14	14	5	5	14	15	15	14	7	14	14	7
9:101652106:A:G	0.349	7	15	15	15	15	15	14	15	15	14	14	15	15	15	15	15	15	7	15	15	15	15	15	7	15	7	7	14	15	15	14	14	14	14	14	14	14	15	15	15	14	14	14	14	14	15	15	14	15	7	15	14	13	14	15	14	14	14	14	15	15	14	7	14	14	15	15	15	15	15	15	15	15	15	15	14	15	15	7	15	15	5	14	14	15	15	7	7	7	14	7	15	5	7	5	15	5	15	5	15	14	15	7	5	14	7	5	14	15	15	14	5	14	14	14	15	14	14	15	15	14	15	15	14	7	14	15	14
9:101652851:G:T	8.810	5	15	15	15	15	15	14	15	15	14	14	15	15	15	15	15	15	7	15	15	15	15	15	15	15	15	14	14	15	15	14	14	14	14	14	15	14	15	15	15	14	14	14	14	14	15	15	14	15	15	15	15	13	14	15	14	13	14	14	15	15	14	2	14	14	15	15	15	15	15	15	15	15	15	15	14	15	7	7	15	15	7	14	14	15	15	7	2	7	14	7	15	7	7	7	15	7	15	7	15	14	15	7	7	14	7	14	14	15	15	14	7	14	14	14	15	14	14	15	15	14	15	15	14	15	14	15	14
9:101658651:C:CT	1.656	NA	15	15	15	15	15	15	15	15	14	14	9	15	9	15	15	9	9	15	15	9	15	15	9	15	9	9	9	15	7	7	9	14	15	14	15	14	15	15	15	14	14	14	14	14	15	15	15	15	9	9	9	14	14	9	15	14	14	14	15	15	15	5	14	9	15	15	15	15	15	15	15	15	15	15	15	9	15	5	15	15	15	9	15	15	9	9	9	9	5	15	15	15	15	15	15	15	15	15	15	15	15	15	15	9	15	15	14	15	15	15	15	9	14	13	15	15	14	15	15	14	15	15	14	15	14	15	14
9:101659813:C:T	2.068	5	15	15	15	15	15	15	15	15	14	14	9	15	9	15	9	9	9	15	15	9	15	15	9	15	9	9	9	15	5	14	15	9	9	14	14	9	15	15	15	14	14	14	14	14	15	15	15	15	9	9	9	14	15	15	15	14	14	14	15	15	15	5	14	9	15	9	15	15	15	15	15	15	15	15	15	15	15	5	15	9	15	9	15	15	9	9	9	9	5	15	15	15	15	15	15	15	15	9	15	15	15	15	15	9	15	15	14	15	15	15	15	15	14	9	15	15	14	15	9	14	15	5	14	9	14	15	14
9:101661037:A:G	13.140	6	15	15	15	15	15	15	15	15	14	14	15	15	14	15	15	15	15	15	15	15	15	15	15	15	15	14	14	15	5	14	15	15	14	14	14	15	15	15	15	14	14	14	14	14	15	15	15	15	15	15	15	14	15	15	7	14	14	14	15	15	15	5	15	14	15	15	15	15	15	15	15	15	15	15	15	15	15	5	15	15	15	15	15	15	15	15	15	15	5	15	15	15	15	15	15	15	15	15	15	15	15	15	15	14	15	15	14	15	15	15	15	15	14	14	15	15	15	15	15	14	15	5	14	15	14	15	13
9:101663003:G:T	0.907	7	15	15	15	15	15	5	15	15	14	14	15	15	15	15	15	15	5	15	15	15	15	15	15	15	7	14	14	15	15	14	15	15	14	14	15	15	15	15	15	15	14	14	14	14	15	14	15	15	14	15	15	14	15	15	7	14	14	14	15	15	15	5	15	14	15	15	15	15	15	15	15	15	15	15	15	15	15	5	15	15	15	15	15	15	15	15	15	7	5	7	15	15	15	15	15	15	15	15	15	15	15	15	5	14	15	15	14	15	5	15	15	15	14	14	5	15	15	15	15	14	15	15	14	7	14	5	14
9:101668153:C:G	4.345	5	15	15	15	15	15	5	15	15	14	14	15	15	15	15	15	15	5	15	15	15	15	14	15	15	5	14	14	14	15	14	15	15	14	14	15	15	15	15	15	15	15	14	14	14	15	15	15	15	15	15	15	14	15	15	14	14	14	14	15	15	15	5	15	14	15	15	15	15	15	15	15	15	15	15	15	15	15	7	15	15	5	7	7	15	15	15	5	7	5	5	15	15	5	5	15	5	15	15	15	15	15	5	5	14	14	5	15	15	5	15	15	15	14	14	5	15	15	15	7	14	7	15	14	5	14	5	14
9:101670180:C:T	0.255	6	15	15	15	15	15	7	15	15	14	14	15	15	7	15	15	15	7	15	15	15	15	14	7	15	7	7	14	14	15	14	15	15	15	14	15	15	15	15	15	15	15	14	14	14	15	15	15	15	7	15	15	7	15	15	7	7	14	14	15	15	15	7	15	14	15	5	15	15	5	15	15	15	15	7	5	15	5	7	15	15	7	7	5	5	15	7	7	7	7	7	15	15	5	7	7	7	5	14	15	5	15	5	5	14	7	7	15	5	5	15	15	15	14	14	5	15	15	7	7	14	5	15	5	7	14	7	7
9:101672659:A:AG	0.842	NA	15	15	15	15	15	15	15	15	14	14	15	15	15	15	15	15	5	15	15	15	15	15	7	15	15	7	14	14	15	14	15	15	15	14	15	15	15	15	15	15	15	14	14	14	15	15	15	15	15	15	15	14	15	15	7	14	14	14	7	5	15	7	15	14	15	15	15	15	5	15	15	5	15	15	14	15	15	7	15	15	5	14	15	5	15	5	5	7	5	5	15	5	5	5	5	5	15	14	15	15	15	5	5	14	7	5	15	15	14	15	5	15	14	14	15	15	15	15	7	14	15	15	14	15	14	15	14
15:39597014:C:G	4.958	5	15	15	15	15	15	15	15	15	15	15	15	15	15	15	15	15	7	15	15	15	15	15	15	15	7	7	7	7	13	14	14	15	14	14	14	15	14	15	15	15	14	14	14	14	15	14	15	15	7	14	15	5	15	7	7	5	7	7	7	7	15	15	15	14	15	15	15	15	15	15	15	15	15	15	14	15	15	14	15	7	15	15	15	15	15	7	15	15	15	15	15	15	15	14	15	15	15	15	15	15	15	15	15	15	15	15	15	14	15	14	15	15	14	15	15	15	7	7	7	15	15	13	15	7	7	7	7
15:39597034:C:T	12.680	5	15	15	15	15	15	15	15	15	15	15	15	15	15	15	15	15	7	15	15	15	15	15	15	15	7	7	7	7	13	14	14	15	14	14	14	15	14	15	15	15	14	14	14	14	15	14	15	15	7	14	15	5	15	7	7	5	7	7	7	7	15	15	15	14	15	15	15	15	15	15	15	15	15	15	14	15	15	14	15	7	15	15	15	15	15	7	15	15	15	15	15	15	15	14	15	15	15	15	15	15	15	15	15	15	15	15	15	14	15	14	15	15	14	15	15	15	7	7	7	15	15	13	15	7	7	7	7
15:39598529:A:G	0.969	7	15	15	15	15	15	15	15	15	15	15	15	15	9	15	15	15	5	15	15	15	15	15	15	15	15	15	15	5	14	14	15	15	15	14	14	15	14	15	15	15	14	14	14	14	15	14	15	14	15	15	15	5	15	15	5	5	5	15	15	15	15	15	15	9	15	15	15	15	15	15	15	15	15	15	14	15	15	14	15	15	15	15	15	15	15	15	15	15	15	15	15	15	15	15	15	15	15	15	15	15	15	15	15	15	15	15	15	14	15	14	15	15	14	15	15	15	9	5	15	15	15	14	15	15	5	5	15
15:39598672:C:T	1.546	7	15	15	15	15	15	15	15	15	15	15	15	15	9	15	15	15	5	15	15	15	15	15	15	15	15	15	15	5	14	14	15	15	15	14	14	15	14	15	15	15	14	14	14	14	15	14	15	14	15	15	15	5	15	15	5	5	5	15	15	15	15	15	15	9	15	15	15	15	15	15	15	15	15	15	14	15	15	14	15	15	15	15	15	15	15	15	15	15	15	15	15	15	15	15	15	15	15	15	15	15	15	15	15	15	15	15	15	14	15	14	15	15	14	15	15	15	9	5	15	15	15	14	15	15	5	5	15
15:39598965:A:G	0.945	6	15	15	15	15	15	15	15	15	15	15	15	15	9	15	15	15	5	15	15	15	15	15	15	15	15	15	15	5	14	14	15	15	15	14	15	15	14	15	15	15	14	14	14	14	15	14	15	14	15	15	15	5	15	15	5	5	5	15	15	15	15	15	15	9	15	15	15	15	15	15	15	15	15	15	14	15	15	14	15	15	15	15	15	15	9	15	15	15	15	15	15	15	15	15	15	15	15	15	15	15	15	15	15	15	15	15	15	14	15	14	15	15	14	15	15	15	9	5	15	15	15	14	15	15	5	5	15
15:39599319:C:T	3.838	6	15	15	15	15	15	15	15	15	15	15	9	15	9	15	15	15	5	15	15	15	15	15	15	15	9	15	15	5	14	14	15	15	15	14	15	15	15	15	15	15	14	14	14	14	15	14	15	14	15	15	15	5	15	9	5	5	5	15	15	15	15	15	15	9	15	15	15	15	15	15	15	15	15	15	14	15	15	14	15	15	15	15	15	15	9	15	15	15	15	15	15	15	15	15	15	15	15	9	15	15	15	15	15	15	15	15	15	14	15	14	15	15	14	15	15	15	9	5	15	15	15	14	15	15	5	5	15
15:39599667:G:T	1.938	7	15	15	15	15	15	15	15	15	15	15	9	15	9	15	15	9	5	15	15	15	15	15	15	15	9	15	15	5	14	14	15	15	15	14	15	15	15	15	15	15	14	14	14	14	15	14	15	14	15	15	15	5	15	9	5	5	5	15	15	15	15	15	15	15	15	15	15	15	15	15	15	15	15	15	14	15	15	14	15	15	15	15	15	15	9	15	15	15	15	15	15	15	15	15	15	15	15	9	15	15	15	15	15	15	15	15	15	14	15	14	15	15	14	15	15	15	9	5	15	15	15	14	15	15	5	5	15
15:39604140:A:G	0.035	7	15	15	15	15	15	15	15	15	15	15	15	15	15	15	15	15	5	15	15	15	15	15	15	15	15	15	15	5	15	15	15	15	15	14	15	15	15	15	15	15	14	14	15	14	15	14	15	15	5	15	15	5	15	15	15	5	15	5	15	15	15	15	15	15	15	15	15	15	15	15	15	15	15	15	5	15	15	14	15	15	15	15	15	15	15	15	15	15	15	15	15	15	15	15	15	15	15	15	15	15	15	15	15	15	15	15	15	13	15	15	15	15	14	15	15	15	15	5	15	15	15	5	15	15	15	5	15
15:39617295:C:T	0.523	6	15	15	15	15	15	15	15	15	15	15	15	15	15	15	15	15	5	15	15	15	15	15	15	15	15	15	5	5	15	15	15	15	15	14	15	15	14	15	15	14	14	14	14	14	15	14	14	15	15	15	15	15	14	15	5	15	15	15	15	15	15	15	15	14	15	15	15	15	15	15	15	15	15	15	15	15	15	15	15	15	15	15	15	15	15	15	15	15	15	15	15	15	15	15	15	15	15	15	15	15	15	15	15	15	15	15	15	15	15	15	15	15	14	14	15	15	15	15	15	15	15	5	15	5	15	15	15
15:39619456:A:C	0.382	3a	15	15	15	15	15	15	15	15	15	15	15	15	15	15	15	15	5	15	15	15	15	15	15	15	15	15	5	5	7	7	5	15	15	14	15	15	15	15	15	14	14	14	14	14	15	14	15	15	15	15	15	15	14	15	15	15	15	15	15	15	15	15	15	14	15	15	14	15	15	15	15	15	15	15	15	5	15	14	5	7	15	15	15	15	15	15	15	14	15	5	15	15	15	15	15	15	15	15	15	15	15	15	15	15	15	15	15	15	15	15	15	15	14	15	15	14	15	15	15	15	14	7	15	7	15	15	15
15:39619661:C:G	7.536	5	15	15	15	15	15	15	15	15	15	15	15	15	15	15	15	15	5	15	15	15	15	15	15	15	15	15	5	5	7	7	7	15	15	14	15	15	15	15	15	14	14	14	14	14	15	14	15	15	15	15	15	15	14	15	15	15	15	15	15	15	15	15	15	14	15	15	14	15	15	15	15	15	15	15	15	5	15	14	5	7	15	15	15	15	15	15	15	14	15	5	15	15	15	15	15	15	15	15	15	15	15	15	15	15	15	15	15	15	15	15	15	15	14	15	15	14	15	15	15	15	14	2	15	7	15	15	15
15:39621418:A:G	0.339	7	15	15	15	15	15	15	15	15	15	15	15	15	15	15	15	15	5	15	15	15	15	15	15	15	15	15	5	5	7	7	7	15	15	14	15	15	15	15	15	14	14	14	15	14	15	15	15	15	15	15	15	15	14	15	15	15	15	15	15	15	15	15	15	14	15	15	15	15	15	15	15	15	15	15	15	5	15	14	5	5	15	15	15	15	15	15	15	14	15	5	15	15	15	15	15	15	15	15	15	15	15	15	15	15	15	15	15	15	15	15	15	15	14	15	15	14	15	15	15	15	14	7	15	15	15	15	15
15:39621773:C:T	0.344	6	15	15	15	15	15	15	15	15	15	15	15	15	15	15	15	15	5	15	15	15	15	15	15	15	15	15	5	5	7	7	15	15	15	14	15	15	15	15	15	14	14	14	15	14	15	15	15	15	15	15	15	15	14	15	15	15	15	15	15	15	15	15	15	14	15	15	15	15	15	15	15	15	15	15	15	5	15	14	5	5	15	15	15	15	15	15	15	14	15	5	15	15	15	15	15	15	15	15	15	15	15	15	15	15	15	15	15	15	15	15	15	15	14	15	15	14	15	15	15	15	14	7	15	15	15	15	15
15:39623588:A:G	5.100	4	15	15	15	15	5	14	15	15	15	15	15	15	15	15	15	15	5	15	15	15	15	15	15	15	15	15	7	7	7	7	15	15	15	14	15	15	15	15	15	14	14	15	15	14	15	15	15	15	15	15	15	15	14	15	15	15	7	7	15	15	15	15	15	14	15	15	15	15	15	15	15	15	15	15	15	5	7	14	5	5	15	15	15	15	15	15	15	5	15	5	15	15	15	15	15	15	15	15	15	15	15	15	15	15	15	15	15	15	15	15	15	15	14	15	15	14	7	15	15	15	14	7	15	15	7	15	15
15:39624864:C:G	1.276	7	15	15	15	15	7	14	15	15	15	15	15	15	15	15	15	15	5	15	15	15	15	15	15	15	15	5	7	7	5	7	15	15	15	14	15	15	15	15	15	15	15	15	15	14	15	15	15	15	15	15	15	15	14	15	15	15	7	7	15	7	15	15	7	7	15	15	15	15	15	15	15	15	15	7	15	5	7	14	5	5	15	15	15	15	15	15	7	7	15	7	15	15	15	15	15	15	15	15	15	15	7	15	15	15	15	15	15	15	7	15	15	15	14	15	15	14	7	15	15	15	14	5	15	15	7	15	5
15:39625576:A:ACT	1.186	NA	15	15	15	15	15	14	15	15	15	15	15	15	15	15	15	15	5	15	15	15	15	15	15	15	15	5	7	5	5	7	15	15	15	14	15	15	15	15	15	15	15	15	15	14	15	15	15	15	15	15	15	15	15	15	15	5	7	7	15	5	15	15	7	7	15	15	15	15	15	15	15	15	15	7	15	5	15	14	5	15	15	15	15	15	15	15	5	5	15	5	15	15	15	15	15	15	15	15	15	15	7	15	15	15	15	15	15	15	5	15	15	15	14	15	15	7	15	15	15	15	14	5	15	15	7	15	5
15:39625987:C:G	0.802	6	15	15	15	15	15	14	15	15	15	15	15	15	15	15	15	15	5	15	15	15	15	15	15	15	15	5	7	5	5	7	15	15	15	14	15	15	15	15	15	15	15	15	15	14	15	15	15	15	15	15	15	15	15	15	15	5	5	15	15	5	15	15	15	7	15	15	15	15	15	15	15	15	15	7	15	5	15	14	5	15	15	15	15	15	15	15	5	5	15	5	15	15	15	15	15	15	15	15	15	15	7	15	15	15	15	15	15	15	5	15	15	15	14	15	15	5	15	15	15	15	14	7	15	15	7	15	5
15:39626935:A:G	8.987	7	15	15	15	15	15	14	15	15	15	15	15	15	15	15	15	15	5	15	15	15	15	15	7	15	7	5	5	15	7	7	15	15	15	14	15	15	15	15	15	15	15	15	15	14	15	15	15	15	15	15	15	15	15	15	15	15	15	15	15	5	15	15	15	15	15	15	15	15	15	15	15	15	15	5	15	5	15	14	5	15	15	15	15	15	15	15	5	5	15	5	15	15	15	15	15	15	15	15	15	15	7	15	15	15	15	15	15	15	5	15	15	15	14	15	15	5	15	15	15	15	14	7	15	15	15	15	5
15:39627146:C:G	3.978	5	15	15	15	15	15	14	15	15	15	15	15	15	15	15	15	15	7	15	15	15	15	15	7	15	7	7	5	15	7	2	15	15	15	14	15	15	15	15	15	15	15	15	15	14	15	15	15	15	15	15	15	15	15	15	15	15	15	15	15	5	15	15	15	15	15	15	15	15	15	15	15	15	15	7	15	5	15	14	5	15	15	15	15	15	15	15	5	5	15	5	15	15	15	15	15	15	15	15	15	15	7	15	15	15	15	15	15	15	5	15	15	15	14	15	15	7	15	15	15	15	14	2	15	7	15	7	7
15:39627982:A:C	1.098	5	15	15	15	15	15	14	15	15	15	15	15	15	15	15	15	15	15	15	15	15	15	15	7	15	7	15	5	15	7	7	15	15	15	14	15	15	15	15	15	15	15	15	15	15	15	15	15	15	7	15	15	15	15	15	7	15	15	15	15	5	15	15	15	15	15	15	15	15	15	15	15	15	7	7	15	5	15	14	15	15	15	15	15	15	15	15	5	5	15	5	15	15	15	15	15	15	15	15	15	5	5	15	15	15	15	15	15	15	5	15	15	15	14	15	15	15	15	15	15	15	14	7	15	7	15	15	7
15:39628131:A:G	0.423	6	15	15	15	15	15	14	15	15	15	15	15	15	15	15	15	15	15	15	15	15	15	15	7	15	15	15	5	15	7	7	15	15	15	14	15	15	15	15	15	15	15	15	15	15	15	15	15	15	15	15	15	15	15	15	7	15	15	15	15	5	15	15	15	15	15	15	15	15	15	15	15	15	7	7	15	5	15	14	15	15	15	15	15	15	15	15	7	5	15	5	15	15	15	15	15	15	15	15	15	5	5	15	15	15	15	15	15	15	5	15	15	15	14	15	15	15	15	15	15	15	14	7	15	5	15	15	5
15:39628675:C:T	3.719	6	15	15	15	15	15	14	15	15	15	15	15	15	15	15	15	15	15	15	15	15	15	15	15	15	15	15	5	15	7	7	15	15	15	14	15	15	15	15	15	15	15	15	15	15	15	15	15	15	15	15	15	15	15	15	5	15	15	15	15	5	15	15	15	15	15	15	15	15	15	15	15	15	15	7	15	5	15	14	15	15	15	15	15	15	15	15	14	5	15	5	15	15	15	15	15	15	15	15	15	5	5	15	15	15	15	15	15	15	5	15	15	15	14	15	15	15	15	15	15	15	14	7	15	5	15	15	5
15:39631771:C:T	2.351	7	15	15	15	15	15	15	15	15	15	15	15	15	15	15	15	15	15	15	15	15	15	15	15	15	15	15	15	15	15	15	15	15	15	14	15	15	15	15	15	15	15	15	15	15	15	15	15	15	15	15	15	15	15	15	15	15	15	15	7	7	15	15	15	15	15	15	15	15	15	15	15	15	15	15	15	15	15	14	15	15	15	15	15	15	15	15	15	15	15	5	15	15	15	15	15	15	15	15	15	15	15	15	15	15	15	15	15	15	15	15	15	15	14	15	15	15	15	15	15	15	14	15	15	5	15	15	5
15:39632013:C:G	3.237	7	15	15	15	15	15	15	15	15	15	15	15	15	15	15	15	15	15	7	15	15	15	15	15	15	15	15	15	15	15	15	15	15	15	14	15	15	15	15	15	15	15	15	15	15	15	15	15	15	15	15	15	15	15	15	15	15	15	15	15	7	15	15	15	15	15	15	15	15	15	15	15	15	15	15	15	15	15	14	15	15	15	15	15	15	15	15	15	14	15	5	15	15	15	15	15	15	15	15	15	15	15	15	15	15	15	15	15	15	15	15	15	15	14	15	15	15	15	15	15	15	14	15	15	5	15	15	5
15:39632269:A:G	3.172	7	15	15	15	15	15	15	15	15	15	15	15	15	15	15	15	7	15	15	15	15	15	15	15	15	15	15	15	15	15	15	15	15	15	14	15	15	15	15	15	15	15	15	15	15	15	15	15	15	15	15	15	15	15	15	15	15	15	15	15	15	15	15	15	15	15	15	15	15	15	15	15	15	15	15	15	15	15	14	15	15	15	15	15	15	15	15	15	14	15	5	15	15	15	15	15	15	15	15	15	15	15	15	15	15	15	15	15	15	15	15	15	15	14	15	15	15	15	15	15	15	14	15	15	5	15	15	5
15:39632734:T:TAC	1.682	NA	15	15	15	15	15	15	15	15	15	15	15	15	15	15	15	5	15	15	15	15	15	15	15	15	15	15	15	15	15	15	15	15	15	14	15	15	15	15	15	15	15	15	15	15	15	15	15	15	15	15	15	15	15	15	15	15	15	15	15	15	15	15	15	15	15	15	15	15	15	15	15	15	15	15	15	15	15	14	15	15	15	15	15	15	15	15	15	14	15	5	15	15	15	15	15	15	15	15	15	15	15	15	15	15	15	15	15	15	15	15	15	15	14	15	15	15	15	15	15	15	14	15	15	5	15	15	5
15:39633074:T:TA	0.559	NA	15	15	15	15	15	15	15	15	15	15	15	15	15	15	15	7	15	15	15	15	15	15	15	15	15	15	15	15	15	15	15	15	15	14	15	15	15	15	15	15	15	15	15	15	15	15	15	15	15	15	15	15	15	15	15	15	15	15	15	15	15	15	15	15	15	15	15	15	15	15	15	15	15	15	15	15	15	14	15	15	15	15	15	15	15	15	15	14	15	5	15	15	15	15	15	15	15	15	15	15	15	15	15	15	15	15	15	15	15	15	15	15	14	15	15	15	15	15	15	15	14	15	15	5	15	15	5
15:39633877:A:AG	11.840	NA	15	15	15	15	9	15	15	15	15	15	15	5	15	15	15	15	15	15	7	15	15	15	15	7	15	15	15	15	15	15	15	15	15	14	15	15	15	15	15	14	15	15	15	15	15	14	15	15	15	15	15	15	15	15	15	15	15	15	15	15	15	15	9	15	15	15	15	15	15	15	15	15	15	15	15	15	15	13	15	15	15	15	15	15	15	15	15	14	15	15	15	15	15	15	7	15	15	15	15	15	15	15	15	15	15	15	15	15	15	15	15	15	14	15	15	15	15	15	15	15	14	15	15	5	15	15	5
15:39633904:A:G	13.850	5	15	15	15	15	9	15	15	15	15	15	15	5	15	15	15	15	15	15	7	15	15	15	15	7	15	15	15	15	15	15	15	15	15	14	15	15	15	15	15	14	15	15	15	15	15	14	15	15	15	15	15	15	15	15	15	15	15	15	15	15	15	15	9	15	15	15	15	15	15	15	15	15	15	15	15	15	15	13	15	15	15	15	15	15	15	15	15	14	15	15	15	15	15	15	7	15	15	15	15	15	15	15	15	15	15	15	15	15	15	15	15	15	14	15	15	15	15	15	15	15	14	15	15	5	15	15	5
15:39634222:A:G	0.165	5	15	15	15	15	9	9	15	15	15	15	15	7	15	15	9	15	15	15	15	15	15	15	15	5	9	15	15	15	9	15	15	15	15	14	15	15	15	15	15	14	15	15	15	15	15	14	15	15	15	15	9	15	15	15	15	15	15	15	15	15	15	9	9	9	15	15	15	15	15	15	15	15	15	15	15	15	15	14	15	15	15	15	15	15	9	15	15	9	15	15	15	15	9	15	7	15	15	15	15	15	15	15	15	15	15	15	15	15	15	15	15	15	14	15	15	15	15	9	15	15	14	15	15	7	15	15	5
15:39635124:C:T	1.245	6	15	15	15	15	15	15	15	15	9	15	9	9	9	9	9	9	9	15	9	9	15	15	15	5	9	15	9	9	9	9	15	15	15	14	9	15	15	15	15	14	15	15	15	15	15	14	15	15	15	15	9	15	15	15	15	15	15	15	15	15	15	9	15	15	15	15	15	15	9	15	15	9	15	15	15	15	15	14	15	9	15	15	15	15	9	15	9	9	15	15	15	15	15	15	5	15	15	15	15	15	15	15	15	15	15	15	15	15	15	15	15	9	14	15	15	9	15	15	15	15	14	9	15	9	15	15	9
15:39636227:C:T	2.790	7	15	15	9	15	15	15	15	15	15	15	9	9	9	9	9	9	15	15	9	9	15	15	9	5	15	15	9	15	15	15	15	15	15	14	9	15	15	15	15	14	15	15	15	15	15	14	9	15	15	15	9	15	15	15	15	15	15	15	15	15	15	15	15	15	15	9	15	15	15	15	15	15	15	15	15	15	15	14	15	9	15	15	15	15	9	15	15	9	15	15	15	15	15	15	5	15	15	15	15	15	15	15	15	15	15	15	15	15	15	15	15	9	14	15	15	15	15	15	15	15	15	9	15	7	15	15	15
15:39639898:A:C	12.790	3a	15	15	15	15	15	15	15	15	15	5	15	15	15	15	15	15	15	15	15	15	15	15	15	15	5	15	15	15	15	15	15	15	15	14	15	15	15	15	15	14	15	15	15	15	15	15	15	15	15	15	15	15	15	15	15	15	15	15	15	15	15	15	15	15	15	15	15	15	15	15	15	15	15	15	15	15	15	14	15	15	15	15	15	15	15	15	15	15	15	15	15	15	15	15	15	15	15	15	15	15	15	15	15	15	15	15	15	15	15	15	15	15	14	15	15	5	15	15	15	15	15	15	15	5	15	15	15
15:39639992:A:G	3.388	3a	15	15	15	15	15	15	15	15	15	5	15	15	15	15	15	15	15	15	15	15	15	15	15	15	5	15	15	15	15	15	15	15	15	14	15	15	15	15	15	14	15	15	15	15	15	15	15	15	15	15	15	15	15	15	15	15	15	15	15	15	15	15	15	15	15	15	15	15	15	15	15	15	15	15	15	15	15	14	15	15	15	15	15	15	15	15	15	15	15	15	15	15	15	15	15	15	15	15	15	15	15	15	15	15	15	15	15	15	15	15	15	15	14	15	15	5	15	15	15	15	15	15	15	5	15	15	15
15:39640223:T:TTAAA	0.922	NA	15	15	15	15	15	15	15	15	15	5	15	15	15	15	15	15	15	15	15	15	15	15	15	15	5	15	15	15	15	15	15	15	15	14	15	15	15	15	15	14	15	15	15	15	15	15	15	15	15	15	15	15	15	15	15	15	15	15	15	15	15	15	15	15	15	15	15	15	15	15	15	15	15	15	15	15	15	14	15	15	15	15	15	15	15	15	15	15	15	15	15	15	15	15	15	15	15	15	15	15	15	15	15	15	15	15	15	15	15	15	15	15	14	15	15	5	15	15	15	15	15	15	15	5	15	15	15
15:39640378:G:GA	1.679	NA	15	15	15	15	15	15	15	15	15	5	15	15	15	15	15	15	15	15	15	15	15	15	15	15	5	15	15	15	15	15	15	15	15	14	15	15	15	15	15	14	15	15	15	15	15	15	15	15	15	15	15	15	15	15	15	15	15	15	15	15	15	15	15	15	15	15	15	15	15	15	15	15	15	15	15	15	15	14	15	15	15	15	15	15	15	15	15	15	15	15	15	15	15	15	15	15	15	15	15	15	15	15	15	15	15	15	15	15	15	15	15	15	14	15	15	5	15	15	15	15	15	15	15	5	15	15	15
15:39647894:C:T	1.899	7	15	15	15	15	5	15	15	15	14	15	15	15	15	15	15	15	5	15	15	15	15	15	15	15	15	5	15	5	5	5	15	15	15	14	15	15	15	15	15	14	15	14	15	14	15	15	15	15	15	15	15	15	15	14	15	5	15	5	15	15	15	15	15	15	15	15	15	15	15	15	15	15	15	15	15	15	15	14	15	15	5	15	15	15	15	15	15	15	15	15	15	15	15	15	15	15	15	15	15	15	15	15	15	15	15	15	14	15	15	15	15	15	14	15	15	5	15	15	15	5	5	5	15	15	15	15	15
15:39655920:C:T	5.051	4	15	15	15	15	15	5	15	15	15	15	15	15	15	15	15	15	7	15	15	15	15	15	7	15	7	7	15	5	15	15	14	15	15	14	15	15	15	15	15	14	15	14	15	14	14	14	15	15	7	15	15	7	15	15	7	7	5	5	15	7	15	7	15	7	15	15	15	15	15	15	15	15	15	15	15	15	15	15	15	15	15	7	15	15	15	5	15	15	15	15	15	15	15	15	15	15	15	15	15	15	15	15	15	7	15	15	15	15	15	15	15	7	15	15	2	7	5	7	7	7	15	15	7	7	5	7	2
15:39661138:A:G	2.369	7	15	15	15	15	15	5	15	15	15	15	9	15	9	9	9	15	15	15	15	15	15	15	15	15	15	15	9	5	9	15	15	15	15	14	9	15	15	15	15	14	14	15	15	14	15	14	15	15	15	9	9	15	15	15	15	5	15	15	15	15	15	15	15	15	15	15	15	15	15	15	15	15	15	15	15	15	15	9	15	15	15	15	15	15	15	15	15	15	15	15	15	15	15	15	15	15	15	15	15	15	15	15	15	15	15	15	15	15	15	15	15	15	15	15	15	9	15	15	15	15	15	9	15	15	15	15	5
15:39661779:C:T	1.511	6	15	15	9	9	9	9	15	15	9	15	9	15	9	9	9	9	9	15	15	9	9	15	15	9	15	15	9	5	9	9	15	9	15	14	9	15	15	15	15	15	14	15	9	14	15	14	15	15	15	9	9	15	15	15	15	5	15	15	15	15	15	9	9	15	15	15	15	15	15	15	15	15	15	15	15	15	15	9	15	15	15	15	9	15	15	15	15	15	9	15	15	15	15	9	15	9	15	15	15	15	15	9	15	15	15	15	15	15	15	15	9	15	9	15	15	9	15	15	9	15	15	9	15	9	15	15	5
15:39662277:A:G	0.396	7	9	15	9	9	8	8	15	9	9	15	9	15	9	9	9	9	9	9	9	9	15	9	15	8	15	15	9	5	9	9	15	9	15	14	9	9	15	15	9	15	14	15	9	9	9	14	15	15	9	9	9	15	15	15	9	8	15	9	15	9	9	9	9	9	15	15	15	9	15	9	9	15	15	15	9	9	9	14	15	9	15	15	9	15	15	15	9	9	9	9	9	15	9	9	15	9	15	9	15	15	15	9	15	15	15	15	15	15	15	15	9	15	9	9	15	9	15	9	9	15	15	9	15	9	9	15	5
15:39664000:A:C	3.354	5	9	15	9	9	9	9	15	9	15	7	9	15	9	9	9	9	9	9	9	9	15	9	9	9	15	9	9	8	9	9	9	9	15	9	9	9	14	15	9	15	14	9	9	9	9	9	15	15	9	9	9	15	9	9	9	15	15	9	9	9	9	9	9	9	15	9	15	9	9	9	9	15	9	9	9	9	9	9	9	9	15	15	9	15	15	9	9	9	9	9	9	15	9	9	9	9	15	9	9	9	15	9	9	9	15	15	9	15	15	9	9	15	9	9	15	9	15	9	9	15	15	8	9	9	9	15	5
20:19961345:C:G	2.613	5	7	5	15	15	7	6	5	15	9	7	5	7	6	15	5	15	6	15	15	5	15	15	5	15	6	5	7	6	4	15	15	15	15	14	5	15	14	15	15	15	15	14	15	14	15	15	15	14	7	15	5	6	5	15	5	15	3	3	14	5	5	5	5	5	7	7	7	14	7	7	7	7	5	5	5	5	7	6	14	15	7	6	4	15	7	5	5	4	5	4	15	6	7	6	7	7	5	7	4	4	5	7	6	4	7	7	5	7	7	15	5	6	13	14	7	15	6	6	5	6	14	4	7	7	2	6	7
20:19964432:G:T	3.853	6	15	15	15	15	5	5	15	15	15	5	15	15	4	15	15	15	5	15	15	15	15	15	5	15	4	5	6	4	4	15	15	15	15	14	15	15	15	15	15	15	15	14	15	14	15	15	15	14	5	15	5	5	5	15	5	15	5	6	14	5	5	5	5	5	5	5	7	14	7	5	5	5	5	5	4	5	5	5	14	15	7	4	5	15	5	5	5	5	5	5	15	5	5	5	5	5	5	5	5	5	5	5	5	5	5	5	5	5	5	15	5	5	14	14	5	15	4	5	5	5	14	5	5	5	5	5	7
20:19964443:A:G	5.661	6	15	15	15	15	5	5	15	15	15	5	15	15	4	15	15	15	5	15	15	15	15	15	5	15	4	5	6	4	4	15	15	15	15	14	15	15	15	15	15	15	15	14	15	14	15	15	15	14	5	15	5	5	5	15	5	15	5	6	14	5	5	5	5	5	5	5	7	14	7	5	5	5	5	5	4	5	5	5	14	15	7	4	5	15	5	5	5	5	5	5	15	5	5	5	5	5	5	5	5	5	5	5	5	5	5	5	5	5	5	15	5	5	14	14	5	15	4	5	5	5	14	5	5	5	5	5	7
20:19966270:C:T	5.715	3a	15	15	15	15	5	5	15	15	15	5	15	15	4	15	15	15	6	15	15	15	15	15	7	15	2	7	6	7	7	15	15	15	15	14	14	15	15	15	15	15	15	14	15	14	15	15	15	14	7	15	5	7	5	15	7	5	2	6	14	5	5	7	5	5	7	7	7	5	7	5	5	7	5	7	4	7	7	7	14	15	7	5	5	15	5	5	5	7	5	5	15	5	6	5	5	7	5	7	5	5	7	7	7	7	5	5	5	7	7	15	7	2	14	14	5	7	7	7	7	7	14	7	7	7	3	7	7
20:19966405:C:T	2.945	4	15	15	15	15	5	5	15	15	15	5	15	15	4	15	15	15	6	15	15	15	15	15	7	15	7	7	6	7	7	15	15	15	15	14	14	15	15	15	15	15	15	14	15	14	15	15	15	14	7	15	5	7	5	15	7	5	2	6	14	5	5	7	5	5	7	7	7	5	7	5	5	7	5	7	4	5	7	7	14	15	7	5	5	15	5	5	5	5	5	5	15	5	6	5	5	5	5	5	5	5	7	7	7	7	5	5	5	7	7	15	5	2	14	14	5	7	7	7	5	7	14	7	7	7	3	7	7
20:19966683:A:G	6.110	5	15	15	15	15	5	5	15	15	15	5	15	15	4	15	15	15	6	15	15	15	15	15	7	15	7	7	6	6	7	15	15	15	15	14	14	15	15	15	15	15	15	14	15	14	15	15	15	14	7	15	5	2	5	15	5	5	7	6	14	5	5	7	5	5	7	7	7	7	7	7	7	7	5	7	4	5	7	7	14	15	7	5	5	15	5	5	5	5	5	5	15	5	6	5	5	5	5	5	5	5	7	7	7	5	7	5	5	7	7	15	5	2	14	14	5	5	7	7	5	7	14	7	7	7	3	7	7
20:19971707:C:T	4.592	NA	7	7	15	15	5	5	5	15	7	7	15	15	7	15	15	7	6	7	5	15	15	15	6	15	6	7	6	6	4	15	15	15	15	14	14	15	15	15	14	15	15	14	15	14	15	15	15	14	4	15	5	6	7	7	5	7	6	6	14	14	5	6	5	5	5	7	7	5	6	6	7	6	5	5	6	4	5	7	14	15	7	7	5	7	5	7	5	7	5	7	15	5	6	4	5	5	7	5	4	4	5	5	5	4	5	5	5	5	6	15	5	3	14	14	7	5	6	6	7	6	14	4	7	7	6	6	6
