No	GenomicLocus	uniqID	rsID	chr	pos	p	nSNPs	nGWASSNPs
1	1	1:73821195:A:T	rs75267789	1	73821195	4.90035761243e-08	87	79
2	2	9:101639827:G:T	rs7023465	9	101639827	1.79892929823e-14	24	19
3	3	14:59628679:A:G	rs76341705	14	59628679	4.66188616618e-12	51	43
4	4	15:39599667:G:T	rs56214701	15	39599667	1.03624668746e-10	50	49
5	4	15:39623847:C:G	rs10851383	15	39623847	4.30925481357e-08	9	7
6	4	15:39625201:A:G	rs17621729	15	39625201	5.01607933743e-10	1	1
7	4	15:39628675:C:T	rs72722978	15	39628675	1.09981559645e-22	14	13
8	4	15:39633904:A:G	rs2033939	15	39633904	5.22474838711e-46	16	10
9	4	15:39636877:C:T	rs16968876	15	39636877	6.33957998492e-12	7	5
10	4	15:39655920:C:T	rs978740	15	39655920	4.03086409569e-13	2	2
11	4	15:39664000:A:C	rs34680120	15	39664000	1.40240428689e-26	5	5
12	5	16:89765046:C:G	rs35432452	16	89765046	1.71806622705e-08	1	1
13	5	16:89930656:A:G	rs55911767	16	89930656	4.68734891184e-12	2	2
14	5	16:89933007:A:G	rs72813426	16	89933007	9.24216412404e-16	3	3
15	5	16:89969593:C:T	rs4785736	16	89969593	9.39314103169e-09	22	17
16	5	16:89991895:C:T	rs61356367	16	89991895	3.70071536483e-08	6	6
17	5	16:89992613:G:T	rs111398992	16	89992613	6.43936179699e-09	6	6
18	5	16:89993206:A:C	rs7186811	16	89993206	1.81312775523e-09	357	318
19	5	16:90005453:C:T	rs4785741	16	90005453	3.5402159437e-08	22	16
20	5	16:90007663:C:G	rs62052217	16	90007663	1.77932685351e-08	173	166
21	5	16:90080922:G:T	rs12920256	16	90080922	4.20801361885e-08	3	3
22	5	16:90111833:C:T	rs12596885	16	90111833	4.59509862986e-08	13	13
23	6	17:44248848:A:G	17:44248848_G_A	17	44248848	1.21211323753e-09	65	52
