No	GenomicLocus	uniqID	rsID	chr	pos	p	nSNPs	nGWASSNPs
1	1	1:47980916:G:T	rs6658111	1	47980916	8.08158141102e-12	2	2
2	2	2:27175570:C:T	rs12105356	2	27175570	1.99288874292e-09	198	176
3	2	2:27291661:A:G	rs7575465	2	27291661	7.75107089623e-10	123	113
4	3	9:101639827:G:T	rs7023465	9	101639827	3.74236030581e-18	33	27
5	4	10:7622009:A:G	rs41298373	10	7622009	2.1022940333e-11	1	1
6	5	12:49516946:C:G	rs10783306	12	49516946	7.40959904544e-10	123	107
7	6	14:59074136:A:C	rs160459	14	59074136	6.57442199639e-13	15	13
8	7	14:59628609:C:T	rs74826997	14	59628609	3.02351866417e-14	51	44
9	8	15:39628675:C:T	rs72722978	15	39628675	1.6586700546e-12	22	21
10	8	15:39639898:A:C	rs4924345	15	39639898	1.41299942971e-27	15	10
11	8	15:39664000:A:C	rs34680120	15	39664000	3.65915714395e-10	6	6
12	9	16:89842903:A:T	rs1558151	16	89842903	1.25407577656e-08	3	3
13	9	16:89939929:C:T	rs9939914	16	89939929	2.85275525425e-10	3	2
14	9	16:89956249:C:T	rs35769864	16	89956249	1.40129657877e-10	347	316
15	9	16:89992238:C:G	rs12596146	16	89992238	2.1003438988e-09	30	29
16	9	16:89992613:G:T	rs111398992	16	89992613	9.24072707242e-10	26	26
17	9	16:90007108:A:G	rs62052216	16	90007108	1.62386157854e-08	187	177
18	10	17:44200023:A:G	rs9910683	17	44200023	2.4161275224e-20	55	35
19	10	17:44819595:G:T	rs17698176	17	44819595	5.17224880547e-13	33	25
