Name	Coefficient	Coefficient_std_error	Coefficient_P_value
Fetal_Brain_Female__H3K4me3	1.27389350938e-06	2.3583591273e-07	3.30227994268e-08
Brain_Germinal_Matrix__H3K4me3	1.05097183184e-06	2.32062093478e-07	2.96543503554e-06
Fetal_Brain_Female__H3K4me1	4.39586941383e-07	9.79624023831e-08	3.60652984439e-06
Fetal_Brain_Male__H3K4me1	2.75124654504e-07	6.24408158981e-08	5.26079592828e-06
Ganglion_Eminence_derived_primary_cultured_neurospheres__H3K4me3	8.07273049967e-07	1.84533481491e-07	6.08082113984e-06
Fetal_Brain_Female__DNase	5.22532896311e-07	1.2334785937e-07	1.13639695767e-05
Cortex_derived_primary_cultured_neurospheres__H3K4me3	1.19570824787e-06	2.91758858332e-07	2.08119634298e-05
Fetal_Brain_Male__DNase	4.71251777383e-07	1.23121976951e-07	6.47205453581e-05
Brain_Cingulate_Gyrus__H3K9ac	5.5915407108e-07	1.5090651582e-07	0.000105569903051
Brain_Inferior_Temporal_Lobe__H3K27ac	1.70411045157e-07	4.59923573165e-08	0.000105610524292
Brain_Angular_Gyrus__H3K4me3	6.95827980222e-07	1.96831324154e-07	0.000203772949554
Brain_Hippocampus_Middle__H3K4me3	4.575796092e-07	1.31823099895e-07	0.000259103625287
Brain_Inferior_Temporal_Lobe__H3K4me3	5.65890777428e-07	1.64402178734e-07	0.000288595186986
Brain_Dorsolateral_Prefrontal_Cortex__H3K27ac	2.27655091597e-07	6.71223562559e-08	0.00034737407929
Cortex_derived_primary_cultured_neurospheres__H3K36me3	3.81768097719e-07	1.13283758111e-07	0.000375818851254
Fetal_Brain_Female__H3K36me3	4.73897558422e-07	1.41168630155e-07	0.000394021414245
Cortex_derived_primary_cultured_neurospheres__H3K4me1	1.80920014375e-07	5.50439542222e-08	0.00050661335492
Brain_Anterior_Caudate__H3K4me3	4.68015955854e-07	1.46349323538e-07	0.000692071936151
Brain_Cingulate_Gyrus__H3K27ac	1.70690924501e-07	5.34189568959e-08	0.000698367474264
Brain_Germinal_Matrix__H3K36me3	5.96131905281e-07	1.92362503277e-07	0.000970866452994
Brain_Angular_Gyrus__H3K27ac	1.90679591141e-07	6.15346465589e-08	0.000971742352091
Artery-Coronary_ENTEX__H3K27ac	1.68892048851e-07	5.52541880345e-08	0.00111917222753
Brain_Inferior_Temporal_Lobe__H3K4me1	2.07564193083e-07	6.82787576305e-08	0.00118307656016
Brain_Cingulate_Gyrus__H3K4me3	5.8276485714e-07	1.92079795877e-07	0.00120678134365
Brain_Hippocampus_Middle__H3K27ac	1.48743438097e-07	4.91013095206e-08	0.00122553620578
Ganglion_Eminence_derived_primary_cultured_neurospheres__H3K4me1	2.24300482183e-07	7.40687910592e-08	0.00122978100097
Brain_Dorsolateral_Prefrontal_Cortex__H3K4me3	6.35225855171e-07	2.10441343551e-07	0.00126997452421
Aorta_ENTEX__H3K4me1	1.01422472327e-07	3.37500314757e-08	0.00132743504822
Ganglion_Eminence_derived_primary_cultured_neurospheres__H3K36me3	2.77229746653e-07	9.39500194515e-08	0.0015846495738
Brain_Dorsolateral_Prefrontal_Cortex__H3K9ac	5.69986953222e-07	1.96741489482e-07	0.00188292923141
Brain_Inferior_Temporal_Lobe__H3K9ac	3.57787845622e-07	1.25267369262e-07	0.00214376873504
Artery-Coronary_ENTEX__H3K4me3	3.37769828722e-07	1.19089817938e-07	0.00228225500617
Fetal_Stomach__H3K4me1	1.44474649678e-07	5.1174266965e-08	0.00237742340962
Fetal_Muscle_Leg__DNase	2.65835692223e-07	9.46558731362e-08	0.00248907916478
Fetal_Muscle_Leg__H3K27ac	1.99539881081e-07	7.15406067063e-08	0.00264205566177
Aorta__H3K4me1	4.29324656593e-07	1.6032274256e-07	0.00370451608358
Brain_Angular_Gyrus__H3K9ac	3.91367615666e-07	1.46161223827e-07	0.00370710693873
Brain_Dorsolateral_Prefrontal_Cortex__H3K36me3	2.75180516037e-07	1.03102895752e-07	0.00380399474095
Fetal_Muscle_Trunk__H3K27ac	2.28816656012e-07	8.65241793056e-08	0.00409010148077
Brain_Substantia_Nigra__H3K27ac	1.29138333225e-07	4.91114911047e-08	0.00427561176407
Fetal_Lung__H3K4me1	1.32237252215e-07	5.09406600499e-08	0.00471707007073
Aorta_ENTEX__H3K27ac	8.92464389068e-08	3.48157261975e-08	0.00518271078349
Fetal_Intestine_Large__H3K36me3	1.70431477325e-07	6.65152910993e-08	0.00519921983965
Fetal_Muscle_Trunk__DNase	2.87326995928e-07	1.12691943109e-07	0.00539128352134
Brain_Dorsolateral_Prefrontal_Cortex__H3K4me1	1.893355898e-07	7.49738627474e-08	0.00577907980814
Brain_Anterior_Caudate__H3K27ac	1.24416005118e-07	5.12053275523e-08	0.00755467713664
Brain_Germinal_Matrix__H3K4me1	2.37552350223e-07	9.8876774122e-08	0.00814151457345
Left_Ventricle__H3K4me3	5.86481682878e-07	2.49002171e-07	0.00925319140879
Brain_Cingulate_Gyrus__H3K4me1	1.40483198269e-07	6.0185942219e-08	0.00979385566689
Aorta_ENTEX__H3K4me3	2.00107624468e-07	8.82560766888e-08	0.0116843543868
Brain_Angular_Gyrus__H3K4me1	1.47988526301e-07	6.67124433167e-08	0.0132670320998
Brain_Inferior_Temporal_Lobe__H3K36me3	2.01985217305e-07	9.2214619204e-08	0.0142482818888
Brain_Substantia_Nigra__H3K4me3	3.48347641395e-07	1.60865621258e-07	0.0151763392249
Fetal_Muscle_Leg__H3K4me3	5.79847295397e-07	2.73322996211e-07	0.0169410183062
Brain_Anterior_Caudate__H3K36me3	1.91331405222e-07	9.10284031456e-08	0.0177815935616
Brain_Cingulate_Gyrus__H3K36me3	2.19969375212e-07	1.05413507033e-07	0.018456339266
Colon_Smooth_Muscle__H3K4me3	2.88059818127e-07	1.3899995238e-07	0.0191153112624
Brain_Hippocampus_Middle__H3K4me1	8.69557912559e-08	4.24307801257e-08	0.0202136381556
Right_Ventricle__H3K4me1	1.65187381552e-07	8.24782400994e-08	0.0225994044919
Brain_Anterior_Caudate__H3K9ac	2.41054668647e-07	1.21655660593e-07	0.0237703880322
Nerve-Tibial_ENTEX__H3K4me1	1.02615950747e-07	5.24747532272e-08	0.0252602768463
Fetal_Heart__DNase	1.79304053938e-07	9.1941902173e-08	0.0255768191383
Brain_Anterior_Caudate__H3K4me1	1.18710381091e-07	6.14813651882e-08	0.026751720875
Right_Atrium__H3K4me3	4.32510002042e-07	2.24657720406e-07	0.0271024608731
Brain_Substantia_Nigra__H3K9ac	2.74283817074e-07	1.44317947853e-07	0.0286803349639
Testis_ENTEX__H3K27ac	7.7090710758e-08	4.07250434747e-08	0.0291818681068
Fetal_Muscle_Leg__H3K4me1	1.03281556935e-07	5.46041366139e-08	0.0292814624723
Fetal_Stomach__H3K36me3	1.18139189734e-07	6.24625704599e-08	0.0292881708869
Pancreatic_Islets__H3K36me3	1.987254816e-07	1.05460988947e-07	0.0297587811708
Artery-Tibial_ENTEX__H3K36me3	1.23104772891e-07	6.66385377285e-08	0.0323481390649
Foreskin_Melanocyte_Primary_Cells_skin01__H3K4me3	4.84921068948e-07	2.70921615624e-07	0.036735448705
Fetal_Muscle_Leg__H3K36me3	1.24546866679e-07	7.11700529164e-08	0.0400600368879
Fetal_Intestine_Small__H3K36me3	8.85090206819e-08	5.30305703894e-08	0.0475568238012
Right_Atrium__H3K4me1	1.8590836971e-07	1.11893796191e-07	0.0483093794785
Brain_Hippocampus_Middle__H3K36me3	1.50954628639e-07	9.10002269211e-08	0.0485742268084
Artery-Tibial_ENTEX__H3K4me1	2.50970241677e-07	1.51548711393e-07	0.0488571842391
Colonic_Mucosa__H3K36me3	1.62809047191e-07	1.00155038862e-07	0.0520205587565
Aorta_ENTEX__H3K36me3	8.04647666192e-08	5.00398243933e-08	0.0539159940844
Foreskin_Melanocyte_Primary_Cells_skin01__H3K4me1	2.25953178085e-07	1.40784045409e-07	0.0542509782984
Brain_Substantia_Nigra__H3K4me1	7.92067922043e-08	4.98744433393e-08	0.0561291698335
Fetal_Heart__H3K9ac	1.18199548931e-07	7.50009404331e-08	0.0575158717805
Psoas_Muscle__H3K27ac	1.26657652287e-07	8.1866206731e-08	0.0609159684506
Testis_ENTEX__H3K4me3	1.93040848282e-07	1.25005264303e-07	0.0612624673665
Ovary__H3K4me1	1.191055753e-07	7.74350599542e-08	0.0620078059294
Fetal_Adrenal_Gland__H3K4me1	8.55312582272e-08	5.73215853712e-08	0.0678325319203
Right_Atrium__H3K27ac	1.40781506764e-07	9.55710989157e-08	0.0703680724636
Fetal_Stomach__H3K4me3	3.68452675126e-07	2.5123156789e-07	0.0712443689811
Foreskin_Melanocyte_Primary_Cells_skin03__H3K27ac	1.19053187303e-07	8.21347356676e-08	0.0736008893475
Fetal_Muscle_Trunk__H3K36me3	1.25711198633e-07	8.77810404578e-08	0.07605765017
Spleen_ENTEX__H3K4me1	2.30184202816e-07	1.63192217738e-07	0.0791946201003
Vagina_ENTEX__H3K27ac	6.71532171791e-08	4.82698255524e-08	0.0820816529466
Nerve-Tibial_ENTEX__H3K27ac	5.01652183527e-08	3.61981682772e-08	0.0828964110353
Fetal_Brain_Male__H3K4me3	5.94123994331e-07	4.33649506932e-07	0.0853347519157
Pancreatic_Islets__H3K4me1	9.60358344501e-08	7.01625748827e-08	0.0855369124103
Spleen__H3K4me3	1.89769672273e-07	1.38962537851e-07	0.0860295268623
Aorta__H3K27ac	1.11488768367e-07	8.27743470369e-08	0.0890062201058
Stomach_Smooth_Muscle__H3K4me1	9.93272413142e-08	7.41131248856e-08	0.0900883428976
Nerve-Tibial_ENTEX__H3K4me3	2.78602187052e-07	2.13873300434e-07	0.0963470340881
Right_Ventricle__H3K36me3	1.0618592479e-07	8.18916963116e-08	0.0973735991401
Aorta__H3K4me3	3.68982627526e-07	2.84971367218e-07	0.0976935860249
NHDF-Ad_Adult_Dermal_Fibroblast_Primary_Cells__DNase	1.49359196346e-07	1.16132386121e-07	0.0992020770522
Heart-Atrial_ENTEX__H3K36me3	8.28726686767e-08	6.50912971928e-08	0.101477821252
Fetal_Lung__DNase	1.37863232332e-07	1.08576762851e-07	0.102090314152
Fetal_Adrenal_Gland__H3K27ac	6.24522455839e-08	5.08609679294e-08	0.109742022006
Right_Ventricle__H3K27ac	8.42728750014e-08	6.88886565197e-08	0.110604417861
Foreskin_Melanocyte_Primary_Cells_skin01__H3K36me3	1.30219260373e-07	1.06505699371e-07	0.110730840825
Fetal_Adrenal_Gland__H3K36me3	7.61247793049e-08	6.29938508857e-08	0.113437535192
NHLF_Lung_Fibroblast_Primary_Cells__DNase	1.47903499104e-07	1.26861151174e-07	0.121833682236
Fetal_Muscle_Trunk__H3K4me3	3.6244751142e-07	3.15474164257e-07	0.125299102888
Left_Ventricle__H3K27ac	5.87106185653e-08	5.11540267146e-08	0.125541605595
Stomach_Smooth_Muscle__H3K4me3	1.37521415431e-07	1.24975041828e-07	0.13558089178
Colon-Sigm_ENTEX__H3K4me3	3.20340172089e-07	2.92566993746e-07	0.136773806921
Colon_Smooth_Muscle__H3K27ac	6.14224599238e-08	5.62289800866e-08	0.137336779675
Skeletal_Muscle_Female__H3K4me3	1.28411204752e-07	1.20242119302e-07	0.142774096723
Brain_Substantia_Nigra__H3K36me3	1.83035696823e-07	1.71561832772e-07	0.143013265433
Skeletal_Muscle_Female__H3K4me1	4.64427926866e-08	4.38005967719e-08	0.144498774575
Stomach_Smooth_Muscle__H3K27ac	7.07682911336e-08	6.73090765723e-08	0.146539067498
Skeletal_Muscle_Female__H3K27ac	4.93255495171e-08	4.70025347317e-08	0.146991696899
Foreskin_Melanocyte_Primary_Cells_skin03__H3K4me1	4.93245507662e-08	4.72720755864e-08	0.148377290914
Skeletal_Muscle_Male__H3K4me1	5.40758196152e-08	5.25458614553e-08	0.151712437314
Rectal_Smooth_Muscle__H3K27ac	6.82879097813e-08	6.69008327057e-08	0.153690399314
Rectal_Smooth_Muscle__H3K4me1	8.45642739808e-08	8.33808669933e-08	0.15524538458
Adrenal_gland_ENTEX__H3K27ac	5.35878058106e-08	5.32277656462e-08	0.15702406507
Heart-LV_ENTEX__H3K4me1	8.06321736333e-08	8.1328536042e-08	0.160735958811
Heart-LV_ENTEX__H3K36me3	7.09983395123e-08	7.19689064712e-08	0.161940454858
Fetal_Muscle_Trunk__H3K4me1	4.60648034282e-08	4.74194374456e-08	0.165666366533
Duodenum_Smooth_Muscle__H3K27ac	1.03539237825e-07	1.06681436436e-07	0.165887212165
Primary_hematopoietic_stem_cells__H3K4me3	2.40124848328e-07	2.59628714479e-07	0.177514723682
Thyroid_gland_ENTEX__H3K36me3	8.34993714413e-08	9.09536109582e-08	0.179298046006
Brain_Angular_Gyrus__H3K36me3	9.27536209231e-08	1.01633894072e-07	0.180719930805
Fetal_Lung__H3K36me3	5.82498412546e-08	6.59566435773e-08	0.188576668169
Placenta__H3K4me1	4.65729767348e-08	5.2946115368e-08	0.189529966124
Heart-Atrial_ENTEX__H3K4me3	2.04130400859e-07	2.323894772e-07	0.189863944366
Right_Atrium__H3K36me3	1.56322661686e-07	1.81223338867e-07	0.194179611135
Heart-Atrial_ENTEX__H3K4me1	2.22133388651e-07	2.60606317011e-07	0.197003975826
Fetal_Heart__H3K4me1	3.65775783172e-08	4.29843510689e-08	0.197398274784
Pancreatic_Islets__H3K4me3	2.25655301155e-07	2.65350374709e-07	0.197549962128
Duodenum_Mucosa__H3K36me3	5.76907882552e-08	6.93630651298e-08	0.20278293582
Colon_Smooth_Muscle__H3K4me1	5.12692193833e-08	6.17528228488e-08	0.203203585256
NHLF_Lung_Fibroblast_Primary_Cells__H3K4me1	8.07394199907e-08	9.8880417305e-08	0.207096822433
Esoph-GJ_ENTEX__H3K4me1	4.53703713292e-08	5.67720923248e-08	0.212096850138
Placenta_Amnion__H3K36me3	5.77707118721e-08	7.3513178825e-08	0.215976169488
Breast_Myoepithelial_Primary_Cells__H3K36me3	3.84081567752e-08	4.93595971399e-08	0.218246347754
Lung__H3K4me1	6.66139142961e-08	8.60302350612e-08	0.219374285256
Psoas_Muscle__H3K4me1	6.82325991307e-08	8.8989658655e-08	0.221615825289
Pancreas_ENTEX__H3K36me3	4.14186817788e-08	5.47964908105e-08	0.224865440884
Esoph-Muscularis_ENTEX__H3K27ac	5.41188122077e-08	7.2224480552e-08	0.226833995021
Foreskin_Fibroblast_Primary_Cells_skin02__H3K4me3	6.67513183114e-08	9.08873249124e-08	0.231340202549
Aorta__H3K36me3	1.56443629407e-07	2.13861132424e-07	0.232230890934
Fetal_Kidney__H3K4me1	1.31023235568e-07	1.82886345615e-07	0.236866362342
Fetal_Kidney__H3K36me3	1.93196417666e-07	2.70533972196e-07	0.237573407415
Esoph-Muscularis_ENTEX__H3K36me3	4.23953333217e-08	5.95843310163e-08	0.238381602039
Fetal_Heart__H3K36me3	1.2100588716e-07	1.77073934289e-07	0.247188546833
Foreskin_Keratinocyte_Primary_Cells_skin02__H3K36me3	5.49774500774e-08	8.27490259699e-08	0.253221043457
Adipose_Nuclei__H3K4me1	3.66339354974e-08	5.73676116697e-08	0.261547382948
Fetal_Kidney__DNase	9.10655029819e-08	1.43398497296e-07	0.262697249492
Fetal_Thymus__H3K36me3	3.00557299853e-08	4.7479842297e-08	0.263360014711
Foreskin_Fibroblast_Primary_Cells_skin01__H3K4me3	7.8610145759e-08	1.24323880057e-07	0.263595020851
Adipose_Nuclei__H3K27ac	3.13374800724e-08	4.97133335834e-08	0.264228332909
Uterus_ENTEX__H3K4me3	1.62518848988e-07	2.58075709895e-07	0.264434570474
Thymus__H3K36me3	7.30054606626e-08	1.16037614831e-07	0.264624314577
Ovary__DNase	7.06590548283e-08	1.13518483447e-07	0.266824526453
Left_Ventricle__H3K4me1	4.58652283173e-08	7.42306879141e-08	0.268329127314
Placenta__DNase	5.47896999588e-08	8.93247799544e-08	0.269813787915
Esoph-GJ_ENTEX__H3K27ac	4.59138741146e-08	7.59466887931e-08	0.272737691143
Psoas_Muscle__H3K4me3	1.38799157582e-07	2.3209834901e-07	0.274913721143
Small_Intestine__H3K4me1	7.71900388775e-08	1.32130323339e-07	0.279544143453
Foreskin_Melanocyte_Primary_Cells_skin01__H3K27ac	1.06348741185e-07	1.89148604733e-07	0.286972961037
Stomach_Smooth_Muscle__H3K36me3	5.6863827154e-08	1.0114551451e-07	0.286990490612
Esophagus__H3K36me3	4.59989003949e-08	8.23614522247e-08	0.288251380717
Thymus__H3K4me3	1.12722440185e-07	2.05126070394e-07	0.29132170945
Adrenal_gland_ENTEX__H3K4me3	8.97931104262e-08	1.63865274767e-07	0.291856553219
Colon_Smooth_Muscle__H3K9ac	8.06191713388e-08	1.47316974874e-07	0.292103595403
Fetal_Heart__H3K4me3	5.58656450517e-08	1.11102894934e-07	0.30754260733
Skeletal_Muscle_Male__H3K9ac	4.26233538814e-08	8.53598831937e-08	0.308770972425
Ovary__H3K36me3	4.50348041143e-08	9.10833669662e-08	0.310499502136
Fetal_Stomach__H3K27ac	3.15325242111e-08	6.5684819643e-08	0.315593070164
Foreskin_Melanocyte_Primary_Cells_skin01__DNase	4.60528049124e-08	9.64993600693e-08	0.31659764322
NHLF_Lung_Fibroblast_Primary_Cells__H3K36me3	8.04945562002e-08	1.68743728979e-07	0.31667304832
Foreskin_Melanocyte_Primary_Cells_skin03__H3K36me3	2.09257128353e-08	4.39964489143e-08	0.317171575773
Uterus_ENTEX__H3K27ac	1.92581406972e-08	4.13879174513e-08	0.320855352936
Right_Ventricle__H3K4me3	9.05506778062e-08	2.04364572108e-07	0.328852478698
Psoas_Muscle__DNase	4.64310341414e-08	1.09697758204e-07	0.336051587073
Gastric__H3K36me3	3.34639714214e-08	8.14556699549e-08	0.340600674022
Colon-Sigm_ENTEX__H3K27ac	3.06436752846e-08	7.47687003562e-08	0.340959349459
Thymus__H3K4me1	3.50128541109e-08	8.67142953036e-08	0.343189983517
Mammary_ENTEX__H3K4me1	6.04425170785e-08	1.52005924994e-07	0.345450498909
Fetal_Thymus__H3K4me1	1.64214727884e-08	4.15040819569e-08	0.346178220802
Primary_hematopoietic_stem_cells_G-CSF-mobilized_Female__H3K4me3	7.17603650424e-08	1.83795023525e-07	0.348106741496
Lung_ENTEX__H3K36me3	1.87990490897e-08	5.30311209763e-08	0.361485516338
NHLF_Lung_Fibroblast_Primary_Cells__H3K9ac	1.02175736831e-07	2.8841092332e-07	0.361567755734
Colon-Sigm_ENTEX__H3K36me3	3.00703874691e-08	8.7973572833e-08	0.366246340585
Fetal_Thymus__H3K27ac	2.12017140629e-08	6.44510448673e-08	0.371093557221
Primary_B_cells_from_peripheral_blood__DNase	3.82812749882e-08	1.21101937966e-07	0.375960318817
Esoph-Mucosa_ENTEX__H3K36me3	2.73239933522e-08	8.77262828073e-08	0.377722157984
Foreskin_Melanocyte_Primary_Cells_skin03__H3K4me3	6.49808031633e-08	2.10137721451e-07	0.378573440213
Primary_neutrophils_from_peripheral_blood__H3K4me3	2.57442252686e-08	8.91240657023e-08	0.3863449115
Stomach_Smooth_Muscle__H3K9ac	5.3862827099e-08	1.92069262409e-07	0.389572126533
Breast_Myoepithelial_Primary_Cells__H3K4me1	1.28758651484e-08	4.64881397211e-08	0.390901198547
Colon-TV_ENTEX__H3K4me1	3.94505873633e-08	1.42742920515e-07	0.391129993979
Skeletal_Muscle_Male__H3K4me3	3.5629848083e-08	1.38299078761e-07	0.398346637861
Duodenum_Smooth_Muscle__H3K4me3	2.40895777446e-08	9.40478315527e-08	0.398920686069
Ovary__H3K27ac	2.21005265922e-08	8.90515661033e-08	0.401998834503
Placenta_Amnion__H3K4me1	1.41147162738e-08	5.94056218591e-08	0.406096063581
Heart-Atrial_ENTEX__H3K27ac	1.08703574976e-08	4.70091841901e-08	0.408564560413
NHDF-Ad_Adult_Dermal_Fibroblast_Primary_Cells__H3K36me3	3.32355031233e-08	1.69409722792e-07	0.422233015218
Foreskin_Fibroblast_Primary_Cells_skin02__H3K36me3	1.20277917892e-08	6.47129340806e-08	0.426275785751
Placenta__H3K36me3	1.18698359094e-08	7.80466817011e-08	0.439559410194
Foreskin_Keratinocyte_Primary_Cells_skin03__H3K36me3	5.69793417034e-09	3.85235242305e-08	0.441207720589
Small_Intestine__H3K27ac	1.28592755355e-08	1.13731545711e-07	0.454988750552
Esoph-Muscularis_ENTEX__H3K4me3	2.00945367965e-08	1.7792592752e-07	0.455039991954
Fetal_Adrenal_Gland__DNase	1.3502930901e-08	1.36158225285e-07	0.460501297975
Mammary_ENTEX__H3K36me3	4.74565704018e-09	5.09993411265e-08	0.462930608403
Rectal_Smooth_Muscle__H3K4me3	1.26888541123e-08	1.92417234185e-07	0.473711014557
Ovary__H3K4me3	1.33147408173e-08	2.1352724098e-07	0.475139599361
Rectal_Mucosa_Donor_31__H3K36me3	5.42730447779e-09	8.79019875224e-08	0.475383874666
Duodenum_Smooth_Muscle__H3K4me1	6.29356315487e-09	1.03083241101e-07	0.475658414801
Rectal_Smooth_Muscle__H3K36me3	1.05249330801e-08	1.93727950352e-07	0.478336754315
Primary_B_cells_from_peripheral_blood__H3K4me1	2.11605563847e-09	4.9850236195e-08	0.483070679727
Esophagus__H3K4me1	3.48169303521e-09	8.40392451419e-08	0.483476799254
Fetal_Brain_Male__H3K36me3	1.12455320055e-08	2.80435045232e-07	0.484006577674
Sigmoid_Colon__H3K36me3	4.17360889873e-09	1.07256152133e-07	0.484480060863
Primary_B_cells_from_peripheral_blood__H3K4me3	7.8449152316e-09	2.34465820565e-07	0.486654410747
Pancreatic_Islets__H3K9ac	4.40212650369e-09	2.23502562119e-07	0.492142905086
Stomach_ENTEX__H3K36me3	8.60445957037e-10	5.29118694541e-08	0.493512738315
Primary_B_cells_from_cord_blood__H3K4me1	7.69883383971e-10	6.12588105446e-08	0.494986338373
liver_ENTEX__H3K4me1	1.6010122014e-09	1.84372652706e-07	0.496535801691
Small_Intestine__H3K36me3	1.33748636793e-09	2.05077782037e-07	0.497398177054
Colon-Sigm_ENTEX__H3K4me1	-4.99472778469e-09	3.28337790273e-07	0.5060685407
Stomach_ENTEX__H3K4me1	-1.73435176965e-09	6.88356795044e-08	0.510050500795
Skin_tissue_ENTEX__H3K4me3	-6.32369995374e-09	1.85536222882e-07	0.513594665676
skeletal_muscle_ENTEX__H3K4me1	-1.06130133016e-09	2.7082316855e-08	0.515629742149
Fetal_Adrenal_Gland__H3K4me3	-1.29252133092e-08	2.82969568016e-07	0.518216169389
Liver__H3K4me1	-2.41852205932e-09	4.56335297589e-08	0.521133565834
Skeletal_Muscle_Female__H3K9ac	-7.592020546e-09	1.1053075511e-07	0.527380597316
Colon_Smooth_Muscle__H3K36me3	-7.87748307557e-09	1.02985993112e-07	0.530485691475
Esoph-GJ_ENTEX__H3K4me3	-1.51995025239e-08	1.68948025372e-07	0.535842705727
Prostate_ENTEX__H3K4me3	-2.66304867089e-08	2.65020331642e-07	0.540020232796
Ovary_ENTEX__H3K4me3	-2.62929685688e-08	2.5124489367e-07	0.541673531635
Foreskin_Fibroblast_Primary_Cells_skin02__H3K4me1	-6.26641780543e-09	5.93550561116e-08	0.542040271352
Fetal_Thymus__H3K4me3	-2.47455790687e-08	1.75813044956e-07	0.555966037606
Primary_hematopoietic_stem_cells_G-CSF-mobilized_Female__H3K36me3	-7.1865331908e-09	4.79338075776e-08	0.559588576089
Primary_T_killer_memory_cells_from_peripheral_blood__H3K27ac	-2.28220401685e-08	1.4162169576e-07	0.564011546389
Spleen_ENTEX__H3K4me3	-1.46728815484e-08	8.56761721709e-08	0.567990244058
Stomach_Mucosa__H3K36me3	-2.65363871258e-08	1.53436080448e-07	0.568653654259
Primary_hematopoietic_stem_cells_G-CSF-mobilized_Male__H3K36me3	-7.7808236442e-09	4.43625631592e-08	0.569614053757
Fetal_Intestine_Small__H3K4me3	-3.71984343479e-08	2.0697188366e-07	0.571316549544
Fetal_Intestine_Large__H3K4me3	-3.89559482301e-08	2.15423877648e-07	0.57175103839
Adipose_Nuclei__H3K4me3	-1.90786631661e-08	1.03916190599e-07	0.572835049379
Duodenum_Smooth_Muscle__H3K36me3	-2.26564215975e-08	1.15112757044e-07	0.578015558076
NHDF-Ad_Adult_Dermal_Fibroblast_Primary_Cells__H3K4me1	-1.33898456373e-08	6.46802037798e-08	0.582001370265
Pancreatic_Islets__H3K27ac	-3.36516783928e-08	1.62133959981e-07	0.582211692148
NHLF_Lung_Fibroblast_Primary_Cells__H3K27ac	-2.13719642715e-08	9.94550426915e-08	0.585073734151
Nerve-Tibial_ENTEX__H3K36me3	-1.94726656165e-08	8.6877588424e-08	0.588675470616
Pancreas__H3K4me3	-5.59278180481e-08	2.36214905297e-07	0.59358109754
liver_ENTEX__H3K27ac	-9.44176524091e-09	3.97368223148e-08	0.593907216283
Adipose_Nuclei__H3K9ac	-3.39871234425e-08	1.37164949187e-07	0.597848791516
NHEK-Epidermal_Keratinocyte_Primary_Cells__H3K36me3	-1.57900662846e-08	6.10801289413e-08	0.601994863497
HMEC_Mammary_Epithelial_Primary_Cells__H3K4me1	-1.52915920355e-08	5.86696308467e-08	0.602814532038
Left_Ventricle__H3K36me3	-2.66339698487e-08	1.02041176989e-07	0.602958366408
Placenta__H3K4me3	-6.31482746069e-08	2.28375207857e-07	0.608922223387
Heart-LV_ENTEX__H3K27ac	-1.47669232233e-08	5.13604349224e-08	0.6131411979
NHDF-Ad_Adult_Dermal_Fibroblast_Primary_Cells__H3K27ac	-3.49417892082e-08	1.14780083543e-07	0.619597481079
Osteoblast_Primary_Cells__H3K4me3	-6.4657873822e-08	2.08014978837e-07	0.622036125214
Lung__H3K36me3	-2.62068265238e-08	8.42870490833e-08	0.622070620556
Osteoblast_Primary_Cells__H3K27ac	-1.71424515174e-08	5.32686928352e-08	0.626202061246
Foreskin_Fibroblast_Primary_Cells_skin02__H3K27ac	-2.80698989181e-08	8.23645811506e-08	0.633373151742
Breast_Myoepithelial_Primary_Cells__H3K4me3	-5.78702259424e-08	1.65518002282e-07	0.636692181466
Breast_Myoepithelial_Primary_Cells__H3K9ac	-5.08462502678e-08	1.44616198622e-07	0.637428779374
Heart-LV_ENTEX__H3K4me3	-7.54694796352e-08	2.05274733848e-07	0.643433292733
Osteoblast_Primary_Cells__H3K4me1	-1.81235438975e-08	4.88052648229e-08	0.644809347607
Primary_T_helper_memory_cells_from_peripheral_blood_2__H3K27ac	-3.68286882943e-08	9.75357702614e-08	0.647132999956
Vagina_ENTEX__H3K36me3	-6.36279919787e-08	1.6713998793e-07	0.648282178332
Gastric__H3K4me1	-3.77480172925e-08	9.87579070593e-08	0.648853797499
Vagina_ENTEX__H3K4me3	-8.76377296366e-08	2.28887714134e-07	0.649097575816
Primary_hematopoietic_stem_cells_short_term_culture__H3K36me3	-2.1836712967e-08	5.56018896025e-08	0.652741759381
Foreskin_Fibroblast_Primary_Cells_skin02__DNase	-4.75088856667e-08	1.13951561485e-07	0.661632181936
Esoph-Mucosa_ENTEX__H3K27ac	-2.78384189914e-08	6.30784617741e-08	0.670512953049
Primary_Natural_Killer_cells_from_peripheral_blood__H3K4me1	-3.47965749665e-08	7.84085935259e-08	0.671401062583
Lung__H3K4me3	-1.06994667204e-07	2.3140861479e-07	0.678089309123
Spleen__H3K36me3	-3.00364605711e-08	6.18347632803e-08	0.686429071853
Placenta__H3K27ac	-2.04099277081e-08	4.13989449587e-08	0.688995821378
Adipose_Nuclei__H3K36me3	-4.29112560305e-08	8.65895749101e-08	0.68990133449
Esoph-Muscularis_ENTEX__H3K4me1	-2.53744902685e-08	4.8286438444e-08	0.700381934902
Placenta_Amnion__H3K4me3	-1.44908419531e-07	2.74413894902e-07	0.701272947218
Primary_monocytes_from_peripheral_blood__H3K36me3	-2.26906712561e-08	4.1736564903e-08	0.706663673394
NHDF-Ad_Adult_Dermal_Fibroblast_Primary_Cells__H3K9ac	-1.04411199481e-07	1.88722947992e-07	0.709954297719
Foreskin_Fibroblast_Primary_Cells_skin01__H3K36me3	-2.83221258783e-08	4.79408304906e-08	0.722663579578
Primary_hematopoietic_stem_cells_G-CSF-mobilized_Female__H3K4me1	-2.57177951145e-08	4.32485919767e-08	0.723961428552
Foreskin_Keratinocyte_Primary_Cells_skin02__H3K4me1	-4.42147479759e-08	7.42023552797e-08	0.724368019036
Primary_hematopoietic_stem_cells_G-CSF-mobilized_Male__H3K4me3	-7.38954473091e-08	1.18655371238e-07	0.733283385858
Primary_T_killer_naive_cells_from_peripheral_blood__H3K9ac	-1.46508647202e-07	2.34418893665e-07	0.734010045402
Skeletal_Muscle_Male__H3K36me3	-6.20381593322e-08	9.79217402351e-08	0.7368121992
Duodenum_Mucosa__H3K9ac	-1.04934242832e-07	1.65596297584e-07	0.736853545894
Primary_hematopoietic_stem_cells_G-CSF-mobilized_Male__DNase	-1.00979673685e-07	1.54686388103e-07	0.743058220853
Fetal_Lung__H3K9ac	-8.74447149469e-08	1.3207333282e-07	0.746043912091
SI-Term-Ileum_ENTEX__H3K4me3	-1.09261041109e-07	1.64585870807e-07	0.746608221914
Stomach_Mucosa__H3K4me1	-3.31602121558e-08	4.96894709338e-08	0.747725340592
Primary_B_cells_from_cord_blood__H3K4me3	-1.92201216162e-07	2.86904692297e-07	0.748543410664
Osteoblast_Primary_Cells__H3K36me3	-3.04668522815e-08	4.53385536098e-08	0.749203548015
Thymus__H3K27ac	-8.31201514806e-08	1.23240451436e-07	0.749988990097
Pancreas__H3K4me1	-5.25917196516e-08	7.65520068226e-08	0.753960656553
Esoph-Mucosa_ENTEX__H3K4me3	-9.96841312955e-08	1.44437533337e-07	0.754951304271
Primary_hematopoietic_stem_cells_short_term_culture__H3K4me3	-1.27819120958e-07	1.82106834628e-07	0.758626382224
skeletal_muscle_ENTEX__H3K27ac	-1.84549583645e-08	2.60076811569e-08	0.761022790862
HMEC_Mammary_Epithelial_Primary_Cells__H3K36me3	-5.87998071697e-08	8.27207556453e-08	0.761403005037
Primary_T_cells_from_cord_blood__DNase	-1.22334679198e-07	1.70282009421e-07	0.763752047782
Primary_hematopoietic_stem_cells__H3K4me1	-7.37326310668e-08	1.0064698178e-07	0.768094699474
Primary_neutrophils_from_peripheral_blood__H3K36me3	-2.36173810819e-08	3.18709620671e-08	0.770662774771
Fetal_Kidney__H3K9ac	-2.07088561323e-07	2.77724264363e-07	0.772064332571
Liver__H3K27ac	-3.56121571442e-08	4.6674240282e-08	0.777266460883
Rectal_Mucosa_Donor_29__H3K36me3	-7.24393692648e-08	9.32357073245e-08	0.781405505637
Liver__H3K4me3	-7.06579128775e-08	9.01100917695e-08	0.78351771395
Rectal_Smooth_Muscle__H3K9ac	-2.08666585637e-07	2.65737705192e-07	0.783842143649
Foreskin_Fibroblast_Primary_Cells_skin01__DNase	-9.52323093977e-08	1.20969251044e-07	0.784430459166
Skeletal_Muscle_Female__H3K36me3	-5.85156369302e-08	7.30403024711e-08	0.788475210373
Gastric__H3K4me3	-1.67164939636e-07	2.0512462821e-07	0.792447614331
Spleen__H3K4me1	-5.8937541075e-08	6.88111968551e-08	0.804142380565
Foreskin_Keratinocyte_Primary_Cells_skin03__H3K4me1	-4.43974180078e-08	5.14339419663e-08	0.805984315599
Fetal_Thymus__DNase	-1.0115823154e-07	1.15928661828e-07	0.808556798727
Fetal_Kidney__H3K4me3	-2.42411680734e-07	2.77160484947e-07	0.809111197905
Prostate_ENTEX__H3K36me3	-3.19178774201e-07	3.6278879088e-07	0.810514073763
SI-Term-Ileum_ENTEX__H3K27ac	-4.93384715567e-08	5.5224867491e-08	0.81418128528
Primary_B_cells_from_peripheral_blood__H3K27ac	-7.93433132973e-08	8.85713280418e-08	0.814823575314
Spleen__H3K27ac	-7.23202701302e-08	7.9353536587e-08	0.818949233183
Colonic_Mucosa__H3K4me3	-1.83531646499e-07	1.96972281059e-07	0.824270703824
Fetal_Stomach__DNase	-1.40684166438e-07	1.47924345026e-07	0.82921173475
Gastric__DNase	-1.93202621096e-07	2.02034616262e-07	0.830535802044
Primary_hematopoietic_stem_cells_G-CSF-mobilized_Female__H3K27ac	-7.87036550056e-08	8.19655595626e-08	0.831523713287
skeletal_muscle_ENTEX__H3K4me3	-8.6755383128e-08	8.97309705978e-08	0.833187685381
Lung__H3K27ac	-8.01026448186e-08	8.16161022682e-08	0.836816134182
Testis_ENTEX__H3K36me3	-2.69533934322e-07	2.73743130929e-07	0.837595492113
Primary_hematopoietic_stem_cells_short_term_culture__H3K4me1	-5.72927676075e-08	5.73887203605e-08	0.840939837807
Spleen_ENTEX__H3K27ac	-4.16026735257e-08	4.15895511039e-08	0.841421081131
Sigmoid_Colon__H3K27ac	-1.06872042311e-07	1.05603464341e-07	0.844233998632
Colon-TV_ENTEX__H3K36me3	-8.95123749667e-08	8.83692804363e-08	0.844454497783
Esophagus__H3K4me3	-2.49183804749e-07	2.43744401855e-07	0.846684321298
Lung_ENTEX__H3K27ac	-4.6627099487e-08	4.54045700468e-08	0.847772168422
Adrenal_gland_ENTEX__H3K4me1	-5.58182261848e-08	5.36591298855e-08	0.850885157392
Esoph-Mucosa_ENTEX__H3K4me1	-6.0945581662e-08	5.82397038674e-08	0.852325890538
Stomach_ENTEX__H3K27ac	-6.10151186199e-08	5.80174192603e-08	0.853524270166
Stomach_ENTEX__H3K4me3	-1.57470846743e-07	1.4949401957e-07	0.853911719068
Duodenum_Mucosa__H3K4me1	-7.05444602299e-08	6.62742510579e-08	0.856433569033
Pancreas__H3K36me3	-9.96286351635e-08	9.31683811756e-08	0.857541653165
Primary_T_regulatory_cells_from_peripheral_blood__H3K4me3	-1.35340203753e-07	1.24830175814e-07	0.860860739445
Foreskin_Fibroblast_Primary_Cells_skin01__H3K4me1	-5.15118775001e-08	4.7333181209e-08	0.861764815165
Primary_hematopoietic_stem_cells__H3K36me3	-1.2197250339e-07	1.09784131533e-07	0.866720399372
Small_Intestine__H3K4me3	-2.96832385675e-07	2.64065467097e-07	0.869511801151
Primary_T_cells_from_peripheral_blood__H3K4me1	-7.85491532283e-08	6.76305667811e-08	0.877269419732
Sigmoid_Colon__H3K4me1	-1.59224226385e-07	1.34478348984e-07	0.881796207863
Foreskin_Keratinocyte_Primary_Cells_skin02__H3K4me3	-2.06698329265e-07	1.73869260772e-07	0.882743699605
liver_ENTEX__H3K36me3	-7.56946660542e-08	6.31208236777e-08	0.884775443093
Foreskin_Keratinocyte_Primary_Cells_skin03__H3K4me3	-1.79402466368e-07	1.45805706616e-07	0.890730334172
Mammary_ENTEX__H3K27ac	-6.71715127459e-08	5.38759028847e-08	0.893761301996
Placenta_Amnion__H3K27ac	-1.60128401309e-07	1.28204124371e-07	0.894169531376
Thyroid_gland_ENTEX__H3K4me3	-1.77236535975e-07	1.41370211106e-07	0.895025369211
NHLF_Lung_Fibroblast_Primary_Cells__H3K4me3	-3.60049783648e-07	2.79114749692e-07	0.901469543634
Primary_mononuclear_cells_from_peripheral_blood__H3K4me3	-3.27067058521e-07	2.52302908875e-07	0.902568565003
Fetal_Intestine_Large__H3K27ac	-6.95230081783e-08	5.22914180669e-08	0.908163409694
Fetal_Lung__H3K4me3	-2.63081095574e-07	1.93833238453e-07	0.912649869934
Spleen_ENTEX__H3K36me3	-4.85606854596e-08	3.56228596192e-08	0.913588501682
Breast_variant_Human_Mammary_Epithelial_Cells_(vHMEC)__H3K4me3	-2.88423278746e-07	2.11152619249e-07	0.9140221944
HMEC_Mammary_Epithelial_Primary_Cells__H3K4me3	-2.73866596505e-07	1.98598202146e-07	0.916052371349
Mammary_ENTEX__H3K4me3	-2.05626134316e-07	1.45993420945e-07	0.920502792205
Fetal_Intestine_Large__H3K4me1	-6.59564828659e-08	4.62298031471e-08	0.92316812554
Breast_variant_Human_Mammary_Epithelial_Cells_(vHMEC)__H3K4me1	-8.23846064641e-08	5.68654122027e-08	0.926298358841
Primary_hematopoietic_stem_cells_G-CSF-mobilized_Male__H3K4me1	-7.05223455803e-08	4.7710817772e-08	0.930312257791
Lung_ENTEX__H3K4me1	-8.17931333489e-08	5.49462994433e-08	0.931703806814
liver_ENTEX__H3K4me3	-1.39275297467e-07	9.31442139931e-08	0.932577372263
Primary_monocytes_from_peripheral_blood__H3K27ac	-1.12997771852e-07	7.52522134682e-08	0.93339814392
HMEC_Mammary_Epithelial_Primary_Cells__H3K27ac	-1.07545960625e-07	7.14695806836e-08	0.93380961337
Esophagus__H3K27ac	-9.33429895702e-08	6.19878945764e-08	0.933944089402
Breast_variant_Human_Mammary_Epithelial_Cells_(vHMEC)__DNase	-1.66301451975e-07	1.1042099059e-07	0.933975061253
Primary_hematopoietic_stem_cells_G-CSF-mobilized_Female__DNase	-2.08301800827e-07	1.38290051017e-07	0.934000733202
Fetal_Intestine_Small__H3K4me1	-7.15375043748e-08	4.74448395498e-08	0.934197611882
Primary_mononuclear_cells_from_peripheral_blood__H3K4me1	-2.62945616456e-07	1.72758543315e-07	0.936000618161
HMEC_Mammary_Epithelial_Primary_Cells__DNase	-1.64276583982e-07	1.06357291096e-07	0.938775190967
Rectal_Mucosa_Donor_29__H3K4me1	-1.45636125339e-07	9.36651526031e-08	0.940010198283
NHDF-Ad_Adult_Dermal_Fibroblast_Primary_Cells__H3K4me3	-3.48837947218e-07	2.23829590413e-07	0.940442367608
Primary_mononuclear_cells_from_peripheral_blood__H3K36me3	-8.52589816158e-08	5.46748346564e-08	0.940547064857
Stomach_Mucosa__H3K9ac	-2.001730888e-07	1.24936436876e-07	0.945444242709
Fetal_Intestine_Small__H3K27ac	-9.19541397058e-08	5.72949498869e-08	0.945744925663
Duodenum_Mucosa__H3K4me3	-1.80242890084e-07	1.11562295642e-07	0.946912346798
Colonic_Mucosa__H3K27ac	-1.67026016042e-07	1.02236731845e-07	0.948840989184
Primary_T_helper_cells_from_peripheral_blood__H3K4me3	-2.89239224448e-07	1.74385776546e-07	0.951403509331
Foreskin_Keratinocyte_Primary_Cells_skin02__DNase	-1.51077668717e-07	9.04403129783e-08	0.952586619062
Thyroid_gland_ENTEX__H3K27ac	-5.72292704239e-08	3.42429763697e-08	0.95266585297
Primary_mononuclear_cells_from_peripheral_blood__H3K27ac	-3.32667697379e-07	1.98848017146e-07	0.952833859429
Small_Intestine__DNase	-2.02077632674e-07	1.20767618216e-07	0.952863574105
Liver__H3K36me3	-8.7460071541e-08	5.19459449262e-08	0.953877720135
Primary_T_helper_memory_cells_from_peripheral_blood_1__H3K36me3	-1.46172463902e-07	8.66328920961e-08	0.954223593355
Pancreas__DNase	-2.91311416274e-07	1.72537959401e-07	0.954331833947
Gastric__H3K27ac	-1.87019846177e-07	1.10289222291e-07	0.955030717544
Primary_monocytes_from_peripheral_blood__H3K4me3	-3.72331923398e-07	2.19045847407e-07	0.955414775865
Primary_T_cells_effector_memory_enriched_from_peripheral_blood__H3K36me3	-1.13628832646e-07	6.6358605854e-08	0.956583453731
Primary_T_helper_17_cells_PMA-I_stimulated__H3K36me3	-1.12667061959e-07	6.55778741041e-08	0.95710763628
Primary_T_cells_from_peripheral_blood__H3K4me3	-3.59395739705e-07	2.08414655494e-07	0.957684554894
NHEK-Epidermal_Keratinocyte_Primary_Cells__H3K4me3	-2.33992686308e-07	1.35580443296e-07	0.957813580964
skeletal_muscle_ENTEX__H3K36me3	-7.35138837277e-08	4.24266143156e-08	0.958428199315
Primary_T_cells_from_peripheral_blood__DNase	-2.04466243671e-07	1.1760223895e-07	0.958949665084
Pancreas_ENTEX__H3K4me1	-6.40879275831e-08	3.65774597173e-08	0.960123009865
Colonic_Mucosa__H3K4me1	-2.00362404105e-07	1.14184598564e-07	0.960346697073
SI-Term-Ileum_ENTEX__H3K4me1	-1.39557812839e-07	7.93158119044e-08	0.960755446213
Colonic_Mucosa__H3K9ac	-3.59103759736e-07	2.03949783084e-07	0.960859296284
Sigmoid_Colon__H3K4me3	-4.20271747187e-07	2.38089020443e-07	0.961233865141
NHEK-Epidermal_Keratinocyte_Primary_Cells__H3K4me1	-8.48322261345e-08	4.79856828793e-08	0.961458291785
Primary_T_helper_cells_from_peripheral_blood__H3K27ac	-1.70809662915e-07	9.47214091335e-08	0.964328238793
Breast_variant_Human_Mammary_Epithelial_Cells_(vHMEC)__H3K36me3	-8.27900581956e-08	4.53543273847e-08	0.966030102509
Primary_T_helper_17_cells_PMA-I_stimulated__H3K4me3	-2.68121606286e-07	1.43895465888e-07	0.968790543759
HMEC_Mammary_Epithelial_Primary_Cells__H3K9ac	-2.18805391037e-07	1.15876519632e-07	0.970504700953
Colon-TV_ENTEX__H3K4me3	-3.67698495013e-07	1.94251556576e-07	0.970814320726
Foreskin_Fibroblast_Primary_Cells_skin01__H3K27ac	-1.30484740577e-07	6.88515181686e-08	0.97096448985
Primary_neutrophils_from_peripheral_blood__H3K4me1	-6.33585762628e-08	3.33999838835e-08	0.971083673459
Primary_T_regulatory_cells_from_peripheral_blood__H3K36me3	-8.53423728087e-08	4.47297291562e-08	0.971801573845
Primary_Natural_Killer_cells_from_peripheral_blood__H3K4me3	-3.93121645184e-07	2.03950319818e-07	0.973043585738
Adrenal_gland_ENTEX__H3K36me3	-1.06398743851e-07	5.46658960347e-08	0.974193399617
Prostate_ENTEX__H3K27ac	-1.13446061814e-07	5.78215485905e-08	0.975118942592
Primary_monocytes_from_peripheral_blood__H3K4me1	-7.398917304e-08	3.76845579774e-08	0.975199083069
Primary_T_killer_naive_cells_from_peripheral_blood__H3K4me3	-4.26298697567e-07	2.16752596044e-07	0.975394121099
Primary_T_cells_effector_memory_enriched_from_peripheral_blood__H3K27ac	-1.73211918758e-07	8.68778396236e-08	0.976909821843
Primary_B_cells_from_cord_blood__H3K36me3	-3.75780964117e-07	1.75846262668e-07	0.983700426195
Primary_T_helper_cells_from_peripheral_blood__H3K36me3	-1.16824273345e-07	5.36808718257e-08	0.985232602198
Primary_mononuclear_cells_from_peripheral_blood__H3K9ac	-3.19230495658e-07	1.46642799001e-07	0.985256948753
Primary_T_cells_from_cord_blood__H3K4me3	-6.43091723585e-07	2.94777491925e-07	0.985431111456
Lung_ENTEX__H3K4me3	-4.83321890497e-07	2.20234386147e-07	0.985903115795
Primary_T_helper_memory_cells_from_peripheral_blood_2__H3K4me3	-3.80887297509e-07	1.68287207401e-07	0.988191922482
Primary_Natural_Killer_cells_from_peripheral_blood__DNase	-3.52783547738e-07	1.55743431803e-07	0.988248520509
Primary_T_cells_effector_memory_enriched_from_peripheral_blood__H3K4me3	-3.93079231421e-07	1.72811988269e-07	0.988535220066
Primary_T_helper_naive_cells_from_peripheral_blood__H3K9ac	-3.38389827413e-07	1.48430685252e-07	0.988689734015
NHEK-Epidermal_Keratinocyte_Primary_Cells__H3K27ac	-1.39130237433e-07	6.08091423968e-08	0.988930722109
NHEK-Epidermal_Keratinocyte_Primary_Cells__DNase	-2.37186049206e-07	1.02695475756e-07	0.989545001245
Primary_T_helper_naive_cells_from_peripheral_blood_1__H3K27ac	-2.77263244423e-07	1.19696668907e-07	0.989731297664
Primary_T_helper_17_cells_PMA-I_stimulated__H3K27ac	-1.9938073777e-07	8.57982991117e-08	0.989932720268
Primary_monocytes_from_peripheral_blood__DNase	-3.38932610625e-07	1.45638143315e-07	0.990023331998
Psoas_Muscle__H3K36me3	-3.94458275656e-07	1.69343386216e-07	0.990079462106
Primary_B_cells_from_peripheral_blood__H3K36me3	-9.33916738239e-08	4.00293541486e-08	0.990178018825
Thyroid_gland_ENTEX__H3K4me1	-8.50646306892e-08	3.64229515097e-08	0.990240502116
Primary_T_helper_memory_cells_from_peripheral_blood_2__H3K36me3	-2.71229694905e-07	1.1541485074e-07	0.99061434227
Pancreas_ENTEX__H3K4me3	-3.15350338612e-07	1.33586330041e-07	0.990878487919
Liver__H3K9ac	-2.0581551776e-07	8.59213471599e-08	0.991698753097
Stomach_Mucosa__H3K4me3	-4.72574773593e-07	1.96851669544e-07	0.991817328695
Primary_T_cells_effector_memory_enriched_from_peripheral_blood__H3K4me1	-2.04441193888e-07	8.29743894159e-08	0.993128415193
Primary_T_cells_from_peripheral_blood__H3K36me3	-1.27514808637e-07	5.15189489131e-08	0.993340149726
Primary_T_regulatory_cells_from_peripheral_blood__H3K27ac	-1.43804365575e-07	5.78173862222e-08	0.993562651583
Ovary_ENTEX__H3K36me3	-4.84933180765e-07	1.94129911718e-07	0.993754887335
Primary_Natural_Killer_cells_from_peripheral_blood__H3K36me3	-1.32086485759e-07	5.26634360585e-08	0.993931315584
Colon-TV_ENTEX__H3K27ac	-1.18976738521e-07	4.70530336912e-08	0.994273535403
Primary_T_cells_from_cord_blood__H3K36me3	-2.81010723404e-07	1.10867450604e-07	0.994372091935
Primary_T_helper_naive_cells_from_peripheral_blood_1__H3K36me3	-2.25289166716e-07	8.82219799235e-08	0.994670174601
Fetal_Intestine_Large__DNase	-2.92068873898e-07	1.13971593493e-07	0.994806108255
Primary_T_helper_cells_PMA-I_stimulated__H3K36me3	-1.54185120366e-07	5.95930095655e-08	0.995163463226
Foreskin_Keratinocyte_Primary_Cells_skin03__H3K27ac	-1.69731272976e-07	6.54354064247e-08	0.995254952556
Primary_T_killer_memory_cells_from_peripheral_blood__H3K36me3	-2.38857251361e-07	9.20571360707e-08	0.995265815698
Primary_T_helper_naive_cells_from_peripheral_blood_1__H3K4me1	-1.545287021e-07	5.72845434083e-08	0.996507553505
Primary_T_killer_memory_cells_from_peripheral_blood__H3K4me3	-4.6592077371e-07	1.6755586683e-07	0.997287817167
Primary_T_helper_naive_cells_from_peripheral_blood_2__H3K4me1	-1.24232758663e-07	4.4574140432e-08	0.997340928394
Primary_T_killer_naive_cells_from_peripheral_blood__H3K4me1	-1.47558402595e-07	5.29146040135e-08	0.997353293852
Primary_T_helper_17_cells_PMA-I_stimulated__H3K4me1	-1.56302236309e-07	5.5075228041e-08	0.997729978058
NHEK-Epidermal_Keratinocyte_Primary_Cells__H3K9ac	-2.75052549411e-07	9.68689179644e-08	0.997740292269
Primary_Natural_Killer_cells_from_peripheral_blood__H3K27ac	-2.24055416824e-07	7.87630920367e-08	0.997777163714
Primary_T_regulatory_cells_from_peripheral_blood__H3K4me1	-1.39763245673e-07	4.88540447115e-08	0.99788734981
Rectal_Mucosa_Donor_29__H3K27ac	-2.28053495347e-07	7.84318174439e-08	0.998179312388
Pancreas_ENTEX__H3K27ac	-1.18317360652e-07	4.06796419343e-08	0.998184252924
Primary_T_helper_cells_PMA-I_stimulated__H3K4me1	-1.07422831386e-07	3.68857730977e-08	0.99820617204
Primary_T_helper_naive_cells_from_peripheral_blood_2__H3K27ac	-1.94884052713e-07	6.66684856116e-08	0.998267624964
Primary_T_helper_naive_cells_from_peripheral_blood_2__H3K36me3	-2.03242705438e-07	6.86713085068e-08	0.998460032147
Rectal_Mucosa_Donor_31__H3K9ac	-3.46751425227e-07	1.15677926495e-07	0.99863924473
Primary_T_killer_naive_cells_from_peripheral_blood__H3K27ac	-3.75835184757e-07	1.24502277232e-07	0.998730696511
Primary_T_cells_from_cord_blood__H3K4me1	-2.37494402824e-07	7.83668643364e-08	0.998779440808
Fetal_Intestine_Small__DNase	-4.85304754252e-07	1.58712961666e-07	0.9988849769
Primary_T_helper_cells_PMA-I_stimulated__H3K27ac	-1.37232309226e-07	4.48680473329e-08	0.998888039748
SI-Term-Ileum_ENTEX__H3K36me3	-3.98310602453e-07	1.30034278694e-07	0.998904789058
Primary_T_killer_naive_cells_from_peripheral_blood__H3K36me3	-3.3143873122e-07	1.06901666175e-07	0.999033727286
Primary_T_helper_memory_cells_from_peripheral_blood_1__H3K27ac	-2.94777942879e-07	9.48481794748e-08	0.99905786694
Rectal_Mucosa_Donor_31__H3K27ac	-2.17397241185e-07	6.90157194908e-08	0.999183555565
Primary_T_helper_cells_from_peripheral_blood__H3K4me1	-1.42977905827e-07	4.51431299562e-08	0.999230462149
Primary_T_killer_memory_cells_from_peripheral_blood__H3K4me1	-1.87356267478e-07	5.91075143931e-08	0.999237159207
Rectal_Mucosa_Donor_31__H3K4me3	-4.87377683023e-07	1.53043464158e-07	0.999275154733
Primary_T_helper_cells_PMA-I_stimulated__H3K4me3	-3.16753196044e-07	9.76485946985e-08	0.999410281855
Pancreas__H3K27ac	-4.35954478854e-07	1.33093320744e-07	0.99947272692
Primary_T_cells_from_peripheral_blood__H3K27ac	-2.26949338629e-07	6.90664124196e-08	0.999491819398
Rectal_Mucosa_Donor_29__H3K4me3	-4.63186441312e-07	1.3791322947e-07	0.999608216352
Primary_T_helper_memory_cells_from_peripheral_blood_1__H3K4me1	-1.5620570867e-07	4.57153712636e-08	0.999683329093
Primary_T_helper_naive_cells_from_peripheral_blood_1__H3K4me3	-5.20695245323e-07	1.50108001731e-07	0.999738609706
Primary_T_helper_naive_cells_from_peripheral_blood_2__H3K4me3	-4.17869627194e-07	1.18709813456e-07	0.999784302546
Rectal_Mucosa_Donor_29__H3K9ac	-5.18213840549e-07	1.45750060781e-07	0.999811367063
Primary_T_helper_memory_cells_from_peripheral_blood_2__H3K4me1	-1.55565599977e-07	4.28091989124e-08	0.999860431281
Rectal_Mucosa_Donor_31__H3K4me1	-2.31608467395e-07	5.88561302859e-08	0.999958429878
Primary_T_helper_memory_cells_from_peripheral_blood_1__H3K4me3	-6.57459249841e-07	1.55161807349e-07	0.999988686254
