Name	Coefficient	Coefficient_std_error	Coefficient_P_value
Fetal_Brain_Female__H3K4me3	7.0616804737e-07	1.96331586925e-07	0.000161069812095
Nerve-Tibial_ENTEX__H3K4me1	1.20149434426e-07	4.28665631273e-08	0.00253249843843
Cortex_derived_primary_cultured_neurospheres__H3K36me3	2.29082785498e-07	8.33410636557e-08	0.00299125520818
Aorta__H3K4me3	6.29108408322e-07	2.36618459936e-07	0.00392160222628
Artery-Coronary_ENTEX__H3K27ac	1.36216099478e-07	5.22394504768e-08	0.00455986181829
Fetal_Brain_Male__DNase	2.97988578689e-07	1.16706585301e-07	0.00533515993987
Aorta__H3K4me1	3.28134856844e-07	1.3496591089e-07	0.0075235701622
Aorta_ENTEX__H3K4me1	7.52615432659e-08	3.11166405952e-08	0.00778822959185
Fetal_Muscle_Leg__DNase	2.09538339543e-07	8.81495191275e-08	0.00872518354382
Placenta_Amnion__H3K4me3	5.78114328314e-07	2.44302806607e-07	0.00898139368145
Aorta_ENTEX__H3K27ac	7.12059636525e-08	3.08161682645e-08	0.0104255733433
Fetal_Intestine_Large__H3K4me3	4.28016860587e-07	1.93919025843e-07	0.0136502633449
Ovary__DNase	1.82809111718e-07	8.42313524617e-08	0.0149912510636
Aorta__H3K27ac	1.64590360311e-07	7.63770115946e-08	0.0155819927699
Brain_Germinal_Matrix__H3K4me3	4.17530986774e-07	1.95399348751e-07	0.0163067857804
Fetal_Brain_Male__H3K4me3	7.63669473143e-07	3.61066152493e-07	0.0172132552104
Colonic_Mucosa__H3K9ac	3.35499420318e-07	1.61942263372e-07	0.0191456668922
Fetal_Brain_Female__H3K4me1	1.69589362653e-07	8.35005858958e-08	0.0211276961144
Placenta__H3K36me3	1.08172921499e-07	5.64517218584e-08	0.0276696728502
Fetal_Brain_Female__DNase	2.0558482284e-07	1.08225243149e-07	0.028742724526
Ovary__H3K4me1	1.28766246656e-07	6.91113819964e-08	0.0312191831729
Duodenum_Smooth_Muscle__H3K4me1	1.51841525797e-07	8.19960618457e-08	0.0320262065144
Aorta__H3K36me3	3.52330907119e-07	1.94910810878e-07	0.0353303437889
Fetal_Brain_Female__H3K36me3	1.30368015953e-07	7.2221491249e-08	0.0355284321167
Fetal_Stomach__H3K36me3	7.50353132865e-08	4.31675880859e-08	0.041084909513
Fetal_Kidney__H3K4me1	2.24354171994e-07	1.2936109835e-07	0.0414302272653
Artery-Coronary_ENTEX__H3K4me3	1.67868724278e-07	9.72810232945e-08	0.0422091533137
Stomach_Smooth_Muscle__H3K27ac	7.85109904168e-08	4.66069626116e-08	0.0460393042742
Osteoblast_Primary_Cells__H3K4me3	2.83336365657e-07	1.69728338489e-07	0.0475238059973
Ovary__H3K27ac	1.20184970728e-07	7.31005610292e-08	0.0500772960398
Placenta__DNase	1.24921184255e-07	7.6110285806e-08	0.0503657078031
Sigmoid_Colon__H3K4me3	4.20780123689e-07	2.57856460358e-07	0.0513567463526
Fetal_Muscle_Trunk__DNase	1.71903664522e-07	1.05912344841e-07	0.0522867012692
Colonic_Mucosa__H3K4me1	1.48041820077e-07	9.1826026967e-08	0.0534593318037
Fetal_Intestine_Small__H3K4me3	3.4388929193e-07	2.13815983433e-07	0.0538801149029
Nerve-Tibial_ENTEX__H3K4me3	3.18939183357e-07	2.00341241896e-07	0.0556946367611
Foreskin_Fibroblast_Primary_Cells_skin02__H3K27ac	1.18127795912e-07	7.45968496062e-08	0.0566481490425
Aorta_ENTEX__H3K4me3	1.39975021337e-07	8.85510525051e-08	0.0569702596016
Rectal_Smooth_Muscle__H3K27ac	8.84421799863e-08	5.64476717683e-08	0.0585807902701
NHDF-Ad_Adult_Dermal_Fibroblast_Primary_Cells__H3K4me3	3.71564853544e-07	2.39258529359e-07	0.0602133858986
Right_Atrium__H3K4me3	3.23768528969e-07	2.086823919e-07	0.0603922171026
Ganglion_Eminence_derived_primary_cultured_neurospheres__H3K36me3	1.19468608805e-07	7.89131958391e-08	0.065022513606
Artery-Tibial_ENTEX__H3K36me3	9.20800352303e-08	6.13576026433e-08	0.0667151506814
Brain_Germinal_Matrix__H3K36me3	1.40493249362e-07	9.37170175988e-08	0.0669209836158
Colon-Sigm_ENTEX__H3K4me3	3.80266119361e-07	2.54357290898e-07	0.067456210695
Testis_ENTEX__H3K4me3	1.46042323103e-07	9.81635118223e-08	0.0684090115061
Stomach_Smooth_Muscle__H3K4me1	8.46690478382e-08	5.72037059996e-08	0.069418983445
Cortex_derived_primary_cultured_neurospheres__H3K4me3	3.59561958474e-07	2.44039488933e-07	0.0703248211083
Osteoblast_Primary_Cells__H3K4me1	6.54987201967e-08	4.46642316967e-08	0.0712602528409
Foreskin_Fibroblast_Primary_Cells_skin02__H3K4me3	1.36640566241e-07	9.43760399402e-08	0.0738321455812
Fetal_Muscle_Leg__H3K27ac	8.97760039106e-08	6.30874209875e-08	0.0773620954101
Stomach_Mucosa__H3K9ac	1.46338170666e-07	1.0446540071e-07	0.0806325959352
Stomach_Smooth_Muscle__H3K4me3	1.54648856895e-07	1.1118698287e-07	0.0821294006195
Fetal_Intestine_Large__H3K36me3	6.94230305981e-08	5.03430475042e-08	0.0839474746649
Duodenum_Smooth_Muscle__H3K27ac	1.26259984828e-07	9.16579154641e-08	0.0841768243615
Aorta_ENTEX__H3K36me3	6.69328752104e-08	4.87379083254e-08	0.0848260264036
Colon-Sigm_ENTEX__H3K27ac	8.19230238709e-08	6.04787158566e-08	0.0877763240523
Cortex_derived_primary_cultured_neurospheres__H3K4me1	7.00007327807e-08	5.25464988712e-08	0.0914025932083
Fetal_Brain_Male__H3K4me1	7.25885311938e-08	5.46691379608e-08	0.0921255696551
Fetal_Intestine_Small__H3K36me3	4.44479401677e-08	3.38709485576e-08	0.0947139751067
Fetal_Lung__H3K36me3	7.2608704704e-08	5.6221915501e-08	0.0982710305899
Fetal_Heart__DNase	9.84578652815e-08	7.64793681123e-08	0.0989812630649
Rectal_Smooth_Muscle__H3K4me3	2.36591406272e-07	1.86247554036e-07	0.101987805917
Sigmoid_Colon__H3K4me1	1.94543589538e-07	1.55634375241e-07	0.105649045479
Brain_Angular_Gyrus__H3K4me3	2.08741544454e-07	1.67712356821e-07	0.106632014845
Foreskin_Melanocyte_Primary_Cells_skin01__H3K4me3	2.23956845119e-07	1.80502809404e-07	0.107351121867
Rectal_Mucosa_Donor_29__H3K9ac	1.90715583721e-07	1.54542747536e-07	0.108589597717
Thyroid_gland_ENTEX__H3K36me3	1.25324458705e-07	1.03908914912e-07	0.113889622465
Adipose_Nuclei__H3K27ac	5.40006820355e-08	4.48146170758e-08	0.114105663258
Vagina_ENTEX__H3K4me3	2.50039545065e-07	2.07572470274e-07	0.114180974108
NHDF-Ad_Adult_Dermal_Fibroblast_Primary_Cells__H3K9ac	1.82397092721e-07	1.55908231312e-07	0.12102053866
Rectal_Mucosa_Donor_31__H3K27ac	8.58449728002e-08	7.3397937786e-08	0.121084431424
Rectal_Mucosa_Donor_31__H3K9ac	1.24943951938e-07	1.07072575303e-07	0.121623560169
Fetal_Thymus__H3K4me3	2.37496717252e-07	2.07279787329e-07	0.125943413218
Heart-Atrial_ENTEX__H3K4me1	2.46460094904e-07	2.17120047273e-07	0.128159832792
Breast_Myoepithelial_Primary_Cells__H3K9ac	1.61799263501e-07	1.44643725494e-07	0.131654243006
Left_Ventricle__H3K4me3	2.73246748285e-07	2.44565369531e-07	0.131938402475
Nerve-Tibial_ENTEX__H3K27ac	3.22033799755e-08	2.8919708896e-08	0.132737344578
Pancreatic_Islets__H3K36me3	1.32240697861e-07	1.18786533691e-07	0.132797664817
NHLF_Lung_Fibroblast_Primary_Cells__H3K9ac	2.26141535363e-07	2.03838258789e-07	0.133625265618
Lung__H3K4me1	8.35119422462e-08	7.59635925078e-08	0.135803792881
Colon_Smooth_Muscle__H3K27ac	5.81726271765e-08	5.38882294263e-08	0.140181274868
Pancreatic_Islets__H3K4me1	5.63291957554e-08	5.23090006902e-08	0.140772581062
Liver__H3K9ac	8.93884390698e-08	8.31930802354e-08	0.141306122162
Osteoblast_Primary_Cells__H3K27ac	5.21053837151e-08	4.84965452754e-08	0.141318508965
Uterus_ENTEX__H3K4me3	2.35354391962e-07	2.1925150801e-07	0.14153579568
Foreskin_Fibroblast_Primary_Cells_skin01__H3K36me3	4.92603736461e-08	4.59001684678e-08	0.141589166644
Ovary_ENTEX__H3K4me3	2.36416064157e-07	2.21833814277e-07	0.14327172145
Foreskin_Melanocyte_Primary_Cells_skin03__H3K36me3	4.12686110245e-08	3.87437513955e-08	0.14339991593
Colonic_Mucosa__H3K27ac	1.0207185262e-07	9.59517596122e-08	0.143713502572
Sigmoid_Colon__H3K27ac	9.26135156484e-08	8.75142081486e-08	0.144966561618
Adipose_Nuclei__H3K4me1	6.24777761484e-08	6.00194387652e-08	0.148947283989
Fetal_Muscle_Leg__H3K36me3	6.2466374097e-08	6.00770528896e-08	0.1492231653
Thyroid_gland_ENTEX__H3K27ac	3.59318156336e-08	3.4833400875e-08	0.151145382328
Small_Intestine__H3K27ac	8.51908281863e-08	8.31562038885e-08	0.152807257304
NHDF-Ad_Adult_Dermal_Fibroblast_Primary_Cells__DNase	1.04602870899e-07	1.03275338543e-07	0.155564879478
Fetal_Thymus__H3K36me3	4.61485434575e-08	4.55991013112e-08	0.155757215331
Foreskin_Fibroblast_Primary_Cells_skin01__H3K4me3	1.07556614538e-07	1.06485530979e-07	0.156233634294
Esoph-Muscularis_ENTEX__H3K27ac	5.6671920633e-08	5.77516967848e-08	0.163221640637
Fetal_Muscle_Trunk__H3K36me3	6.32101814293e-08	6.67401241709e-08	0.171791584564
Fetal_Adrenal_Gland__H3K36me3	5.00665883437e-08	5.30601223907e-08	0.172691589513
Thymus__H3K4me3	2.38434648968e-07	2.52933966705e-07	0.172923458972
Skin_tissue_ENTEX__H3K4me3	1.59110109175e-07	1.71350413995e-07	0.176557114256
Fetal_Kidney__DNase	1.14783205936e-07	1.24516908287e-07	0.17830907995
Ovary__H3K4me3	1.63006320956e-07	1.79083250176e-07	0.181351534323
Breast_Myoepithelial_Primary_Cells__H3K4me1	3.65672128245e-08	4.0256119e-08	0.18184294636
Rectal_Mucosa_Donor_31__H3K4me3	1.5262536304e-07	1.68870744446e-07	0.183050755671
Rectal_Mucosa_Donor_29__H3K27ac	6.66011142122e-08	7.37174223448e-08	0.183139566274
Thymus__H3K27ac	1.03437075868e-07	1.18627780652e-07	0.19161878748
Fetal_Heart__H3K4me1	3.23695379555e-08	3.7146941142e-08	0.191770145114
Foreskin_Fibroblast_Primary_Cells_skin02__H3K36me3	5.09800727194e-08	5.89823822651e-08	0.193704107486
Right_Atrium__H3K4me1	7.8717739756e-08	9.13506694164e-08	0.194423698001
Small_Intestine__H3K4me3	2.44039746556e-07	2.85259898058e-07	0.196137295551
Fetal_Stomach__H3K4me1	4.3647425746e-08	5.10484490204e-08	0.196270141629
Adipose_Nuclei__H3K36me3	5.05615446129e-08	5.96393610536e-08	0.198277976997
Fetal_Heart__H3K36me3	1.22473538579e-07	1.44656695002e-07	0.198595218554
Fetal_Muscle_Leg__H3K4me3	1.91481940274e-07	2.29384283949e-07	0.201925056619
Foreskin_Fibroblast_Primary_Cells_skin01__H3K27ac	5.51720898261e-08	6.61779531144e-08	0.202227029279
Placenta__H3K4me3	1.77825563451e-07	2.14479839448e-07	0.203523478492
Primary_T_killer_naive_cells_from_peripheral_blood__H3K4me3	1.6848915673e-07	2.03956315434e-07	0.204372509467
Fetal_Kidney__H3K36me3	1.3348073269e-07	1.7034683069e-07	0.216642671946
Primary_neutrophils_from_peripheral_blood__H3K36me3	2.44734437255e-08	3.12621185258e-08	0.216858594431
Stomach_Smooth_Muscle__H3K9ac	1.10018144059e-07	1.42235826936e-07	0.219615901484
Adrenal_gland_ENTEX__H3K36me3	4.4344356541e-08	5.77117638901e-08	0.221131802806
Rectal_Mucosa_Donor_29__H3K4me1	6.95362237668e-08	9.26239540424e-08	0.226405493695
Colon_Smooth_Muscle__H3K4me1	3.73651418017e-08	5.0147242228e-08	0.228103033169
liver_ENTEX__H3K4me1	1.22583339009e-07	1.67185923846e-07	0.231713450013
Fetal_Stomach__H3K4me3	1.8314434996e-07	2.52603084151e-07	0.234217376684
Thyroid_gland_ENTEX__H3K4me1	2.77888920551e-08	3.8399418794e-08	0.234631101929
Colon_Smooth_Muscle__H3K9ac	9.25322001659e-08	1.28928258509e-07	0.236470211188
Fetal_Muscle_Leg__H3K4me1	3.62331791733e-08	5.06449308854e-08	0.237170005417
Rectal_Mucosa_Donor_31__H3K4me1	4.87414568304e-08	6.83916899358e-08	0.238021593306
Psoas_Muscle__H3K4me1	5.55475832064e-08	7.85156658213e-08	0.239636808933
Artery-Tibial_ENTEX__H3K4me1	1.01395340025e-07	1.45568085829e-07	0.243042464881
Colon_Smooth_Muscle__H3K4me3	9.88307733421e-08	1.4218184994e-07	0.243495943977
Rectal_Smooth_Muscle__H3K9ac	1.5650455801e-07	2.31333788623e-07	0.249351677515
Esoph-GJ_ENTEX__H3K27ac	3.54037870722e-08	5.34613957063e-08	0.253911633649
Skeletal_Muscle_Female__H3K27ac	3.58570707315e-08	5.51358470387e-08	0.257736171969
Thymus__H3K4me1	4.98489371493e-08	7.80772551838e-08	0.261588255679
Testis_ENTEX__H3K27ac	2.25821051666e-08	3.5782350417e-08	0.263988814722
Thymus__H3K36me3	6.44072319327e-08	1.02219976001e-07	0.264319619828
Fetal_Heart__H3K9ac	4.04150448619e-08	6.42251732361e-08	0.264585796871
Fetal_Thymus__H3K27ac	4.41880227495e-08	7.07239553349e-08	0.266052578614
Esophagus__H3K4me1	5.20139330268e-08	8.33291305011e-08	0.266248557764
Esoph-GJ_ENTEX__H3K4me1	2.88579832475e-08	4.68888864924e-08	0.269127254758
Colonic_Mucosa__H3K4me3	1.12868384134e-07	1.84851048646e-07	0.270735195694
Nerve-Tibial_ENTEX__H3K36me3	3.69195765531e-08	6.10033426305e-08	0.272521132494
Prostate_ENTEX__H3K4me3	1.84231481618e-07	3.0978151984e-07	0.276017250257
Rectal_Mucosa_Donor_29__H3K4me3	8.38074240571e-08	1.42740548738e-07	0.278557810569
Liver__H3K4me1	2.180060409e-08	3.75790486617e-08	0.280914638211
Skeletal_Muscle_Female__H3K36me3	3.20087838e-08	5.53927340417e-08	0.281682134051
Brain_Dorsolateral_Prefrontal_Cortex__H3K4me1	4.05455546478e-08	7.05465266834e-08	0.282735282523
Primary_Natural_Killer_cells_from_peripheral_blood__H3K4me1	3.19466744199e-08	5.70226377918e-08	0.287656008634
Primary_hematopoietic_stem_cells_short_term_culture__H3K36me3	2.4882114129e-08	4.4572576942e-08	0.288340877111
Psoas_Muscle__DNase	5.60092413843e-08	1.01642574549e-07	0.290802732342
Osteoblast_Primary_Cells__H3K36me3	2.29399527988e-08	4.18120549869e-08	0.291624730245
Right_Atrium__H3K27ac	4.62534105304e-08	8.55647983088e-08	0.294403420282
Colon-TV_ENTEX__H3K27ac	2.62112831543e-08	4.92734186078e-08	0.297378287935
Fetal_Kidney__H3K9ac	1.12211700588e-07	2.12618592024e-07	0.298832777993
Mammary_ENTEX__H3K27ac	2.45069554234e-08	4.65417977128e-08	0.299250286082
Fetal_Stomach__DNase	7.38915116937e-08	1.41383914621e-07	0.300615790149
NHDF-Ad_Adult_Dermal_Fibroblast_Primary_Cells__H3K36me3	6.85409176885e-08	1.33291397764e-07	0.303549577927
Ganglion_Eminence_derived_primary_cultured_neurospheres__H3K4me3	9.16943557035e-08	1.83254021413e-07	0.308408168251
NHDF-Ad_Adult_Dermal_Fibroblast_Primary_Cells__H3K27ac	4.74516372695e-08	9.53856950818e-08	0.309428399691
Foreskin_Melanocyte_Primary_Cells_skin03__H3K4me3	7.81594470101e-08	1.58083402482e-07	0.310505128507
NHDF-Ad_Adult_Dermal_Fibroblast_Primary_Cells__H3K4me1	3.31391988416e-08	6.74205812662e-08	0.311526026537
NHLF_Lung_Fibroblast_Primary_Cells__H3K4me3	1.39904875532e-07	2.85769931383e-07	0.312218497686
Stomach_Mucosa__H3K4me3	9.38842064072e-08	1.92835190741e-07	0.31317791824
Rectal_Smooth_Muscle__H3K4me1	3.13276034478e-08	6.79175848492e-08	0.322306365682
Primary_T_killer_naive_cells_from_peripheral_blood__H3K9ac	8.11290400471e-08	1.79269619993e-07	0.325435252731
Placenta__H3K4me1	2.5143379817e-08	5.58977472216e-08	0.326423632136
Duodenum_Mucosa__H3K9ac	6.45759309272e-08	1.43619556513e-07	0.326487949148
Foreskin_Keratinocyte_Primary_Cells_skin02__H3K36me3	2.33209031378e-08	5.21325228448e-08	0.327315207948
Foreskin_Melanocyte_Primary_Cells_skin01__H3K36me3	5.17136972982e-08	1.16154010957e-07	0.328081604999
Pancreatic_Islets__H3K27ac	6.64156388113e-08	1.49263123876e-07	0.328175494483
Fetal_Muscle_Trunk__H3K27ac	3.52904587525e-08	8.03463785957e-08	0.330247810471
NHLF_Lung_Fibroblast_Primary_Cells__DNase	5.33948790364e-08	1.22075540804e-07	0.330913500601
Esoph-Mucosa_ENTEX__H3K36me3	3.5885388442e-08	8.23441862137e-08	0.331491837962
Esoph-Muscularis_ENTEX__H3K4me3	7.02519043044e-08	1.63055132672e-07	0.333289611609
Primary_neutrophils_from_peripheral_blood__H3K4me3	3.84235905878e-08	9.18534405232e-08	0.337858735856
Stomach_Smooth_Muscle__H3K36me3	3.43105475547e-08	8.26372933855e-08	0.338999771926
Small_Intestine__H3K4me1	4.54974357253e-08	1.10577277365e-07	0.340369923036
Brain_Dorsolateral_Prefrontal_Cortex__H3K27ac	2.27750045881e-08	5.55639626754e-08	0.340944034095
Foreskin_Fibroblast_Primary_Cells_skin01__H3K4me1	1.883857595e-08	4.6307066024e-08	0.34207061091
Fetal_Thymus__H3K4me1	1.61783887197e-08	4.15251511596e-08	0.348414485636
Foreskin_Keratinocyte_Primary_Cells_skin02__H3K4me3	6.88368106584e-08	1.76788040177e-07	0.348499449372
Adipose_Nuclei__H3K9ac	5.01891234205e-08	1.30404146721e-07	0.350165504661
NHLF_Lung_Fibroblast_Primary_Cells__H3K36me3	4.56871778057e-08	1.21135683837e-07	0.35302844628
Fetal_Thymus__DNase	4.2565317886e-08	1.12961638236e-07	0.35315660502
Primary_hematopoietic_stem_cells_G-CSF-mobilized_Female__H3K36me3	1.44961706117e-08	3.9033018967e-08	0.355176420168
Duodenum_Mucosa__H3K4me1	2.17672176199e-08	6.14129380452e-08	0.361504484266
Placenta_Amnion__H3K4me1	1.81741746355e-08	5.15362585966e-08	0.362176056637
Ganglion_Eminence_derived_primary_cultured_neurospheres__H3K4me1	2.61188671707e-08	7.61637039916e-08	0.365825323146
NHLF_Lung_Fibroblast_Primary_Cells__H3K4me1	3.24375329757e-08	9.46711432493e-08	0.36593698777
Primary_monocytes_from_peripheral_blood__H3K4me3	7.21667430947e-08	2.13323910421e-07	0.367569861368
Colonic_Mucosa__H3K36me3	3.00316580783e-08	8.96079954056e-08	0.368757911334
Esoph-Mucosa_ENTEX__H3K27ac	2.01775095989e-08	6.038082687e-08	0.369125336085
Breast_Myoepithelial_Primary_Cells__H3K4me3	4.40145989611e-08	1.37217695768e-07	0.374194339709
Spleen_ENTEX__H3K4me1	3.4522836786e-08	1.1471323497e-07	0.381726680928
Ovary__H3K36me3	2.30713812966e-08	7.6704036163e-08	0.381789433537
HMEC_Mammary_Epithelial_Primary_Cells__H3K4me3	5.51770889039e-08	1.89160668686e-07	0.385260183738
Pancreatic_Islets__H3K4me3	7.19540767312e-08	2.57532101511e-07	0.389969520183
Right_Ventricle__H3K4me3	4.8291374433e-08	1.88177404874e-07	0.398733423293
Pancreas_ENTEX__H3K36me3	1.32474275003e-08	5.28714144612e-08	0.401077404743
Right_Ventricle__H3K27ac	1.61191643223e-08	6.70144934195e-08	0.404958731698
Foreskin_Keratinocyte_Primary_Cells_skin03__H3K36me3	7.25826617556e-09	3.0392958282e-08	0.405624878402
Stomach_Mucosa__H3K4me1	1.1882328313e-08	5.16237109027e-08	0.408979092926
Foreskin_Fibroblast_Primary_Cells_skin02__H3K4me1	1.23946878629e-08	5.40241021494e-08	0.409267805837
Heart-Atrial_ENTEX__H3K4me3	4.53057708711e-08	2.04570254307e-07	0.41236401412
Primary_hematopoietic_stem_cells_G-CSF-mobilized_Male__H3K36me3	7.39886812035e-09	3.42161531468e-08	0.41440071178
Fetal_Lung__H3K4me1	9.1608924109e-09	4.36135123425e-08	0.416815450646
Brain_Inferior_Temporal_Lobe__H3K4me3	3.02017099273e-08	1.5140481966e-07	0.42094499554
Brain_Dorsolateral_Prefrontal_Cortex__H3K36me3	1.56143595358e-08	8.32237457066e-08	0.425587648539
Primary_neutrophils_from_peripheral_blood__H3K4me1	6.49805001472e-09	3.64294131268e-08	0.429214742522
Placenta_Amnion__H3K36me3	1.08822937074e-08	6.15851909162e-08	0.42987080569
Primary_mononuclear_cells_from_peripheral_blood__H3K9ac	2.54799692044e-08	1.54817858443e-07	0.434637170012
Foreskin_Fibroblast_Primary_Cells_skin01__DNase	1.88168533079e-08	1.16703281433e-07	0.435953483929
Spleen__H3K4me1	1.15666101247e-08	7.1799773085e-08	0.436009148273
Liver__H3K36me3	6.45457016752e-09	4.23688558599e-08	0.439458470507
Skeletal_Muscle_Male__H3K9ac	1.08224606761e-08	7.37641364857e-08	0.441677657806
Primary_mononuclear_cells_from_peripheral_blood__H3K4me3	3.38260978177e-08	2.33219879821e-07	0.442339837333
Primary_T_killer_naive_cells_from_peripheral_blood__H3K4me1	5.97776247202e-09	4.9129504975e-08	0.451578771198
Fetal_Intestine_Small__H3K4me1	5.58831111653e-09	4.71690328692e-08	0.452845987725
Spleen__H3K4me3	1.51083754025e-08	1.34181586897e-07	0.455175234864
Fetal_Stomach__H3K27ac	6.5518718624e-09	5.83974768857e-08	0.455334621192
Brain_Anterior_Caudate__H3K4me1	5.41738440445e-09	4.91067646717e-08	0.456078394695
Primary_mononuclear_cells_from_peripheral_blood__H3K27ac	1.79843342122e-08	1.95516213426e-07	0.463355435177
Lung_ENTEX__H3K4me3	2.05448218816e-08	2.38543360295e-07	0.465683066996
Primary_B_cells_from_cord_blood__H3K4me3	1.84172497594e-08	2.16498078443e-07	0.466103314088
Gastric__H3K4me1	6.84478589326e-09	8.33100109331e-08	0.467259571697
NHLF_Lung_Fibroblast_Primary_Cells__H3K27ac	7.14975229242e-09	8.78560765701e-08	0.467569764862
Fetal_Adrenal_Gland__H3K27ac	4.04172808246e-09	4.99135394502e-08	0.467731082656
Gastric__H3K27ac	7.88762687205e-09	1.0013393371e-07	0.468607477725
Small_Intestine__DNase	8.45612753182e-09	1.13417642184e-07	0.470283424226
Left_Ventricle__H3K4me1	5.20799632849e-09	7.48504397064e-08	0.472264495182
Esophagus__H3K27ac	5.39239550438e-09	8.31668764546e-08	0.474151389487
Breast_Myoepithelial_Primary_Cells__H3K36me3	2.26017144934e-09	4.12834436393e-08	0.478169754237
Placenta__H3K27ac	2.15680497862e-09	4.09591886998e-08	0.479002435097
Psoas_Muscle__H3K4me3	1.11514858982e-08	2.19531722643e-07	0.479743762352
Colon-TV_ENTEX__H3K4me3	7.59290781917e-09	1.77673591796e-07	0.482956329253
Primary_T_helper_naive_cells_from_peripheral_blood__H3K9ac	5.82322703763e-09	1.66596126856e-07	0.48605814829
liver_ENTEX__H3K36me3	1.69084426372e-09	6.26563829528e-08	0.489235455817
Foreskin_Keratinocyte_Primary_Cells_skin02__H3K4me1	1.44926803558e-09	6.55226809376e-08	0.491176686504
Primary_T_cells_from_peripheral_blood__DNase	1.13886598537e-09	1.22434353585e-07	0.496289152284
Left_Ventricle__H3K27ac	1.8705331737e-10	5.30410357033e-08	0.498593102089
Primary_hematopoietic_stem_cells_short_term_culture__H3K4me1	-2.37008580353e-10	6.16300282904e-08	0.501534195474
Uterus_ENTEX__H3K27ac	-2.35798764934e-10	3.88226282888e-08	0.502423058993
Colon_Smooth_Muscle__H3K36me3	-6.47451764179e-10	7.94398628409e-08	0.503251428369
Primary_T_cells_from_peripheral_blood__H3K4me1	-7.69089561378e-10	6.17706485444e-08	0.504966993606
Placenta_Amnion__H3K27ac	-1.9333330188e-09	1.19902176332e-07	0.506432367508
Primary_Natural_Killer_cells_from_peripheral_blood__H3K36me3	-1.1183345818e-09	4.86981835162e-08	0.509160746963
Pancreas__H3K4me1	-2.44733593424e-09	6.16967125831e-08	0.515820774779
SI-Term-Ileum_ENTEX__H3K4me3	-6.05787566302e-09	1.35800638467e-07	0.517790354113
Spleen__H3K27ac	-3.7636222074e-09	7.26910638158e-08	0.520646244301
Foreskin_Melanocyte_Primary_Cells_skin01__H3K27ac	-7.60312861609e-09	1.45106327404e-07	0.520893796832
Stomach_Mucosa__H3K36me3	-7.15685272117e-09	1.3208338829e-07	0.521605855917
Brain_Hippocampus_Middle__H3K36me3	-4.24426703546e-09	7.15147171608e-08	0.523662599609
Esophagus__H3K36me3	-4.79245018117e-09	7.94650199434e-08	0.524045204387
Pancreatic_Islets__H3K9ac	-1.59029899975e-08	2.53724223582e-07	0.52498864084
SI-Term-Ileum_ENTEX__H3K4me1	-5.59672271207e-09	7.39897451669e-08	0.530147987932
Primary_monocytes_from_peripheral_blood__H3K27ac	-5.40674003711e-09	6.8296042521e-08	0.531549796583
Duodenum_Smooth_Muscle__H3K36me3	-6.62183910867e-09	8.06141294068e-08	0.532733266804
Left_Ventricle__H3K36me3	-6.81082356606e-09	7.23435531489e-08	0.537503231127
Primary_monocytes_from_peripheral_blood__H3K4me1	-4.08297634166e-09	4.16659142076e-08	0.539031154242
Fetal_Muscle_Trunk__H3K4me3	-2.47809689662e-08	2.44358531315e-07	0.540388427038
Brain_Hippocampus_Middle__H3K27ac	-4.44657859177e-09	4.30524190187e-08	0.541130775682
Fetal_Intestine_Large__H3K27ac	-5.59282321171e-09	5.31106474668e-08	0.541933150602
Foreskin_Melanocyte_Primary_Cells_skin01__H3K4me1	-1.2536567202e-08	1.08150775798e-07	0.546141035613
Colon-TV_ENTEX__H3K36me3	-1.07105572098e-08	8.39444211189e-08	0.550763694628
Right_Ventricle__H3K36me3	-1.01395919209e-08	7.46822917388e-08	0.553998325199
Primary_T_helper_naive_cells_from_peripheral_blood_1__H3K27ac	-1.92550696993e-08	1.39519735893e-07	0.554883603912
Fetal_Adrenal_Gland__H3K4me1	-7.19001169373e-09	5.15873848533e-08	0.555423239315
Vagina_ENTEX__H3K36me3	-2.50488762292e-08	1.68023869687e-07	0.559254459309
Primary_Natural_Killer_cells_from_peripheral_blood__H3K4me3	-3.03186193222e-08	1.8339345019e-07	0.565653971491
Colon-Sigm_ENTEX__H3K4me1	-4.66575554956e-08	2.8174281691e-07	0.565765446254
Primary_T_killer_memory_cells_from_peripheral_blood__H3K27ac	-1.60509347726e-08	9.63611282209e-08	0.566146051497
Rectal_Smooth_Muscle__H3K36me3	-2.02319691318e-08	1.19273429283e-07	0.567348174382
Fetal_Kidney__H3K4me3	-3.79317171868e-08	2.16528400821e-07	0.569531393885
Foreskin_Keratinocyte_Primary_Cells_skin03__H3K4me1	-8.81970283391e-09	4.9004733256e-08	0.571414511089
Fetal_Brain_Male__H3K36me3	-3.5749468447e-08	1.96957784291e-07	0.572015682279
Breast_variant_Human_Mammary_Epithelial_Cells_(vHMEC)__H3K4me3	-3.51840428889e-08	1.9279597866e-07	0.572402333486
Fetal_Muscle_Trunk__H3K4me1	-8.23779241113e-09	4.42803142766e-08	0.573792265008
Brain_Cingulate_Gyrus__H3K4me3	-2.94110740182e-08	1.53331784416e-07	0.576055769793
Testis_ENTEX__H3K36me3	-5.40796618332e-08	2.57266487321e-07	0.583247617281
Fetal_Intestine_Large__H3K4me1	-1.01922948103e-08	4.75020606305e-08	0.584946882362
Ovary_ENTEX__H3K36me3	-4.40238748242e-08	1.87914211423e-07	0.59261481726
Primary_monocytes_from_peripheral_blood__H3K36me3	-9.11481926105e-09	3.62726155885e-08	0.599203700953
Brain_Substantia_Nigra__H3K36me3	-3.27805854532e-08	1.30117167754e-07	0.59945291184
Foreskin_Melanocyte_Primary_Cells_skin03__H3K4me1	-8.75460625602e-09	3.4401190139e-08	0.600439772125
Heart-Atrial_ENTEX__H3K36me3	-1.42493788835e-08	5.56456774452e-08	0.601052926853
Liver__H3K27ac	-1.13404224074e-08	4.24715379703e-08	0.605270148895
Stomach_ENTEX__H3K4me1	-1.74890561011e-08	6.5093950435e-08	0.605909743354
Primary_monocytes_from_peripheral_blood__DNase	-3.39475756202e-08	1.25355961825e-07	0.606731193731
Primary_hematopoietic_stem_cells__H3K36me3	-2.63530779123e-08	9.52465696891e-08	0.608988120936
Foreskin_Fibroblast_Primary_Cells_skin02__DNase	-3.4754996929e-08	1.23321335004e-07	0.610961030708
Primary_mononuclear_cells_from_peripheral_blood__H3K4me1	-4.82140198489e-08	1.6962956185e-07	0.61188340995
Foreskin_Melanocyte_Primary_Cells_skin01__DNase	-2.09850712852e-08	7.17053335375e-08	0.615107848351
Pancreas_ENTEX__H3K4me3	-4.65346419085e-08	1.55852842026e-07	0.61736998194
Brain_Angular_Gyrus__H3K36me3	-3.12284845995e-08	1.03880392431e-07	0.618147717571
Brain_Germinal_Matrix__H3K4me1	-3.40085760343e-08	1.12135280347e-07	0.619162396213
Prostate_ENTEX__H3K36me3	-9.64973603508e-08	3.15711217145e-07	0.620064700249
Esoph-GJ_ENTEX__H3K4me3	-5.24024087977e-08	1.65936528946e-07	0.62392204717
Fetal_Intestine_Small__H3K27ac	-1.78299476527e-08	5.58825692623e-08	0.625159866351
Fetal_Intestine_Small__DNase	-4.92331143567e-08	1.53783941897e-07	0.625570680189
Skeletal_Muscle_Female__H3K4me1	-1.37876625911e-08	4.29777142826e-08	0.625822651561
Fetal_Heart__H3K4me3	-3.1850845714e-08	9.53528041768e-08	0.630822127316
Primary_T_helper_memory_cells_from_peripheral_blood_2__H3K36me3	-3.46300169423e-08	1.02732682969e-07	0.631974946982
Vagina_ENTEX__H3K27ac	-1.71066594914e-08	5.04201921464e-08	0.632801318447
Right_Ventricle__H3K4me1	-2.43589164238e-08	7.10915704904e-08	0.634065879926
Brain_Anterior_Caudate__H3K27ac	-1.60363871997e-08	4.66662594552e-08	0.634441430547
Brain_Anterior_Caudate__H3K36me3	-3.10729411705e-08	8.47618250227e-08	0.643038022248
Primary_T_killer_naive_cells_from_peripheral_blood__H3K27ac	-4.68053012335e-08	1.2669476609e-07	0.644097714554
Stomach_ENTEX__H3K27ac	-1.81353088587e-08	4.45190168929e-08	0.658128547063
Skeletal_Muscle_Male__H3K4me1	-2.1354406553e-08	5.07440039565e-08	0.663059002188
skeletal_muscle_ENTEX__H3K36me3	-1.64123177713e-08	3.86147744248e-08	0.664591466493
Esophagus__H3K4me3	-7.48343853486e-08	1.69661929488e-07	0.67042224886
Lung_ENTEX__H3K36me3	-2.39397702283e-08	5.39811394478e-08	0.671292145662
Primary_T_helper_memory_cells_from_peripheral_blood_1__H3K36me3	-3.28155500753e-08	6.99655232436e-08	0.680473966261
Skeletal_Muscle_Female__H3K9ac	-5.36962155434e-08	1.1022464753e-07	0.68692487748
Psoas_Muscle__H3K27ac	-4.03631125491e-08	7.95827438111e-08	0.693987220085
Fetal_Intestine_Large__DNase	-6.48055909985e-08	1.27337942879e-07	0.69459795562
Primary_Natural_Killer_cells_from_peripheral_blood__DNase	-6.05299285783e-08	1.18595170671e-07	0.695111281064
Primary_hematopoietic_stem_cells_short_term_culture__H3K4me3	-9.21663176017e-08	1.79230907326e-07	0.696455198138
Primary_B_cells_from_cord_blood__H3K4me1	-2.73183501739e-08	5.30137591355e-08	0.696830673388
Skeletal_Muscle_Female__H3K4me3	-6.06093368597e-08	1.15515425063e-07	0.700099286127
Lung__H3K4me3	-1.05480081861e-07	1.9907669084e-07	0.701890808476
Primary_T_helper_naive_cells_from_peripheral_blood_2__H3K4me1	-2.45721210338e-08	4.63277343633e-08	0.702081869485
Duodenum_Mucosa__H3K36me3	-3.06904753112e-08	5.77874075435e-08	0.702322758737
Esoph-Muscularis_ENTEX__H3K4me1	-2.50823988901e-08	4.51629650212e-08	0.710681035753
Primary_T_killer_naive_cells_from_peripheral_blood__H3K36me3	-4.3622808683e-08	7.81341506693e-08	0.711682466057
Spleen_ENTEX__H3K27ac	-1.8990139063e-08	3.35939736248e-08	0.7140597283
Pancreas_ENTEX__H3K27ac	-2.06816451232e-08	3.58858550688e-08	0.71779969094
Pancreas__H3K36me3	-5.21840059208e-08	8.85534273751e-08	0.722167974878
Brain_Hippocampus_Middle__H3K4me1	-2.28058213902e-08	3.84745254296e-08	0.723326166921
liver_ENTEX__H3K4me3	-5.34448713322e-08	8.89278053214e-08	0.726077236878
Lung_ENTEX__H3K4me1	-2.92000320848e-08	4.70690143564e-08	0.732491685535
Foreskin_Keratinocyte_Primary_Cells_skin03__H3K27ac	-3.73463677846e-08	6.0159289475e-08	0.732631549208
Heart-LV_ENTEX__H3K36me3	-3.9057771799e-08	6.28448031992e-08	0.732863222057
Brain_Cingulate_Gyrus__H3K27ac	-2.91834652405e-08	4.6800799547e-08	0.733544223845
Pancreas__DNase	-8.70413491598e-08	1.38963211889e-07	0.734461410083
Rectal_Mucosa_Donor_31__H3K36me3	-4.56969865955e-08	7.22530224473e-08	0.736456107711
Primary_T_killer_memory_cells_from_peripheral_blood__H3K4me1	-3.77729605243e-08	5.89835925836e-08	0.739042980377
Mammary_ENTEX__H3K36me3	-3.57276540885e-08	5.55210402269e-08	0.740049352262
Thyroid_gland_ENTEX__H3K4me3	-1.01642163758e-07	1.54171060612e-07	0.745142564289
Primary_T_cells_from_cord_blood__H3K4me1	-5.76609338816e-08	8.726692045e-08	0.745611160624
Colon-TV_ENTEX__H3K4me1	-9.34639239265e-08	1.40035503529e-07	0.747751309105
Heart-Atrial_ENTEX__H3K27ac	-2.30716939323e-08	3.41444181068e-08	0.75038732051
Primary_B_cells_from_cord_blood__H3K36me3	-9.52726199472e-08	1.40794843057e-07	0.750694516546
Fetal_Lung__H3K9ac	-1.03807451393e-07	1.47913392786e-07	0.758601913883
Primary_T_cells_from_peripheral_blood__H3K4me3	-1.41864616472e-07	1.97838638903e-07	0.763335270247
Mammary_ENTEX__H3K4me1	-7.49303507606e-08	1.0415292126e-07	0.764060851435
Skeletal_Muscle_Male__H3K36me3	-5.16399953344e-08	6.92639033633e-08	0.772031626312
SI-Term-Ileum_ENTEX__H3K27ac	-3.31943103181e-08	4.44575197884e-08	0.772363271309
Gastric__H3K4me3	-1.44529835701e-07	1.92362364523e-07	0.773776433029
Stomach_ENTEX__H3K36me3	-3.60846203356e-08	4.74441491748e-08	0.776543177779
Rectal_Mucosa_Donor_29__H3K36me3	-5.97444521779e-08	7.74697469525e-08	0.779704974129
Esoph-Mucosa_ENTEX__H3K4me1	-4.08103693603e-08	5.26852912109e-08	0.780713894241
Brain_Anterior_Caudate__H3K9ac	-8.23462117611e-08	1.05945746848e-07	0.781494021973
Breast_variant_Human_Mammary_Epithelial_Cells_(vHMEC)__H3K36me3	-2.83657565307e-08	3.64726780961e-08	0.7816347719
NHEK-Epidermal_Keratinocyte_Primary_Cells__H3K36me3	-4.01615737574e-08	5.11426465112e-08	0.783856873771
Foreskin_Melanocyte_Primary_Cells_skin03__H3K27ac	-4.34989194572e-08	5.47480723558e-08	0.786556171093
Heart-LV_ENTEX__H3K4me3	-1.34767592255e-07	1.68790405298e-07	0.787689962299
Stomach_ENTEX__H3K4me3	-1.14166522374e-07	1.42712374409e-07	0.788137746075
Breast_variant_Human_Mammary_Epithelial_Cells_(vHMEC)__H3K4me1	-4.19158096662e-08	5.23460244646e-08	0.788360314749
Primary_T_helper_naive_cells_from_peripheral_blood_1__H3K4me1	-4.31782428229e-08	5.34434062717e-08	0.79043300658
Primary_T_helper_cells_from_peripheral_blood__H3K4me3	-1.49995763939e-07	1.85321743203e-07	0.790851778461
Primary_T_helper_naive_cells_from_peripheral_blood_2__H3K4me3	-1.41481869042e-07	1.70634097448e-07	0.796491239689
SI-Term-Ileum_ENTEX__H3K36me3	-1.12527255791e-07	1.34379500559e-07	0.798811647089
Primary_T_helper_naive_cells_from_peripheral_blood_2__H3K27ac	-5.66197876455e-08	6.7341840977e-08	0.79976487999
Brain_Inferior_Temporal_Lobe__H3K27ac	-3.42351621075e-08	4.06376730768e-08	0.800231628349
Duodenum_Mucosa__H3K4me3	-9.47086605355e-08	1.11917702519e-07	0.801289128755
Fetal_Adrenal_Gland__H3K4me3	-2.13580479977e-07	2.51071965244e-07	0.802524861304
Primary_Natural_Killer_cells_from_peripheral_blood__H3K27ac	-5.05580894476e-08	5.91546750901e-08	0.803634768826
Brain_Angular_Gyrus__H3K27ac	-4.48188289146e-08	5.22610332149e-08	0.804442080218
Primary_B_cells_from_peripheral_blood__H3K4me3	-1.76141852417e-07	2.03667608986e-07	0.806439331354
Psoas_Muscle__H3K36me3	-1.0389043778e-07	1.19703902872e-07	0.807274135237
Primary_T_helper_memory_cells_from_peripheral_blood_2__H3K4me3	-1.52424247464e-07	1.74242420009e-07	0.809153912786
Small_Intestine__H3K36me3	-1.33197428995e-07	1.52034489157e-07	0.809512186933
Primary_B_cells_from_peripheral_blood__DNase	-8.93853397816e-08	1.01773496879e-07	0.810103341518
Colon-Sigm_ENTEX__H3K36me3	-7.49389547294e-08	8.51311153947e-08	0.810645339516
Primary_hematopoietic_stem_cells__H3K4me1	-9.71789770535e-08	1.10319118296e-07	0.810811243542
Brain_Cingulate_Gyrus__H3K4me1	-4.14515698382e-08	4.69685281321e-08	0.81125736937
Adrenal_gland_ENTEX__H3K4me3	-1.16841680145e-07	1.31041729072e-07	0.813706287379
Liver__H3K4me3	-7.21415663013e-08	8.06969862223e-08	0.814333951124
Brain_Angular_Gyrus__H3K4me1	-4.923976372e-08	5.50611338528e-08	0.814412459449
liver_ENTEX__H3K27ac	-3.04654996001e-08	3.39619730294e-08	0.815153187665
Brain_Dorsolateral_Prefrontal_Cortex__H3K4me3	-1.55763117271e-07	1.72025233655e-07	0.817390897996
Fetal_Lung__DNase	-7.50813403334e-08	8.1642545332e-08	0.821118228973
Lung__H3K27ac	-6.49341097044e-08	7.02551216642e-08	0.822324929364
Brain_Cingulate_Gyrus__H3K36me3	-8.00377484707e-08	8.63797550533e-08	0.822927663583
Adrenal_gland_ENTEX__H3K27ac	-4.16493966164e-08	4.43420132657e-08	0.8262055162
Pancreas__H3K4me3	-1.94740921914e-07	2.0569043567e-07	0.828121245992
Brain_Hippocampus_Middle__H3K4me3	-1.1419799767e-07	1.20482290765e-07	0.82839467666
Skeletal_Muscle_Male__H3K4me3	-1.22409114351e-07	1.27584481444e-07	0.831330367128
Brain_Inferior_Temporal_Lobe__H3K36me3	-7.30469428107e-08	7.59032113039e-08	0.832068009727
Brain_Dorsolateral_Prefrontal_Cortex__H3K9ac	-1.50647716002e-07	1.55981008187e-07	0.832929884437
HMEC_Mammary_Epithelial_Primary_Cells__H3K4me1	-4.98157153282e-08	5.11836583754e-08	0.834791387803
NHEK-Epidermal_Keratinocyte_Primary_Cells__H3K4me1	-4.3689695737e-08	4.48477835076e-08	0.835015760275
Pancreas_ENTEX__H3K4me1	-3.07193510663e-08	3.13244136786e-08	0.836625699911
Primary_T_cells_effector_memory_enriched_from_peripheral_blood__H3K27ac	-8.16524559057e-08	8.30247704937e-08	0.837312164785
Pancreas__H3K27ac	-1.13471678903e-07	1.13218838109e-07	0.841884512747
Brain_Substantia_Nigra__H3K27ac	-4.00218363076e-08	3.95487330854e-08	0.844222017181
Brain_Substantia_Nigra__H3K4me3	-1.54516784918e-07	1.49815565793e-07	0.848818682448
Esoph-Muscularis_ENTEX__H3K36me3	-5.64813593488e-08	5.40508456588e-08	0.851980928979
Primary_hematopoietic_stem_cells_G-CSF-mobilized_Male__H3K4me1	-4.65421756305e-08	4.38682249524e-08	0.85564463236
Gastric__H3K36me3	-7.90799247445e-08	7.42343909283e-08	0.856623895104
Brain_Cingulate_Gyrus__H3K9ac	-1.23402701345e-07	1.15686660782e-07	0.856945829397
Primary_T_helper_memory_cells_from_peripheral_blood_2__H3K27ac	-8.89112415535e-08	8.20451876559e-08	0.860748032399
Heart-LV_ENTEX__H3K27ac	-4.98991926311e-08	4.60106658225e-08	0.860931428908
Primary_T_cells_effector_memory_enriched_from_peripheral_blood__H3K4me3	-2.09251874524e-07	1.92191767932e-07	0.86187146963
NHEK-Epidermal_Keratinocyte_Primary_Cells__H3K27ac	-6.22225662146e-08	5.59895067394e-08	0.866785865102
NHEK-Epidermal_Keratinocyte_Primary_Cells__H3K9ac	-9.98175034e-08	8.97564052359e-08	0.866950996998
Primary_T_helper_cells_from_peripheral_blood__H3K27ac	-1.02490802808e-07	9.17291839432e-08	0.868071122327
Spleen_ENTEX__H3K4me3	-7.77517157405e-08	6.94380809834e-08	0.868585008595
Heart-LV_ENTEX__H3K4me1	-7.71548753348e-08	6.88596331416e-08	0.868742375931
Primary_T_helper_cells_from_peripheral_blood__H3K4me1	-5.63497953339e-08	4.91014158827e-08	0.874437384755
Foreskin_Keratinocyte_Primary_Cells_skin03__H3K4me3	-1.68648142704e-07	1.43669170223e-07	0.879775353735
Sigmoid_Colon__H3K36me3	-1.08188575863e-07	9.20952476717e-08	0.879951938096
Duodenum_Smooth_Muscle__H3K4me3	-1.02175691686e-07	8.585110824e-08	0.883006268467
Primary_hematopoietic_stem_cells_G-CSF-mobilized_Female__H3K4me3	-1.9269411359e-07	1.61799055631e-07	0.883162820639
Lung__H3K36me3	-1.01864938017e-07	8.38351106256e-08	0.887828961147
NHEK-Epidermal_Keratinocyte_Primary_Cells__H3K4me3	-1.54676997818e-07	1.2718094235e-07	0.888044933006
Primary_T_helper_naive_cells_from_peripheral_blood_1__H3K36me3	-8.1679067765e-08	6.62842984323e-08	0.891072823439
Primary_T_helper_cells_PMA-I_stimulated__H3K27ac	-6.07308437919e-08	4.89435148217e-08	0.892666711972
Primary_T_helper_17_cells_PMA-I_stimulated__H3K4me3	-1.68668916875e-07	1.35779287963e-07	0.892923887676
Primary_B_cells_from_peripheral_blood__H3K4me1	-4.61275742448e-08	3.66981863273e-08	0.895613087905
Brain_Substantia_Nigra__H3K4me1	-5.82603825311e-08	4.58631143134e-08	0.898012924241
Primary_T_regulatory_cells_from_peripheral_blood__H3K4me3	-1.77597834587e-07	1.37454031238e-07	0.901830530471
Fetal_Adrenal_Gland__DNase	-1.57540071418e-07	1.21881850423e-07	0.901919021936
Primary_T_cells_from_cord_blood__DNase	-1.91591637381e-07	1.45667172498e-07	0.90579038325
Primary_hematopoietic_stem_cells_G-CSF-mobilized_Female__H3K27ac	-8.41792826103e-08	6.38539868834e-08	0.906299877497
Primary_T_cells_from_cord_blood__H3K4me3	-2.41408709633e-07	1.8186736087e-07	0.907809959326
Primary_hematopoietic_stem_cells__H3K4me3	-2.88845917273e-07	2.15362007492e-07	0.910074039991
HMEC_Mammary_Epithelial_Primary_Cells__H3K9ac	-1.30697253859e-07	9.71608003138e-08	0.910713932029
Primary_T_regulatory_cells_from_peripheral_blood__H3K27ac	-8.20068789877e-08	6.02427237389e-08	0.913286508638
Primary_T_killer_memory_cells_from_peripheral_blood__H3K4me3	-2.38347740568e-07	1.75012775968e-07	0.913383330002
Mammary_ENTEX__H3K4me3	-1.72982361458e-07	1.25984880198e-07	0.915130144644
Primary_T_helper_cells_PMA-I_stimulated__H3K4me1	-5.60001297015e-08	4.03160898959e-08	0.917587700999
Primary_T_helper_memory_cells_from_peripheral_blood_1__H3K27ac	-1.3047623019e-07	9.35006655114e-08	0.918561079533
Primary_T_cells_effector_memory_enriched_from_peripheral_blood__H3K36me3	-8.29182411405e-08	5.898421942e-08	0.920103770878
Primary_T_cells_from_cord_blood__H3K36me3	-1.17094814069e-07	8.3265641178e-08	0.920179516294
Primary_T_killer_memory_cells_from_peripheral_blood__H3K36me3	-1.27377600643e-07	8.92885810308e-08	0.923149982999
Primary_T_regulatory_cells_from_peripheral_blood__H3K36me3	-5.67697515277e-08	3.91081300448e-08	0.926694957674
Esoph-Mucosa_ENTEX__H3K4me3	-1.91128939391e-07	1.29713558256e-07	0.929687725266
Primary_hematopoietic_stem_cells_G-CSF-mobilized_Male__H3K4me3	-1.63236928981e-07	1.10277979748e-07	0.930594249071
Primary_T_helper_naive_cells_from_peripheral_blood_2__H3K36me3	-7.84334097659e-08	5.27930212922e-08	0.931317792327
Brain_Angular_Gyrus__H3K9ac	-1.71314333946e-07	1.13667641827e-07	0.934114059817
Primary_T_helper_cells_from_peripheral_blood__H3K36me3	-6.03566658158e-08	3.98889452702e-08	0.934875107289
Primary_T_cells_effector_memory_enriched_from_peripheral_blood__H3K4me1	-1.20938063504e-07	7.88193684286e-08	0.937530656276
Primary_T_helper_naive_cells_from_peripheral_blood_1__H3K4me3	-2.32847935639e-07	1.51532912278e-07	0.937806344762
HMEC_Mammary_Epithelial_Primary_Cells__DNase	-1.41789577747e-07	9.06489709591e-08	0.941110108772
Prostate_ENTEX__H3K27ac	-9.1517462687e-08	5.84668103116e-08	0.941242434719
Primary_T_helper_memory_cells_from_peripheral_blood_1__H3K4me1	-7.43397635561e-08	4.68587496413e-08	0.943683060668
Primary_hematopoietic_stem_cells_G-CSF-mobilized_Female__H3K4me1	-6.08924834252e-08	3.83382240113e-08	0.943890394089
Brain_Anterior_Caudate__H3K4me3	-2.25026304063e-07	1.39989772127e-07	0.946021955586
Spleen_ENTEX__H3K36me3	-5.05699331299e-08	3.10781223938e-08	0.948151362031
Primary_T_cells_from_peripheral_blood__H3K36me3	-7.19449152712e-08	4.41563960308e-08	0.948377391341
Primary_T_helper_memory_cells_from_peripheral_blood_1__H3K4me3	-2.41306772696e-07	1.46362644744e-07	0.95039452085
Primary_T_helper_cells_PMA-I_stimulated__H3K4me3	-1.55959364951e-07	9.43052091807e-08	0.950913130923
Brain_Inferior_Temporal_Lobe__H3K9ac	-1.63063438425e-07	9.85090564142e-08	0.951069608478
Primary_mononuclear_cells_from_peripheral_blood__H3K36me3	-7.90053686039e-08	4.75361153608e-08	0.951744340088
Primary_T_helper_cells_PMA-I_stimulated__H3K36me3	-7.26940087686e-08	4.37038819167e-08	0.951876872286
Primary_T_cells_from_peripheral_blood__H3K27ac	-1.10246311673e-07	6.60379083127e-08	0.952484873062
HMEC_Mammary_Epithelial_Primary_Cells__H3K36me3	-1.33161462977e-07	7.89020946748e-08	0.954263634073
Primary_T_helper_memory_cells_from_peripheral_blood_2__H3K4me1	-7.58398703495e-08	4.41865543001e-08	0.956951574124
Brain_Inferior_Temporal_Lobe__H3K4me1	-1.04395100367e-07	5.88792102016e-08	0.961888827565
Adipose_Nuclei__H3K4me3	-1.86764054169e-07	1.03415778882e-07	0.964537172961
skeletal_muscle_ENTEX__H3K4me1	-5.13862975565e-08	2.78796785974e-08	0.967346097927
Primary_T_helper_17_cells_PMA-I_stimulated__H3K36me3	-1.00882049062e-07	5.42329383169e-08	0.968568692703
Primary_T_regulatory_cells_from_peripheral_blood__H3K4me1	-1.10578690132e-07	5.87034812614e-08	0.970195997697
Foreskin_Keratinocyte_Primary_Cells_skin02__DNase	-1.58052965715e-07	8.23013615462e-08	0.972597400485
Adrenal_gland_ENTEX__H3K4me1	-1.00644549758e-07	5.16412127398e-08	0.974347461151
Primary_hematopoietic_stem_cells_G-CSF-mobilized_Female__DNase	-2.41896245084e-07	1.23149140655e-07	0.975249703254
Gastric__DNase	-3.20602522481e-07	1.62296903757e-07	0.975889039366
Primary_T_helper_17_cells_PMA-I_stimulated__H3K27ac	-1.73609172775e-07	8.72630296935e-08	0.976676584336
HMEC_Mammary_Epithelial_Primary_Cells__H3K27ac	-1.19518827828e-07	5.77598985229e-08	0.980737999739
skeletal_muscle_ENTEX__H3K27ac	-4.83136268653e-08	2.2611172754e-08	0.983689401163
Primary_T_helper_17_cells_PMA-I_stimulated__H3K4me1	-1.16604897894e-07	5.36436565288e-08	0.985135940709
NHEK-Epidermal_Keratinocyte_Primary_Cells__DNase	-1.80048141699e-07	8.19848909408e-08	0.985958096666
Fetal_Lung__H3K4me3	-3.64174714036e-07	1.63584615345e-07	0.987000146943
Primary_B_cells_from_peripheral_blood__H3K36me3	-6.9699012643e-08	3.09332789073e-08	0.987876880681
Spleen__H3K36me3	-1.4269397052e-07	6.1453037156e-08	0.989883540178
skeletal_muscle_ENTEX__H3K4me3	-1.5392676011e-07	6.36149110946e-08	0.992232589797
Primary_B_cells_from_peripheral_blood__H3K27ac	-1.50857670415e-07	6.1732396506e-08	0.992731967464
Primary_hematopoietic_stem_cells_G-CSF-mobilized_Male__DNase	-3.92123136205e-07	1.52347643795e-07	0.994971607518
Right_Atrium__H3K36me3	-3.14804971371e-07	1.2184202002e-07	0.995112864034
Breast_variant_Human_Mammary_Epithelial_Cells_(vHMEC)__DNase	-2.64082579033e-07	9.90642355621e-08	0.996159401698
Brain_Substantia_Nigra__H3K9ac	-3.21395050511e-07	1.15102705218e-07	0.997382821512
Lung_ENTEX__H3K27ac	-1.31048693039e-07	3.89703404264e-08	0.999614191267
