Name	Coefficient	Coefficient_std_error	Coefficient_P_value
Brain_Germinal_Matrix__H3K4me3	7.00200002993e-07	2.00546409578e-07	0.000240193138218
Fetal_Brain_Female__H3K4me3	6.24349352787e-07	1.90363598821e-07	0.000519453581902
Fetal_Intestine_Large__DNase	2.7369102332e-07	1.13689215299e-07	0.00803413104117
Fetal_Stomach__H3K27ac	1.54477946297e-07	6.42960987397e-08	0.00813944322471
Fetal_Intestine_Small__DNase	3.27777545944e-07	1.36547820343e-07	0.0081872458392
Ganglion_Eminence_derived_primary_cultured_neurospheres__H3K4me3	4.18492862033e-07	1.83638354022e-07	0.0113365995883
Cortex_derived_primary_cultured_neurospheres__H3K4me3	5.31435729033e-07	2.38408183347e-07	0.0129036193308
Aorta__H3K4me3	5.66335870358e-07	2.57374301535e-07	0.013887961598
Fetal_Intestine_Small__H3K4me1	1.03246632961e-07	4.97809642527e-08	0.0190388036966
Fetal_Muscle_Trunk__H3K36me3	1.62716985516e-07	8.05018570408e-08	0.0216252708334
Fetal_Heart__DNase	1.27360833532e-07	6.36042018599e-08	0.022621050328
Nerve-Tibial_ENTEX__H3K4me1	8.92377014156e-08	4.49678028578e-08	0.0236011827036
Duodenum_Mucosa__H3K4me1	1.25505626349e-07	6.34619378395e-08	0.0239839910875
Fetal_Stomach__H3K4me1	9.61747532821e-08	5.00298798677e-08	0.0272811003475
Fetal_Intestine_Large__H3K4me1	8.90264160955e-08	4.75928188714e-08	0.0307013082718
Cortex_derived_primary_cultured_neurospheres__H3K36me3	1.7943771438e-07	9.76279748429e-08	0.0330330919364
Fetal_Brain_Male__H3K4me1	9.2438247137e-08	5.05513935214e-08	0.0337298224037
Right_Atrium__H3K4me1	1.54353864296e-07	8.79571890473e-08	0.0396403532474
Duodenum_Smooth_Muscle__H3K27ac	1.61493248855e-07	9.22094353901e-08	0.0399407158535
Artery-Coronary_ENTEX__H3K27ac	8.58337266834e-08	5.02998232002e-08	0.043962916012
Skeletal_Muscle_Female__H3K36me3	1.03673488604e-07	6.2307992151e-08	0.0480674578363
Rectal_Smooth_Muscle__H3K27ac	9.38002212746e-08	5.65002246169e-08	0.0484396958489
Stomach_Smooth_Muscle__H3K4me1	1.01087417589e-07	6.12284824053e-08	0.0493706328762
Small_Intestine__H3K4me1	1.573660089e-07	9.59142486695e-08	0.0504303925981
Brain_Dorsolateral_Prefrontal_Cortex__H3K36me3	1.34755241425e-07	8.22466975402e-08	0.0506662853855
Fetal_Brain_Female__H3K36me3	1.65627034108e-07	1.01777205075e-07	0.0518314970216
Cortex_derived_primary_cultured_neurospheres__H3K4me1	9.14446112206e-08	5.63108561847e-08	0.0521959003701
Thyroid_gland_ENTEX__H3K36me3	8.74294518445e-08	5.3855381375e-08	0.052250721336
SI-Term-Ileum_ENTEX__H3K4me3	2.34372100931e-07	1.45709579199e-07	0.0538641776664
Fetal_Intestine_Small__H3K27ac	8.644477913e-08	5.38796535161e-08	0.0543124178255
Nerve-Tibial_ENTEX__H3K27ac	5.12348906289e-08	3.22584557133e-08	0.0561135138491
Brain_Germinal_Matrix__H3K4me1	1.55345952584e-07	9.78678739272e-08	0.0562220380724
Fetal_Brain_Male__H3K4me3	6.0174163616e-07	3.89892597369e-07	0.0613726604549
Colon-TV_ENTEX__H3K36me3	1.01750073197e-07	6.63691049132e-08	0.0626263540975
Brain_Inferior_Temporal_Lobe__H3K36me3	1.10369511874e-07	7.21085152285e-08	0.0629337662523
Rectal_Smooth_Muscle__H3K4me1	1.11762203669e-07	7.45490980443e-08	0.0669140157271
Colon_Smooth_Muscle__H3K27ac	8.47113391239e-08	5.72302718229e-08	0.0694120595321
Stomach_Mucosa__H3K4me1	6.59600929598e-08	4.54912245481e-08	0.0735359496168
Fetal_Heart__H3K4me1	4.87466715101e-08	3.37431566504e-08	0.0742796917837
Colon_Smooth_Muscle__H3K4me1	7.93581062439e-08	5.5160285743e-08	0.0751203309536
Adrenal_gland_ENTEX__H3K4me3	1.89578320734e-07	1.33306518889e-07	0.0774952144826
skeletal_muscle_ENTEX__H3K36me3	5.54269934213e-08	3.91155492703e-08	0.0782404916602
Ganglion_Eminence_derived_primary_cultured_neurospheres__H3K36me3	1.23095033031e-07	8.69624952809e-08	0.0784616127298
Fetal_Muscle_Leg__H3K36me3	8.81661455655e-08	6.23305390284e-08	0.0786085195963
Fetal_Heart__H3K9ac	8.32987053747e-08	5.93767026406e-08	0.0803255173153
Lung__H3K4me1	1.1891695222e-07	8.52396365239e-08	0.0814943724236
Liver__H3K4me1	5.88809176864e-08	4.22967929727e-08	0.0819476619404
Right_Ventricle__H3K27ac	9.47106514595e-08	6.8112918958e-08	0.0821893568161
Fetal_Stomach__DNase	2.02624123098e-07	1.46216850788e-07	0.0829073217613
Brain_Germinal_Matrix__H3K36me3	2.06545507293e-07	1.51375060871e-07	0.086211114494
Rectal_Mucosa_Donor_31__H3K4me1	7.7284373264e-08	5.76888967836e-08	0.09017551305
Pancreas__H3K4me1	9.65159190784e-08	7.2123452439e-08	0.0904149128362
Fetal_Lung__DNase	1.27829605983e-07	9.60533702901e-08	0.0916243630411
Small_Intestine__DNase	1.49550024165e-07	1.13475957161e-07	0.0937684740194
Fetal_Muscle_Trunk__H3K27ac	9.75729026036e-08	7.52493165676e-08	0.0973738159121
Rectal_Smooth_Muscle__H3K4me3	2.39165959067e-07	1.84779082092e-07	0.0977749352479
Right_Ventricle__H3K4me1	9.24079382916e-08	7.24857416213e-08	0.101182413653
Fetal_Intestine_Large__H3K27ac	6.21095020138e-08	4.95753431201e-08	0.105133699241
Placenta__H3K4me1	5.86643287602e-08	4.68598589487e-08	0.105301319577
SI-Term-Ileum_ENTEX__H3K4me1	9.00116884297e-08	7.28370096863e-08	0.108267192921
Fetal_Muscle_Leg__DNase	1.10708668062e-07	8.98679033868e-08	0.108992393687
Fetal_Stomach__H3K36me3	5.76161712614e-08	4.70896380791e-08	0.110562440059
Fetal_Muscle_Leg__H3K4me1	6.03754574031e-08	5.00946015908e-08	0.114057490358
Esoph-GJ_ENTEX__H3K4me1	6.31854999523e-08	5.24523967454e-08	0.114173934504
Colon_Smooth_Muscle__H3K4me3	1.73046586663e-07	1.43813157631e-07	0.11443521638
Testis_ENTEX__H3K4me3	1.18787193632e-07	1.00089990022e-07	0.11765248392
Aorta__H3K4me1	1.42253386015e-07	1.20691785847e-07	0.119268765693
Brain_Anterior_Caudate__H3K36me3	8.36619286345e-08	7.11727189782e-08	0.119901870042
Stomach_Smooth_Muscle__H3K27ac	6.05306294396e-08	5.16138388142e-08	0.120446094276
Fetal_Brain_Female__DNase	1.32067494467e-07	1.12631013923e-07	0.120484594432
Rectal_Mucosa_Donor_29__H3K4me1	1.05929462735e-07	9.19203873822e-08	0.124577458246
Breast_Myoepithelial_Primary_Cells__H3K4me3	1.74367584785e-07	1.52189997808e-07	0.125954886684
Fetal_Brain_Male__DNase	1.22138892079e-07	1.06996882885e-07	0.126827165636
Fetal_Lung__H3K4me1	5.35575244875e-08	4.72703527939e-08	0.128606172657
Fetal_Brain_Female__H3K4me1	9.34122371361e-08	8.33870030625e-08	0.131308865724
Fetal_Muscle_Leg__H3K27ac	7.13909048206e-08	6.40271913454e-08	0.132423248286
Left_Ventricle__H3K4me1	6.99122218472e-08	6.35608906313e-08	0.135682368931
Stomach_Smooth_Muscle__H3K9ac	1.85180529715e-07	1.69339666456e-07	0.137077311779
Esoph-GJ_ENTEX__H3K27ac	6.56960645149e-08	6.05487890127e-08	0.138958529199
Esoph-Mucosa_ENTEX__H3K4me3	1.5184853365e-07	1.40472446406e-07	0.139852009936
Uterus_ENTEX__H3K27ac	4.41690917555e-08	4.09915414893e-08	0.140624631376
Artery-Coronary_ENTEX__H3K4me3	1.02491119314e-07	9.59046268444e-08	0.142607500946
Brain_Cingulate_Gyrus__H3K36me3	8.37662967135e-08	7.89111175321e-08	0.144225191883
Psoas_Muscle__H3K4me1	9.25417632368e-08	8.79900296673e-08	0.146461697116
Fetal_Muscle_Leg__H3K4me3	2.32783812523e-07	2.23251679976e-07	0.148544369986
Gastric__H3K4me1	1.06427059606e-07	1.02871851531e-07	0.150437319176
Thymus__H3K27ac	1.04878413373e-07	1.01438115647e-07	0.150587895585
Rectal_Mucosa_Donor_31__H3K9ac	1.03238929542e-07	1.00725985399e-07	0.152693786579
Ovary__H3K36me3	8.44424378561e-08	8.4015025714e-08	0.157427400259
Colon-Sigm_ENTEX__H3K36me3	8.443140939e-08	8.52527194724e-08	0.160997586961
Placenta__H3K36me3	6.99189231702e-08	7.14550073181e-08	0.163912858996
Nerve-Tibial_ENTEX__H3K4me3	1.94920437299e-07	2.04665899831e-07	0.170451248203
Ganglion_Eminence_derived_primary_cultured_neurospheres__H3K4me1	7.95366237086e-08	8.39461624075e-08	0.171699203298
Fetal_Heart__H3K4me3	9.77272341671e-08	1.03579229697e-07	0.172712037686
liver_ENTEX__H3K27ac	3.28608369861e-08	3.49968048343e-08	0.173873901457
Ovary__H3K4me3	1.85436791454e-07	1.98088679159e-07	0.17460308221
Uterus_ENTEX__H3K4me3	2.19545641224e-07	2.35081892258e-07	0.175174818538
Small_Intestine__H3K27ac	8.87775772759e-08	9.51719209046e-08	0.175458339319
Brain_Cingulate_Gyrus__H3K4me1	4.57676514718e-08	4.91441034524e-08	0.175850527255
Brain_Dorsolateral_Prefrontal_Cortex__H3K4me3	1.61592732649e-07	1.75107287667e-07	0.178050172683
Right_Ventricle__H3K36me3	6.9545129231e-08	7.64331236843e-08	0.181442351785
Duodenum_Mucosa__H3K4me3	1.05825342096e-07	1.17531336438e-07	0.183953423513
Brain_Substantia_Nigra__H3K4me1	4.07982665117e-08	4.56957628819e-08	0.185975758562
liver_ENTEX__H3K36me3	5.58895896877e-08	6.28713078755e-08	0.187014375262
Esoph-Muscularis_ENTEX__H3K27ac	5.22923816766e-08	5.89836224677e-08	0.187658551774
Fetal_Intestine_Small__H3K36me3	3.58783823229e-08	4.06378988403e-08	0.188650593903
Fetal_Intestine_Large__H3K36me3	5.18071551683e-08	5.89916554848e-08	0.189914453543
HMEC_Mammary_Epithelial_Primary_Cells__H3K36me3	7.44318830311e-08	8.57266099728e-08	0.192629529353
Breast_Myoepithelial_Primary_Cells__H3K36me3	3.80514820592e-08	4.41667792813e-08	0.194470131911
Stomach_Smooth_Muscle__H3K4me3	9.92928707567e-08	1.15883751463e-07	0.195768954252
Liver__H3K9ac	7.83446794851e-08	9.17133537354e-08	0.196487630313
Colon-TV_ENTEX__H3K27ac	3.83821258101e-08	4.49684370484e-08	0.196681399585
Colonic_Mucosa__H3K4me1	7.80963119728e-08	9.26162717621e-08	0.199551441716
Foreskin_Melanocyte_Primary_Cells_skin03__H3K4me3	1.63746429522e-07	1.98337161922e-07	0.204516563804
Skeletal_Muscle_Male__H3K4me1	4.25286277894e-08	5.17128083809e-08	0.205424561694
Artery-Tibial_ENTEX__H3K36me3	4.73844998028e-08	5.81224624384e-08	0.207463812348
Foreskin_Keratinocyte_Primary_Cells_skin02__H3K36me3	5.67477981028e-08	7.07073372317e-08	0.211110796447
Heart-LV_ENTEX__H3K36me3	4.99366692585e-08	6.30545678006e-08	0.214192121395
Ovary_ENTEX__H3K4me3	1.70488701723e-07	2.1743278966e-07	0.216491188118
Sigmoid_Colon__H3K4me3	2.08653407928e-07	2.66700710017e-07	0.217004336531
Liver__H3K27ac	3.65379017758e-08	4.71414444156e-08	0.219149258728
Colonic_Mucosa__H3K4me3	1.53239002535e-07	1.97766884043e-07	0.219215147494
Brain_Hippocampus_Middle__H3K36me3	5.84113426043e-08	7.57411298237e-08	0.220295044957
Right_Atrium__H3K4me3	1.43797109397e-07	1.87485012559e-07	0.221546934163
Brain_Inferior_Temporal_Lobe__H3K9ac	8.11215940571e-08	1.06206829224e-07	0.222490923471
NHLF_Lung_Fibroblast_Primary_Cells__DNase	8.38304083295e-08	1.10385550917e-07	0.223796848541
Breast_Myoepithelial_Primary_Cells__H3K4me1	3.04950066967e-08	4.02571243483e-08	0.224373434954
NHDF-Ad_Adult_Dermal_Fibroblast_Primary_Cells__DNase	8.89296990402e-08	1.17718663406e-07	0.224991715406
Right_Atrium__H3K27ac	5.81963690778e-08	7.71010357005e-08	0.225182522586
Pancreas__H3K27ac	1.05194096146e-07	1.39380822347e-07	0.225207205994
Esoph-Mucosa_ENTEX__H3K36me3	6.12603265186e-08	8.13858605283e-08	0.225810713369
Rectal_Smooth_Muscle__H3K9ac	1.61345976683e-07	2.18037672391e-07	0.229652642169
Rectal_Mucosa_Donor_31__H3K4me3	1.03664216003e-07	1.43517662141e-07	0.235052009881
Sigmoid_Colon__H3K4me1	9.4614140282e-08	1.32765911133e-07	0.238034646325
Thymus__H3K36me3	5.91333209939e-08	8.34222476287e-08	0.239210788804
NHEK-Epidermal_Keratinocyte_Primary_Cells__H3K36me3	3.65637222047e-08	5.30666420084e-08	0.245406855609
Fetal_Muscle_Trunk__H3K4me1	3.23578194346e-08	4.73834097202e-08	0.247337091252
Fetal_Intestine_Small__H3K4me3	1.2319091145e-07	1.81309307644e-07	0.248425860927
Colon-Sigm_ENTEX__H3K27ac	4.17601855941e-08	6.23820219684e-08	0.251611690358
Placenta_Amnion__H3K36me3	4.96187854011e-08	7.53561193535e-08	0.255122169486
liver_ENTEX__H3K4me3	6.10152942503e-08	9.27189099352e-08	0.255247403489
Placenta_Amnion__H3K4me1	3.42693150082e-08	5.33010830374e-08	0.260132023732
Brain_Anterior_Caudate__H3K9ac	6.92066862414e-08	1.08206649179e-07	0.261223212111
Foreskin_Melanocyte_Primary_Cells_skin03__H3K36me3	2.48707484332e-08	3.92428675079e-08	0.263117161234
Brain_Anterior_Caudate__H3K27ac	2.95351503977e-08	4.77676918201e-08	0.268186134334
Mammary_ENTEX__H3K27ac	2.96211214157e-08	4.80127896811e-08	0.268636388815
Foreskin_Fibroblast_Primary_Cells_skin02__H3K4me3	5.92439362656e-08	9.75593359398e-08	0.27183900634
Foreskin_Melanocyte_Primary_Cells_skin01__H3K4me3	1.49554527068e-07	2.47013224502e-07	0.272439520787
Stomach_Mucosa__H3K9ac	7.67710060027e-08	1.27497081311e-07	0.273540701142
Brain_Angular_Gyrus__H3K4me1	3.34413706465e-08	5.56265454513e-08	0.273861224945
Aorta__H3K27ac	3.99480394282e-08	6.92280197445e-08	0.281952787838
Brain_Angular_Gyrus__H3K36me3	4.87262114199e-08	8.49893584219e-08	0.283213575195
Fetal_Muscle_Trunk__H3K4me3	1.32673445621e-07	2.34307486105e-07	0.285616517903
Esoph-Muscularis_ENTEX__H3K4me3	9.29875019009e-08	1.65001127959e-07	0.286527908902
Colon-TV_ENTEX__H3K4me1	6.68290133358e-08	1.1897590016e-07	0.287159500611
Stomach_ENTEX__H3K4me3	8.35455008323e-08	1.49564579599e-07	0.288220275818
Brain_Substantia_Nigra__H3K36me3	5.88488803786e-08	1.06285354294e-07	0.289896339067
Fetal_Brain_Male__H3K36me3	1.31025798327e-07	2.37082263206e-07	0.290248247325
Skeletal_Muscle_Male__H3K36me3	4.01793139359e-08	7.35757561162e-08	0.292500498598
Esophagus__H3K4me1	4.17994981825e-08	7.77200368587e-08	0.295350181947
Left_Ventricle__H3K27ac	2.6486037088e-08	4.93056419068e-08	0.295571415728
Fetal_Heart__H3K36me3	7.92801745734e-08	1.50837377866e-07	0.299582966024
Ovary__H3K4me1	3.88701016933e-08	7.42072251126e-08	0.300207152637
Brain_Inferior_Temporal_Lobe__H3K4me1	3.20425888204e-08	6.12298082172e-08	0.300376897285
Adipose_Nuclei__H3K27ac	2.25465998908e-08	4.32294257984e-08	0.300989482979
Foreskin_Fibroblast_Primary_Cells_skin01__H3K4me3	5.97799973111e-08	1.14741991117e-07	0.301185146522
Brain_Dorsolateral_Prefrontal_Cortex__H3K27ac	3.16557431924e-08	6.1011337576e-08	0.301932612598
Ovary__DNase	4.97696217074e-08	9.81005036418e-08	0.305960597829
Fetal_Muscle_Trunk__DNase	4.83194151082e-08	9.6419301413e-08	0.308136859247
Foreskin_Keratinocyte_Primary_Cells_skin02__H3K4me3	8.35854853565e-08	1.69100441095e-07	0.310548963751
Brain_Anterior_Caudate__H3K4me1	2.49818879794e-08	5.05995056563e-08	0.310752666907
Brain_Dorsolateral_Prefrontal_Cortex__H3K9ac	8.12317062675e-08	1.64935530336e-07	0.311180909338
Osteoblast_Primary_Cells__H3K36me3	2.14758668625e-08	4.36681127062e-08	0.311431266558
Esoph-GJ_ENTEX__H3K4me3	6.91329124292e-08	1.46026329651e-07	0.317954028284
Psoas_Muscle__H3K27ac	3.96348365092e-08	8.55992345446e-08	0.321672173142
skeletal_muscle_ENTEX__H3K4me1	1.09993022352e-08	2.46985082121e-08	0.328036029336
Brain_Substantia_Nigra__H3K4me3	6.87734333377e-08	1.57841984182e-07	0.331523339307
Adipose_Nuclei__H3K4me1	2.6428084698e-08	6.21687122829e-08	0.335380920989
Colon-Sigm_ENTEX__H3K4me3	1.20302061678e-07	2.87779178525e-07	0.337960391875
Fetal_Thymus__H3K4me3	6.7288554322e-08	1.66466860066e-07	0.3430269754
Brain_Cingulate_Gyrus__H3K9ac	5.38364717313e-08	1.400851703e-07	0.350373449394
Mammary_ENTEX__H3K36me3	1.89405877353e-08	5.01780443896e-08	0.35291305611
Fetal_Adrenal_Gland__H3K36me3	1.74866486779e-08	4.66916729205e-08	0.35401126222
Brain_Hippocampus_Middle__H3K4me3	4.63617826039e-08	1.31511756812e-07	0.362220574527
Mammary_ENTEX__H3K4me1	4.11401983868e-08	1.17192219828e-07	0.362775836247
Spleen__H3K4me3	4.29808686241e-08	1.22515768677e-07	0.362862042971
Rectal_Mucosa_Donor_29__H3K9ac	5.21457281318e-08	1.50298097566e-07	0.364314933101
Brain_Inferior_Temporal_Lobe__H3K27ac	1.5173439366e-08	4.3971858782e-08	0.365020274322
Foreskin_Melanocyte_Primary_Cells_skin01__H3K36me3	3.80897828184e-08	1.12620680987e-07	0.367601325114
Foreskin_Fibroblast_Primary_Cells_skin01__DNase	3.50207170791e-08	1.04495042831e-07	0.368758843471
Fetal_Intestine_Large__H3K4me3	5.89147130944e-08	1.80402524279e-07	0.371995183216
Foreskin_Fibroblast_Primary_Cells_skin02__H3K36me3	2.18639312676e-08	6.70685134754e-08	0.372214457016
Esoph-Muscularis_ENTEX__H3K4me1	1.2761315905e-08	3.92102959999e-08	0.372417122564
Psoas_Muscle__DNase	3.29596594825e-08	1.01348367191e-07	0.372510484264
Rectal_Smooth_Muscle__H3K36me3	5.22393451936e-08	1.62700192787e-07	0.374075890812
Osteoblast_Primary_Cells__H3K4me1	1.48253092109e-08	4.65060864099e-08	0.374945865624
Placenta__DNase	2.5742828208e-08	8.58503151227e-08	0.382143071829
Skeletal_Muscle_Female__H3K4me1	1.18308810992e-08	4.0453001317e-08	0.384967504116
Fetal_Lung__H3K36me3	1.51661340139e-08	5.19887045309e-08	0.385250438074
Small_Intestine__H3K4me3	7.15268819967e-08	2.5471572584e-07	0.389427827177
Sigmoid_Colon__H3K36me3	2.29426312242e-08	8.58172381983e-08	0.394602570978
Duodenum_Smooth_Muscle__H3K4me1	1.98701829788e-08	7.82650912845e-08	0.399792940708
Foreskin_Keratinocyte_Primary_Cells_skin03__H3K36me3	8.69386163301e-09	3.4256334834e-08	0.399829503966
NHDF-Ad_Adult_Dermal_Fibroblast_Primary_Cells__H3K36me3	3.70826424007e-08	1.46733533757e-07	0.400241917299
Lung__H3K27ac	1.79218447696e-08	7.29205238221e-08	0.402929250896
Brain_Inferior_Temporal_Lobe__H3K4me3	3.75069828796e-08	1.54399201196e-07	0.404032860719
Brain_Angular_Gyrus__H3K27ac	1.34883626544e-08	5.57610754093e-08	0.404430502968
Breast_variant_Human_Mammary_Epithelial_Cells_(vHMEC)__H3K36me3	9.46620302746e-09	4.13894422707e-08	0.409546938547
Placenta__H3K27ac	9.47485073989e-09	4.17172567831e-08	0.410164961156
Primary_hematopoietic_stem_cells_G-CSF-mobilized_Male__H3K36me3	9.47756195139e-09	4.201084122e-08	0.410757046467
Sigmoid_Colon__H3K27ac	1.69812909726e-08	8.30265171941e-08	0.418970252272
Skeletal_Muscle_Female__H3K27ac	9.79918739485e-09	5.12499087924e-08	0.424182886211
Esophagus__H3K36me3	1.45776237196e-08	7.9294764903e-08	0.42706912096
Rectal_Mucosa_Donor_29__H3K36me3	1.23695805616e-08	6.81188701633e-08	0.427952969118
Colonic_Mucosa__H3K36me3	1.75908704062e-08	9.76417267973e-08	0.428514537604
Brain_Anterior_Caudate__H3K4me3	2.58367641613e-08	1.45345114377e-07	0.429455145888
Osteoblast_Primary_Cells__H3K27ac	9.35993065068e-09	5.36516104239e-08	0.430752928968
Brain_Hippocampus_Middle__H3K4me1	6.63231744147e-09	3.90684550133e-08	0.432598873939
Brain_Substantia_Nigra__H3K27ac	6.80526759188e-09	4.08441784728e-08	0.433836352672
Gastric__H3K27ac	1.87143174586e-08	1.14408022539e-07	0.43503277674
NHDF-Ad_Adult_Dermal_Fibroblast_Primary_Cells__H3K4me3	3.55453199005e-08	2.18850034799e-07	0.435488105767
NHDF-Ad_Adult_Dermal_Fibroblast_Primary_Cells__H3K9ac	2.74001109815e-08	1.72876409304e-07	0.437033233183
Colon_Smooth_Muscle__H3K36me3	1.30378874255e-08	8.53831093798e-08	0.439317953982
Duodenum_Mucosa__H3K36me3	8.05726603429e-09	5.49903251793e-08	0.441754851345
Duodenum_Smooth_Muscle__H3K36me3	1.38674780066e-08	9.53802656824e-08	0.442200895515
Mammary_ENTEX__H3K4me3	1.97452351315e-08	1.37202412348e-07	0.442784514907
Heart-LV_ENTEX__H3K27ac	6.60116086286e-09	4.63200308311e-08	0.443337795379
Esophagus__H3K27ac	9.77288530995e-09	6.98096247316e-08	0.44433261051
SI-Term-Ileum_ENTEX__H3K27ac	6.35562138296e-09	4.70510413365e-08	0.446274591084
NHLF_Lung_Fibroblast_Primary_Cells__H3K9ac	2.89669297787e-08	2.20988510077e-07	0.447856448099
Fetal_Thymus__H3K27ac	7.24670404911e-09	5.5898109399e-08	0.448425109751
Colon_Smooth_Muscle__H3K9ac	1.66250991129e-08	1.36779914958e-07	0.451629153289
liver_ENTEX__H3K4me1	2.14552905501e-08	1.77118723302e-07	0.451792022339
Stomach_Smooth_Muscle__H3K36me3	1.04214200644e-08	8.81857879467e-08	0.45296420903
Primary_B_cells_from_peripheral_blood__H3K36me3	4.29154769919e-09	3.80672059962e-08	0.455119896702
Skeletal_Muscle_Male__H3K4me3	1.40698070922e-08	1.33840022802e-07	0.458138682484
Skeletal_Muscle_Female__H3K4me3	1.06007554299e-08	1.07671049326e-07	0.46078549318
Aorta__H3K36me3	1.69874400393e-08	1.86395791335e-07	0.463692107875
Foreskin_Melanocyte_Primary_Cells_skin03__H3K27ac	6.24156000999e-09	7.13554343436e-08	0.46514840738
Adipose_Nuclei__H3K36me3	6.52839892528e-09	7.70697570197e-08	0.466246902249
HMEC_Mammary_Epithelial_Primary_Cells__H3K4me3	1.80422539223e-08	2.17169544274e-07	0.466894315428
Placenta__H3K4me3	1.77459862423e-08	2.14189560453e-07	0.466984698251
Esoph-Mucosa_ENTEX__H3K27ac	4.68831579503e-09	5.89486854597e-08	0.468304679617
Ovary_ENTEX__H3K36me3	1.42781062359e-08	2.07720683723e-07	0.472599464658
Fetal_Kidney__DNase	8.49039520362e-09	1.30387210776e-07	0.474040510491
Osteoblast_Primary_Cells__H3K4me3	8.88852821749e-09	1.53200426631e-07	0.476866766173
Aorta_ENTEX__H3K4me3	4.81064558176e-09	8.59102770136e-08	0.477672433285
Heart-Atrial_ENTEX__H3K27ac	1.83448650474e-09	3.39913771932e-08	0.478479862543
Rectal_Mucosa_Donor_29__H3K4me3	6.95403691055e-09	1.29955009933e-07	0.478662339175
Pancreas_ENTEX__H3K4me1	1.39420648497e-09	3.26308438363e-08	0.482959719608
Adipose_Nuclei__H3K4me3	4.2625513869e-09	1.01397631724e-07	0.483234211496
Primary_monocytes_from_peripheral_blood__H3K36me3	1.26801856623e-09	3.03824352454e-08	0.48335487603
Heart-LV_ENTEX__H3K4me1	1.82205742931e-09	7.05837386586e-08	0.489702797874
Duodenum_Mucosa__H3K9ac	2.89093318577e-09	1.45407426238e-07	0.492068909189
Placenta_Amnion__H3K4me3	2.68180574053e-09	2.34084656579e-07	0.495429592398
Thymus__H3K4me3	1.03765660007e-09	1.81512590961e-07	0.497719371238
skeletal_muscle_ENTEX__H3K27ac	1.3047558529e-12	2.342226961e-08	0.499977776608
Foreskin_Melanocyte_Primary_Cells_skin01__H3K4me1	-1.27160889557e-09	1.34384865737e-07	0.503774911553
Primary_hematopoietic_stem_cells__H3K36me3	-2.81080479037e-09	9.58370665072e-08	0.511698898686
NHDF-Ad_Adult_Dermal_Fibroblast_Primary_Cells__H3K4me1	-2.07924406375e-09	6.34972889309e-08	0.513061189955
Foreskin_Keratinocyte_Primary_Cells_skin02__DNase	-3.24949839633e-09	9.11484619158e-08	0.514219524061
Brain_Angular_Gyrus__H3K4me3	-8.6618800034e-09	1.79367078323e-07	0.51925797955
Thymus__H3K4me1	-3.53282810907e-09	6.90356722668e-08	0.52040654563
NHLF_Lung_Fibroblast_Primary_Cells__H3K4me3	-1.46014724258e-08	2.4776539815e-07	0.523497125354
Brain_Substantia_Nigra__H3K9ac	-6.95043314316e-09	1.17932918406e-07	0.523498250863
Fetal_Kidney__H3K36me3	-1.21998350635e-08	1.90507928377e-07	0.525530199994
Rectal_Mucosa_Donor_31__H3K36me3	-4.70651252762e-09	6.858784594e-08	0.527354035023
Fetal_Stomach__H3K4me3	-1.91504820501e-08	2.74104652204e-07	0.527849677571
Colonic_Mucosa__H3K27ac	-6.48944223395e-09	8.84148668611e-08	0.529255150725
Brain_Hippocampus_Middle__H3K27ac	-3.36780014216e-09	4.26641151979e-08	0.531458846635
Brain_Cingulate_Gyrus__H3K27ac	-3.99224592067e-09	4.70848346506e-08	0.533785176288
Fetal_Thymus__H3K36me3	-2.81773678969e-09	3.29167242703e-08	0.534108587992
Foreskin_Keratinocyte_Primary_Cells_skin03__H3K4me3	-1.36981799432e-08	1.59957714696e-07	0.534122212247
Adipose_Nuclei__H3K9ac	-1.30200259607e-08	1.4183105782e-07	0.536571345493
NHDF-Ad_Adult_Dermal_Fibroblast_Primary_Cells__H3K27ac	-1.08741338995e-08	9.59826012824e-08	0.54510077188
Nerve-Tibial_ENTEX__H3K36me3	-8.04012141045e-09	6.26301218543e-08	0.551073763326
Lung_ENTEX__H3K4me1	-7.1888444197e-09	5.19596906423e-08	0.555019776762
Left_Ventricle__H3K36me3	-1.14982063883e-08	7.99808329402e-08	0.557155803944
Pancreatic_Islets__H3K4me1	-8.25860151289e-09	5.36099275425e-08	0.561214786566
Foreskin_Melanocyte_Primary_Cells_skin01__H3K27ac	-2.21021981333e-08	1.39254310573e-07	0.563054563851
Brain_Dorsolateral_Prefrontal_Cortex__H3K4me1	-1.08633731317e-08	6.78133507548e-08	0.563636343894
Foreskin_Melanocyte_Primary_Cells_skin01__DNase	-1.4246493825e-08	8.59182644011e-08	0.565848531588
Gastric__H3K36me3	-1.30008232037e-08	7.76768505989e-08	0.566460782374
Brain_Angular_Gyrus__H3K9ac	-2.27532580933e-08	1.29247133126e-07	0.569870542736
Lung_ENTEX__H3K36me3	-1.03910927845e-08	5.61315927437e-08	0.573432628691
Fetal_Kidney__H3K4me3	-4.16050364082e-08	2.24584179032e-07	0.573484950329
Spleen__H3K36me3	-1.280408952e-08	6.81259182631e-08	0.574541059305
Pancreas_ENTEX__H3K27ac	-7.80145543779e-09	4.05341031174e-08	0.576311582093
Ovary__H3K27ac	-1.79261044965e-08	8.77805862006e-08	0.580907219749
Esoph-Muscularis_ENTEX__H3K36me3	-1.2055440424e-08	5.4083056136e-08	0.588195686248
Duodenum_Smooth_Muscle__H3K4me3	-1.85524122761e-08	8.25802669371e-08	0.588877775677
NHLF_Lung_Fibroblast_Primary_Cells__H3K36me3	-3.74555097698e-08	1.63654599015e-07	0.590514739934
Liver__H3K4me3	-1.83567199014e-08	7.72158658741e-08	0.593955707895
Right_Atrium__H3K36me3	-2.38456481588e-08	9.97037843075e-08	0.594511150595
HMEC_Mammary_Epithelial_Primary_Cells__DNase	-2.3961837544e-08	9.93468549938e-08	0.595297511088
Foreskin_Fibroblast_Primary_Cells_skin02__H3K27ac	-1.69675204914e-08	6.89700252617e-08	0.597163902321
Rectal_Mucosa_Donor_31__H3K27ac	-1.65906038485e-08	6.43736682963e-08	0.601689826378
Pancreas__DNase	-4.1680819757e-08	1.53625667586e-07	0.606925293669
Primary_hematopoietic_stem_cells_G-CSF-mobilized_Female__H3K36me3	-1.17904816085e-08	4.26344626124e-08	0.608936457314
Fetal_Adrenal_Gland__H3K27ac	-1.55476662681e-08	5.00726420888e-08	0.621910462243
Psoas_Muscle__H3K36me3	-4.52431317912e-08	1.43463785593e-07	0.623756871252
Colon-TV_ENTEX__H3K4me3	-5.25108383946e-08	1.65398334685e-07	0.624560695169
Foreskin_Fibroblast_Primary_Cells_skin01__H3K36me3	-1.44690748726e-08	4.5516321978e-08	0.624714904881
Aorta_ENTEX__H3K4me1	-9.21943170871e-09	2.77665567141e-08	0.63006808228
Heart-Atrial_ENTEX__H3K36me3	-1.88826252751e-08	5.55515331633e-08	0.633038549666
Primary_hematopoietic_stem_cells_short_term_culture__H3K36me3	-1.72243254831e-08	4.99074622134e-08	0.634999895029
Foreskin_Keratinocyte_Primary_Cells_skin03__H3K4me1	-1.7321150001e-08	4.93904334155e-08	0.637092717571
Testis_ENTEX__H3K27ac	-1.31528072712e-08	3.74270894297e-08	0.637365158691
Primary_T_killer_memory_cells_from_peripheral_blood__H3K27ac	-3.46095294618e-08	9.55845235973e-08	0.641354990257
Fetal_Kidney__H3K4me1	-5.21666782025e-08	1.38586203174e-07	0.646697820008
Primary_Natural_Killer_cells_from_peripheral_blood__H3K4me1	-2.33318089465e-08	6.15367848497e-08	0.647712587102
Vagina_ENTEX__H3K27ac	-1.84406255874e-08	4.84247984682e-08	0.648327712837
Primary_T_helper_memory_cells_from_peripheral_blood_2__H3K4me3	-6.41171009915e-08	1.62752990694e-07	0.653192293667
Lung__H3K36me3	-3.5593130128e-08	8.85889625476e-08	0.656076433752
Brain_Cingulate_Gyrus__H3K4me3	-6.34486291994e-08	1.5661310054e-07	0.657308937136
Colon-Sigm_ENTEX__H3K4me1	-1.00402113847e-07	2.47526230172e-07	0.657489862732
Stomach_ENTEX__H3K4me1	-2.44813372937e-08	5.88518051256e-08	0.661288696712
Primary_T_killer_naive_cells_from_peripheral_blood__H3K9ac	-7.78319560628e-08	1.85437933231e-07	0.662654888646
Heart-Atrial_ENTEX__H3K4me3	-7.16999877964e-08	1.64918806107e-07	0.668131431773
Stomach_Mucosa__H3K4me3	-9.10666717877e-08	2.07964369768e-07	0.669268998697
Pancreatic_Islets__H3K27ac	-6.6514311078e-08	1.50829781433e-07	0.670389607585
Aorta_ENTEX__H3K27ac	-1.3057023834e-08	2.92432676353e-08	0.672380768608
Skeletal_Muscle_Male__H3K9ac	-3.16094889719e-08	6.96547015678e-08	0.675014566162
Foreskin_Melanocyte_Primary_Cells_skin03__H3K4me1	-1.79367692361e-08	3.8899091906e-08	0.677640238897
Placenta_Amnion__H3K27ac	-5.78485348472e-08	1.20876716354e-07	0.683879379699
Pancreatic_Islets__H3K4me3	-1.03080806105e-07	2.13278921123e-07	0.685563795265
Spleen_ENTEX__H3K36me3	-1.54048577551e-08	3.16879317432e-08	0.68656701481
Psoas_Muscle__H3K4me3	-1.07225340167e-07	2.19872726758e-07	0.687108209825
Foreskin_Fibroblast_Primary_Cells_skin02__DNase	-5.54898705852e-08	1.0975263928e-07	0.693427856213
NHEK-Epidermal_Keratinocyte_Primary_Cells__H3K9ac	-4.65088278032e-08	8.90781407052e-08	0.69920406482
Fetal_Thymus__H3K4me1	-1.82199240348e-08	3.44802737258e-08	0.70139463947
Primary_hematopoietic_stem_cells_G-CSF-mobilized_Male__H3K4me3	-6.1497550647e-08	1.15530083864e-07	0.702743542242
Primary_B_cells_from_cord_blood__H3K36me3	-8.13913686061e-08	1.52606231706e-07	0.703101697001
Esoph-Mucosa_ENTEX__H3K4me1	-2.79422782744e-08	5.21974881131e-08	0.703785163739
Primary_T_helper_naive_cells_from_peripheral_blood__H3K9ac	-7.46060140272e-08	1.34520346903e-07	0.71041847375
Fetal_Adrenal_Gland__H3K4me1	-3.36570922323e-08	5.48872645621e-08	0.730129282246
Primary_T_helper_17_cells_PMA-I_stimulated__H3K4me3	-7.15880734197e-08	1.1642648412e-07	0.73068232448
Right_Ventricle__H3K4me3	-1.2435513845e-07	1.99276688357e-07	0.733696893131
Primary_T_helper_cells_from_peripheral_blood__H3K27ac	-4.98674359299e-08	7.93157512334e-08	0.735233960872
Rectal_Mucosa_Donor_29__H3K27ac	-4.84385299123e-08	7.60144821388e-08	0.738011715531
Primary_B_cells_from_peripheral_blood__H3K4me3	-1.38764763788e-07	2.15835279599e-07	0.739861912974
Primary_T_helper_naive_cells_from_peripheral_blood_2__H3K27ac	-4.08826618726e-08	6.3305106907e-08	0.740796701058
Primary_T_helper_cells_from_peripheral_blood__H3K4me3	-1.15547258494e-07	1.76581857982e-07	0.743558507616
Left_Ventricle__H3K4me3	-1.4912277533e-07	2.2520480729e-07	0.746067307382
Foreskin_Fibroblast_Primary_Cells_skin02__H3K4me1	-3.30506416983e-08	4.98389164354e-08	0.746382525136
Vagina_ENTEX__H3K4me3	-1.29214587674e-07	1.85012578746e-07	0.757539507667
Primary_T_helper_memory_cells_from_peripheral_blood_2__H3K27ac	-5.55934583792e-08	7.81098383901e-08	0.761685366919
Primary_T_helper_naive_cells_from_peripheral_blood_2__H3K4me3	-9.85851185772e-08	1.37914479499e-07	0.762642305307
NHEK-Epidermal_Keratinocyte_Primary_Cells__H3K27ac	-4.16079846949e-08	5.79399003019e-08	0.763659326564
skeletal_muscle_ENTEX__H3K4me3	-5.83227301948e-08	7.91831588929e-08	0.769303413241
Prostate_ENTEX__H3K27ac	-4.88859176461e-08	6.5107168874e-08	0.773629456822
Stomach_Mucosa__H3K36me3	-9.80554393906e-08	1.30572718332e-07	0.773662904922
Primary_B_cells_from_peripheral_blood__H3K27ac	-5.82802388604e-08	7.72590038394e-08	0.774680104484
Primary_T_killer_memory_cells_from_peripheral_blood__H3K4me3	-1.23437852476e-07	1.60149109156e-07	0.779577852342
Primary_B_cells_from_cord_blood__H3K4me1	-4.39571971304e-08	5.69839355987e-08	0.779763966491
NHEK-Epidermal_Keratinocyte_Primary_Cells__H3K4me3	-1.03852225482e-07	1.31779243366e-07	0.784674243199
Colonic_Mucosa__H3K9ac	-1.11586666472e-07	1.41517222744e-07	0.784798545525
Primary_mononuclear_cells_from_peripheral_blood__H3K4me3	-1.86811514837e-07	2.29241631396e-07	0.792438356605
HMEC_Mammary_Epithelial_Primary_Cells__H3K27ac	-5.29716949809e-08	6.43417998426e-08	0.794827277915
Primary_hematopoietic_stem_cells_G-CSF-mobilized_Female__DNase	-9.46431337457e-08	1.13850905776e-07	0.797095124221
Primary_neutrophils_from_peripheral_blood__H3K4me1	-2.78669775865e-08	3.29108808524e-08	0.801430126299
Foreskin_Keratinocyte_Primary_Cells_skin02__H3K4me1	-5.89318787346e-08	6.94463529857e-08	0.801946858609
Lung_ENTEX__H3K27ac	-3.73468114349e-08	4.31859520301e-08	0.806423172861
NHEK-Epidermal_Keratinocyte_Primary_Cells__H3K4me1	-4.12875221004e-08	4.69992968719e-08	0.810155931654
HMEC_Mammary_Epithelial_Primary_Cells__H3K9ac	-9.8333818846e-08	1.10661467028e-07	0.812891049791
Primary_hematopoietic_stem_cells__H3K4me3	-1.82186188607e-07	2.04797942744e-07	0.813156943731
Foreskin_Fibroblast_Primary_Cells_skin01__H3K4me1	-3.7201134281e-08	4.17624878714e-08	0.813476045465
Fetal_Thymus__DNase	-8.26387486729e-08	9.23343285437e-08	0.814605079935
Adrenal_gland_ENTEX__H3K27ac	-3.70222441613e-08	4.10517066859e-08	0.816430185575
Primary_T_cells_effector_memory_enriched_from_peripheral_blood__H3K4me3	-1.57184895504e-07	1.73758151487e-07	0.817166321619
Prostate_ENTEX__H3K36me3	-2.71427420565e-07	2.94318615035e-07	0.821793887468
Primary_T_killer_naive_cells_from_peripheral_blood__H3K4me3	-1.64720762638e-07	1.755545582e-07	0.825951827527
Primary_hematopoietic_stem_cells__H3K4me1	-8.90627229912e-08	9.4445092234e-08	0.827162259173
Vagina_ENTEX__H3K36me3	-1.54854844737e-07	1.6408827157e-07	0.827345900223
Primary_hematopoietic_stem_cells_G-CSF-mobilized_Female__H3K4me1	-3.49613803293e-08	3.6619257e-08	0.830142023809
Fetal_Adrenal_Gland__DNase	-1.1412406807e-07	1.18670310588e-07	0.83189736263
Foreskin_Keratinocyte_Primary_Cells_skin03__H3K27ac	-5.75820567825e-08	5.9769037631e-08	0.832328961771
Pancreatic_Islets__H3K36me3	-9.58682672112e-08	9.88465923679e-08	0.833944157301
Pancreas__H3K4me3	-1.88866762765e-07	1.93237672979e-07	0.835809630959
Adrenal_gland_ENTEX__H3K36me3	-4.88643777916e-08	4.97386027097e-08	0.837054401029
Primary_neutrophils_from_peripheral_blood__H3K4me3	-8.45852872869e-08	8.54798607932e-08	0.838799196267
NHLF_Lung_Fibroblast_Primary_Cells__H3K27ac	-8.33548184699e-08	8.34670381172e-08	0.84101920291
Spleen_ENTEX__H3K4me3	-6.44863925357e-08	6.44864147629e-08	0.841344662666
Primary_T_killer_naive_cells_from_peripheral_blood__H3K27ac	-1.1144410257e-07	1.10103824535e-07	0.844272293949
Primary_mononuclear_cells_from_peripheral_blood__H3K27ac	-1.67664403999e-07	1.64553560697e-07	0.84587590488
Foreskin_Fibroblast_Primary_Cells_skin01__H3K27ac	-6.03098552623e-08	5.8758210739e-08	0.847650176027
Liver__H3K36me3	-4.22374579195e-08	4.10329899588e-08	0.848343239099
Thyroid_gland_ENTEX__H3K4me1	-3.38178474661e-08	3.28447760557e-08	0.848407283679
Artery-Tibial_ENTEX__H3K4me1	-1.45761825169e-07	1.40517234027e-07	0.850207434978
Thyroid_gland_ENTEX__H3K27ac	-3.17545671547e-08	3.04627417081e-08	0.851388427599
Pancreas_ENTEX__H3K36me3	-5.37454745105e-08	5.15499842274e-08	0.851430782851
Breast_variant_Human_Mammary_Epithelial_Cells_(vHMEC)__H3K4me3	-2.31258969633e-07	2.21265685365e-07	0.852026453299
Fetal_Lung__H3K4me3	-2.079733238e-07	1.98295038467e-07	0.852866637822
Gastric__DNase	-1.75036369797e-07	1.64446956552e-07	0.856424896572
Breast_Myoepithelial_Primary_Cells__H3K9ac	-1.44784286455e-07	1.35638763768e-07	0.857110149355
Stomach_ENTEX__H3K36me3	-4.99113168015e-08	4.65007008713e-08	0.858441930313
Primary_T_helper_naive_cells_from_peripheral_blood_2__H3K4me1	-5.00354693151e-08	4.6498888634e-08	0.859049188229
Breast_variant_Human_Mammary_Epithelial_Cells_(vHMEC)__H3K4me1	-5.78633529855e-08	5.33187055806e-08	0.8610913212
Heart-Atrial_ENTEX__H3K4me1	-2.28079423203e-07	2.09231811549e-07	0.86216105786
Primary_mononuclear_cells_from_peripheral_blood__H3K36me3	-5.36852006703e-08	4.90383205349e-08	0.863189142312
Primary_T_cells_from_peripheral_blood__H3K4me3	-2.04426544998e-07	1.82523228557e-07	0.868643736504
Primary_Natural_Killer_cells_from_peripheral_blood__H3K27ac	-7.96154812945e-08	7.09829094248e-08	0.868986870532
Primary_T_regulatory_cells_from_peripheral_blood__H3K27ac	-6.3829633641e-08	5.54510792847e-08	0.875154066267
Skeletal_Muscle_Female__H3K9ac	-1.2222401132e-07	1.0530028199e-07	0.877121852186
Primary_T_helper_naive_cells_from_peripheral_blood_1__H3K4me3	-1.69214462205e-07	1.45155734865e-07	0.878141066716
Heart-LV_ENTEX__H3K4me3	-2.03629099776e-07	1.72854906263e-07	0.880608639106
Fetal_Adrenal_Gland__H3K4me3	-2.68992145088e-07	2.27924828644e-07	0.881035527804
Primary_T_cells_from_cord_blood__H3K4me3	-2.58510998034e-07	2.18236006115e-07	0.881901872317
Primary_B_cells_from_peripheral_blood__H3K4me1	-5.00369002428e-08	4.20973232397e-08	0.882701548184
Thyroid_gland_ENTEX__H3K4me3	-1.54977689423e-07	1.27479753309e-07	0.887951214942
Primary_T_helper_memory_cells_from_peripheral_blood_1__H3K4me3	-1.83886729107e-07	1.5015680121e-07	0.889642928466
Primary_T_regulatory_cells_from_peripheral_blood__H3K4me3	-1.48358154475e-07	1.21089417632e-07	0.889749129502
Gastric__H3K4me3	-1.86485414569e-07	1.51212502751e-07	0.891261947975
Fetal_Lung__H3K9ac	-1.91160227933e-07	1.53056152256e-07	0.894159211004
Primary_T_helper_cells_PMA-I_stimulated__H3K4me3	-1.23188361452e-07	9.80690277769e-08	0.895467268064
Primary_hematopoietic_stem_cells_G-CSF-mobilized_Male__H3K4me1	-5.19375658176e-08	4.11200927663e-08	0.89671803265
Primary_B_cells_from_peripheral_blood__DNase	-1.55408640905e-07	1.21803474863e-07	0.899003965552
Primary_hematopoietic_stem_cells_G-CSF-mobilized_Female__H3K27ac	-8.4217449926e-08	6.5438596813e-08	0.900947465093
Primary_T_helper_naive_cells_from_peripheral_blood_1__H3K4me1	-7.32094198563e-08	5.56950303425e-08	0.905655875779
Primary_Natural_Killer_cells_from_peripheral_blood__H3K4me3	-2.6985736748e-07	2.05258380526e-07	0.905698045662
Primary_B_cells_from_cord_blood__H3K4me3	-2.71218833745e-07	2.06195386539e-07	0.905803631099
Fetal_Kidney__H3K9ac	-2.88837034897e-07	2.18808192006e-07	0.906590289096
Primary_T_helper_cells_PMA-I_stimulated__H3K36me3	-7.51394721855e-08	5.62656650271e-08	0.909133962325
Primary_T_cells_from_cord_blood__H3K36me3	-1.47305246488e-07	1.09744778895e-07	0.910242993441
Primary_monocytes_from_peripheral_blood__H3K4me1	-5.31982764732e-08	3.95206893635e-08	0.910862730063
NHEK-Epidermal_Keratinocyte_Primary_Cells__DNase	-1.30910037308e-07	9.64936068272e-08	0.912557047393
Primary_T_helper_memory_cells_from_peripheral_blood_1__H3K27ac	-1.19076014102e-07	8.50682911125e-08	0.919208849049
NHLF_Lung_Fibroblast_Primary_Cells__H3K4me1	-1.27921847472e-07	9.07243900724e-08	0.920730902998
Adrenal_gland_ENTEX__H3K4me1	-7.06148867502e-08	4.94961754404e-08	0.923163000531
Primary_T_regulatory_cells_from_peripheral_blood__H3K4me1	-8.23592974885e-08	5.7453658973e-08	0.924141201615
Spleen__H3K4me1	-9.39361649553e-08	6.55049235002e-08	0.924218452898
Stomach_ENTEX__H3K27ac	-7.24176421479e-08	5.00504591503e-08	0.926036505879
Primary_Natural_Killer_cells_from_peripheral_blood__H3K36me3	-6.56980548103e-08	4.46257394278e-08	0.92951668598
Small_Intestine__H3K36me3	-2.30058125471e-07	1.53948070626e-07	0.932462861624
HMEC_Mammary_Epithelial_Primary_Cells__H3K4me1	-8.31565835844e-08	5.54113867159e-08	0.933285084178
Primary_hematopoietic_stem_cells_G-CSF-mobilized_Male__DNase	-1.9502334776e-07	1.28862518984e-07	0.934913726791
Primary_T_cells_from_peripheral_blood__H3K4me1	-8.78759763042e-08	5.77657045799e-08	0.935901222793
Primary_T_helper_memory_cells_from_peripheral_blood_1__H3K36me3	-1.15506717001e-07	7.47167539247e-08	0.938939013271
Primary_T_helper_naive_cells_from_peripheral_blood_2__H3K36me3	-9.85012072207e-08	6.35847964983e-08	0.939324936532
Prostate_ENTEX__H3K4me3	-3.65423633777e-07	2.35022260226e-07	0.940008732383
Primary_T_killer_naive_cells_from_peripheral_blood__H3K4me1	-7.68105951671e-08	4.91830542246e-08	0.94082406141
Primary_T_helper_naive_cells_from_peripheral_blood_1__H3K27ac	-1.78992121318e-07	1.1338683379e-07	0.942785744114
Esophagus__H3K4me3	-2.93786877048e-07	1.85657325998e-07	0.943222531528
Primary_mononuclear_cells_from_peripheral_blood__H3K4me1	-2.1316077135e-07	1.33149458107e-07	0.945301965737
Primary_T_cells_from_cord_blood__H3K4me1	-1.18935954339e-07	7.42664673593e-08	0.94536421822
Primary_hematopoietic_stem_cells_short_term_culture__H3K4me1	-8.23442142482e-08	5.14130765741e-08	0.945380172772
Primary_T_killer_naive_cells_from_peripheral_blood__H3K36me3	-1.60302827949e-07	9.90262555432e-08	0.947253898546
Primary_Natural_Killer_cells_from_peripheral_blood__DNase	-2.1257776825e-07	1.27647542816e-07	0.952078473247
Primary_monocytes_from_peripheral_blood__H3K27ac	-1.2964826835e-07	7.65694348101e-08	0.954792417622
Primary_neutrophils_from_peripheral_blood__H3K36me3	-4.83859860476e-08	2.80954635911e-08	0.957483283769
Primary_T_killer_memory_cells_from_peripheral_blood__H3K4me1	-1.02805866303e-07	5.94194066855e-08	0.958200334427
Primary_hematopoietic_stem_cells_G-CSF-mobilized_Female__H3K4me3	-2.37028323111e-07	1.36450252941e-07	0.958815620032
Aorta_ENTEX__H3K36me3	-7.37183021829e-08	4.18527823403e-08	0.960912235672
Pancreatic_Islets__H3K9ac	-3.59642703338e-07	2.04083319085e-07	0.960985172876
Primary_T_cells_from_peripheral_blood__H3K27ac	-1.19503104549e-07	6.75009916099e-08	0.96166893238
Primary_T_helper_17_cells_PMA-I_stimulated__H3K27ac	-1.33455268707e-07	7.51624515866e-08	0.962097075313
SI-Term-Ileum_ENTEX__H3K36me3	-2.33855381012e-07	1.3101180642e-07	0.962868912285
Primary_T_regulatory_cells_from_peripheral_blood__H3K36me3	-7.60981687991e-08	4.25877332051e-08	0.963019659338
Pancreas__H3K36me3	-1.49905132388e-07	8.35299325468e-08	0.9636434832
Primary_T_cells_effector_memory_enriched_from_peripheral_blood__H3K36me3	-1.12957928287e-07	6.25519811853e-08	0.96452715652
Primary_T_cells_from_cord_blood__DNase	-3.20989362023e-07	1.74035846166e-07	0.967436582011
Primary_T_helper_cells_from_peripheral_blood__H3K36me3	-9.79726073297e-08	5.15250489819e-08	0.971378836869
Primary_monocytes_from_peripheral_blood__H3K4me3	-3.7323107006e-07	1.94100957216e-07	0.97275186346
Testis_ENTEX__H3K36me3	-3.72368118237e-07	1.9357526647e-07	0.972799811842
Primary_T_cells_effector_memory_enriched_from_peripheral_blood__H3K27ac	-1.48880170919e-07	7.68467651225e-08	0.973649579648
Primary_T_helper_cells_from_peripheral_blood__H3K4me1	-9.10340331646e-08	4.69102390195e-08	0.973846623125
Primary_T_cells_effector_memory_enriched_from_peripheral_blood__H3K4me1	-1.54819753621e-07	7.8761579613e-08	0.975331980603
Primary_T_helper_cells_PMA-I_stimulated__H3K4me1	-8.09377483225e-08	4.04803541437e-08	0.977219227658
Primary_mononuclear_cells_from_peripheral_blood__H3K9ac	-2.56719764008e-07	1.26785116159e-07	0.978558178599
Primary_T_killer_memory_cells_from_peripheral_blood__H3K36me3	-1.66744874866e-07	8.1141311088e-08	0.980060188493
Breast_variant_Human_Mammary_Epithelial_Cells_(vHMEC)__DNase	-2.27072751862e-07	1.09438330036e-07	0.981001742747
Primary_T_cells_from_peripheral_blood__H3K36me3	-1.03275400597e-07	4.97217100528e-08	0.981102383971
Primary_T_helper_memory_cells_from_peripheral_blood_2__H3K36me3	-2.09705862952e-07	9.83247600337e-08	0.983528937222
Primary_T_helper_17_cells_PMA-I_stimulated__H3K36me3	-1.24168913049e-07	5.81340159145e-08	0.983656545673
Primary_T_helper_17_cells_PMA-I_stimulated__H3K4me1	-1.16144302768e-07	5.42930518653e-08	0.983790714846
Primary_T_helper_cells_PMA-I_stimulated__H3K27ac	-9.3350146967e-08	4.35547815776e-08	0.983954739503
Primary_T_cells_from_peripheral_blood__DNase	-2.32655609539e-07	1.07214701571e-07	0.984996473558
Primary_T_helper_naive_cells_from_peripheral_blood_1__H3K36me3	-1.74139146244e-07	7.96824395767e-08	0.985570759876
Lung__H3K4me3	-4.71064950664e-07	2.13111389664e-07	0.986461868172
Primary_T_helper_memory_cells_from_peripheral_blood_1__H3K4me1	-1.03430745383e-07	4.65619678664e-08	0.986836598768
Pancreas_ENTEX__H3K4me3	-2.84180534964e-07	1.25422983821e-07	0.988267485462
Skin_tissue_ENTEX__H3K4me3	-3.66553389968e-07	1.58231611335e-07	0.989736207256
Primary_monocytes_from_peripheral_blood__DNase	-3.30592292566e-07	1.41393774797e-07	0.990308879102
Primary_hematopoietic_stem_cells_short_term_culture__H3K4me3	-3.72236091019e-07	1.55328203167e-07	0.991722597639
Spleen_ENTEX__H3K4me1	-2.89546418182e-07	1.20062384457e-07	0.99205937258
Lung_ENTEX__H3K4me3	-5.0282681559e-07	1.96511859874e-07	0.994747698165
Spleen_ENTEX__H3K27ac	-8.21927585523e-08	3.19002187013e-08	0.995010524553
Primary_T_helper_memory_cells_from_peripheral_blood_2__H3K4me1	-1.17389622122e-07	4.47484432375e-08	0.995646166662
Spleen__H3K27ac	-1.85612995036e-07	6.76423125118e-08	0.996965563328
