Name	Coefficient	Coefficient_std_error	Coefficient_P_value
Fetal_Brain_Female__H3K4me3	1.38640823093e-06	2.83055452732e-07	4.84062347802e-07
Brain_Germinal_Matrix__H3K4me3	1.42351364511e-06	3.09377320398e-07	2.1001002104e-06
Cortex_derived_primary_cultured_neurospheres__H3K4me3	1.27670957806e-06	2.80221098913e-07	2.60586203863e-06
Ganglion_Eminence_derived_primary_cultured_neurospheres__H3K4me3	1.01562178285e-06	2.23527432361e-07	2.76492840643e-06
Artery-Coronary_ENTEX__H3K27ac	2.31291968786e-07	5.59284799604e-08	1.77094894037e-05
Fetal_Brain_Male__H3K4me1	2.97724260293e-07	7.4838811279e-08	3.47184985717e-05
Artery-Coronary_ENTEX__H3K4me3	4.46793418376e-07	1.13938921052e-07	4.40286828783e-05
Fetal_Brain_Female__DNase	5.90545755407e-07	1.51835891722e-07	5.02526763785e-05
Fetal_Brain_Female__H3K4me1	4.50080067275e-07	1.20093110847e-07	8.92106913644e-05
Fetal_Intestine_Large__H3K36me3	2.00229928078e-07	5.94212262109e-08	0.000376291154886
Nerve-Tibial_ENTEX__H3K4me1	1.7819822343e-07	5.53497214768e-08	0.000642080092599
Nerve-Tibial_ENTEX__H3K27ac	1.13001566101e-07	3.75960502022e-08	0.00132495360003
Cortex_derived_primary_cultured_neurospheres__H3K36me3	3.88267041939e-07	1.29314289929e-07	0.0013388297148
Aorta__H3K4me3	9.05699967447e-07	3.03289730779e-07	0.00141209291052
Cortex_derived_primary_cultured_neurospheres__H3K4me1	1.86891437407e-07	6.30832863777e-08	0.00152519336355
Fetal_Brain_Male__DNase	4.24968507392e-07	1.44163243252e-07	0.00160007307694
NHLF_Lung_Fibroblast_Primary_Cells__DNase	4.3323675814e-07	1.50555722236e-07	0.00200366515021
Brain_Germinal_Matrix__H3K4me1	3.62900344421e-07	1.28734474425e-07	0.00240880059153
Fetal_Brain_Female__H3K36me3	3.96575073283e-07	1.43114154506e-07	0.00279387651047
Fetal_Muscle_Leg__H3K36me3	1.92503138245e-07	7.00861142991e-08	0.00301022170154
Brain_Angular_Gyrus__H3K4me3	6.65853011306e-07	2.48829723213e-07	0.00372601702418
Fetal_Muscle_Trunk__H3K36me3	2.14032979674e-07	8.09476503658e-08	0.00409552770538
Brain_Germinal_Matrix__H3K36me3	5.03982370554e-07	1.91261233278e-07	0.0042062796338
Brain_Hippocampus_Middle__H3K4me3	4.76951584527e-07	1.84272450126e-07	0.00482260758136
Aorta_ENTEX__H3K4me3	2.41610979218e-07	9.68516504304e-08	0.00630406947923
Ganglion_Eminence_derived_primary_cultured_neurospheres__H3K4me1	2.27935312376e-07	9.17092506562e-08	0.00647007081341
Brain_Inferior_Temporal_Lobe__H3K4me3	4.93300245536e-07	1.99862108502e-07	0.00678966529216
Brain_Cingulate_Gyrus__H3K9ac	4.81698688091e-07	1.96100648898e-07	0.00701713606454
Brain_Angular_Gyrus__H3K27ac	1.84513523713e-07	7.62052507138e-08	0.00773318231683
Aorta_ENTEX__H3K27ac	8.30015681703e-08	3.4910425186e-08	0.00871384591294
Fetal_Stomach__H3K36me3	1.32512772716e-07	5.57869967978e-08	0.00876652886461
Fetal_Lung__H3K4me1	1.23602806824e-07	5.34895997348e-08	0.0104224482911
Brain_Dorsolateral_Prefrontal_Cortex__H3K27ac	1.87762362794e-07	8.19271055291e-08	0.0109579512934
Brain_Inferior_Temporal_Lobe__H3K27ac	1.28912587046e-07	5.64357909752e-08	0.0111788732442
Aorta_ENTEX__H3K4me1	8.07237381654e-08	3.54489691716e-08	0.0113876935491
Aorta__H3K4me1	3.60287471867e-07	1.6106568315e-07	0.0126465102805
Fetal_Brain_Male__H3K4me3	1.0566476197e-06	4.85071169315e-07	0.0146905438732
Ganglion_Eminence_derived_primary_cultured_neurospheres__H3K36me3	2.54112687442e-07	1.17305154579e-07	0.0151459150931
Fetal_Thymus__H3K36me3	1.0668492157e-07	5.06543842902e-08	0.0175963566087
Brain_Anterior_Caudate__H3K9ac	3.74383418636e-07	1.79453735841e-07	0.0184784804283
Fetal_Stomach__H3K4me1	1.21043958891e-07	5.82979934082e-08	0.0189332373191
Brain_Cingulate_Gyrus__H3K27ac	1.40323692612e-07	6.82182932678e-08	0.0198440553189
Brain_Cingulate_Gyrus__H3K4me3	5.25441392495e-07	2.55497755582e-07	0.0198652402107
Brain_Hippocampus_Middle__H3K27ac	1.29079606308e-07	6.32875193833e-08	0.0206963654632
NHDF-Ad_Adult_Dermal_Fibroblast_Primary_Cells__DNase	2.79176742081e-07	1.3744145244e-07	0.0211152659596
Brain_Inferior_Temporal_Lobe__H3K4me1	1.71826001336e-07	8.59314872963e-08	0.0227733723343
Right_Atrium__H3K4me3	4.54384394291e-07	2.27525796702e-07	0.0229089205948
Fetal_Heart__DNase	1.7896861316e-07	8.9789116291e-08	0.023119198606
Nerve-Tibial_ENTEX__H3K4me3	4.19513251175e-07	2.14891228088e-07	0.0254565153385
Brain_Angular_Gyrus__H3K4me1	1.49976303112e-07	7.77665920703e-08	0.0268937415829
Brain_Dorsolateral_Prefrontal_Cortex__H3K9ac	5.07072064868e-07	2.63193979698e-07	0.0270141466728
Foreskin_Fibroblast_Primary_Cells_skin01__H3K4me3	2.37202905924e-07	1.25781838587e-07	0.0296590720719
Brain_Anterior_Caudate__H3K4me3	3.6211692022e-07	1.9371618192e-07	0.0307893735943
Brain_Cingulate_Gyrus__H3K4me1	1.29520774703e-07	7.00152656749e-08	0.0321644609303
Brain_Angular_Gyrus__H3K9ac	3.55870124675e-07	1.93221206657e-07	0.0327539823822
Fetal_Muscle_Leg__H3K4me3	4.82339934157e-07	2.63600122871e-07	0.0336386686551
Foreskin_Fibroblast_Primary_Cells_skin02__H3K4me3	1.49700273165e-07	8.20481056241e-08	0.0340350326111
Fetal_Lung__H3K36me3	1.06423075178e-07	5.86998049289e-08	0.0349154786421
Fetal_Intestine_Small__H3K36me3	8.27122490044e-08	4.58431145604e-08	0.0355963875848
Brain_Inferior_Temporal_Lobe__H3K9ac	2.95645659606e-07	1.64655562143e-07	0.0362838472496
Placenta__H3K36me3	1.4325544895e-07	8.05400634009e-08	0.037645662745
Brain_Substantia_Nigra__H3K27ac	1.0192076788e-07	5.747077094e-08	0.0380781954411
Brain_Anterior_Caudate__H3K27ac	1.16756504919e-07	6.62153725863e-08	0.0389263039315
Aorta__H3K27ac	1.49949154332e-07	8.61436750359e-08	0.0408692504302
Brain_Substantia_Nigra__H3K4me3	3.68424068414e-07	2.12335937826e-07	0.041361554379
Fetal_Muscle_Trunk__H3K27ac	1.62320376652e-07	9.43954537148e-08	0.0427545590099
Brain_Dorsolateral_Prefrontal_Cortex__H3K36me3	2.01665307731e-07	1.17563556413e-07	0.0431384644724
Brain_Dorsolateral_Prefrontal_Cortex__H3K4me3	4.56440973425e-07	2.6747738983e-07	0.0439607098213
Fetal_Muscle_Leg__H3K27ac	1.22925150548e-07	7.30562136533e-08	0.0462252610198
Fetal_Muscle_Leg__DNase	1.86736774564e-07	1.12080705749e-07	0.0478475393108
Fetal_Stomach__H3K4me3	4.30424552295e-07	2.73947695931e-07	0.0580689763144
Artery-Tibial_ENTEX__H3K4me1	2.62371033322e-07	1.73223648634e-07	0.0649321156205
Heart-Atrial_ENTEX__H3K4me3	3.57139927963e-07	2.37786123803e-07	0.0665566081928
Fetal_Adrenal_Gland__H3K36me3	8.32518895605e-08	5.61491135914e-08	0.0690780168591
Osteoblast_Primary_Cells__H3K4me1	8.65183268706e-08	5.84347776267e-08	0.069357065128
Brain_Hippocampus_Middle__H3K4me1	7.50509660336e-08	5.0770083159e-08	0.0696701989107
Brain_Hippocampus_Middle__H3K36me3	1.43938957665e-07	9.79563361576e-08	0.0708595108066
Brain_Anterior_Caudate__H3K4me1	1.06508344247e-07	7.39108247797e-08	0.0747869028468
Esoph-GJ_ENTEX__H3K4me1	9.37816610931e-08	6.52157620128e-08	0.0752139918
Thymus__H3K4me1	1.13783707818e-07	8.07005246619e-08	0.0792772180203
Brain_Dorsolateral_Prefrontal_Cortex__H3K4me1	1.34588452272e-07	9.59504406985e-08	0.080355072199
Foreskin_Melanocyte_Primary_Cells_skin01__H3K4me1	1.96200886454e-07	1.48098601354e-07	0.0926189049183
Testis_ENTEX__H3K4me3	1.60903199273e-07	1.22011689153e-07	0.0936259630016
Brain_Substantia_Nigra__H3K36me3	2.33720980367e-07	1.79826772484e-07	0.0968517868128
Right_Atrium__H3K4me1	1.40571640034e-07	1.10310723797e-07	0.101274247351
Brain_Anterior_Caudate__H3K36me3	1.29395139756e-07	1.02008020255e-07	0.102313283384
Thyroid_gland_ENTEX__H3K36me3	1.58868241979e-07	1.28989481974e-07	0.109042322698
Osteoblast_Primary_Cells__H3K27ac	8.64491911555e-08	7.04135530597e-08	0.10977321134
Foreskin_Melanocyte_Primary_Cells_skin03__H3K4me1	5.73171469571e-08	4.7095235562e-08	0.111793038578
Fetal_Heart__H3K9ac	1.00186041672e-07	8.25801516687e-08	0.112527141081
Placenta_Amnion__H3K36me3	9.32514865811e-08	7.8687944628e-08	0.117992966312
Fetal_Muscle_Trunk__H3K4me3	3.37424040884e-07	2.88205094844e-07	0.120844111724
Colon_Smooth_Muscle__H3K4me1	7.35990963132e-08	6.33625065607e-08	0.122707942561
Foreskin_Melanocyte_Primary_Cells_skin01__H3K4me3	3.28472404319e-07	2.83571748342e-07	0.12336272505
Brain_Cingulate_Gyrus__H3K36me3	1.34134317701e-07	1.16486429476e-07	0.124762954966
Osteoblast_Primary_Cells__H3K4me3	2.55919370454e-07	2.2283840144e-07	0.125390858201
Fetal_Muscle_Trunk__DNase	1.39756060663e-07	1.22318415969e-07	0.126610777222
Right_Ventricle__H3K4me3	2.72604194718e-07	2.42030946114e-07	0.130015135459
Right_Atrium__H3K27ac	1.14001235528e-07	1.02325760002e-07	0.132617921499
Foreskin_Melanocyte_Primary_Cells_skin03__H3K4me3	2.48242304384e-07	2.23943019396e-07	0.133821555434
Liver__H3K4me1	5.55690658578e-08	5.08351209606e-08	0.137169787454
Brain_Substantia_Nigra__H3K9ac	2.00268149658e-07	1.8648353236e-07	0.14142956424
Placenta__DNase	1.02811067443e-07	9.61657180308e-08	0.142511607048
Brain_Inferior_Temporal_Lobe__H3K36me3	1.13734724506e-07	1.07092276077e-07	0.144112062
Stomach_Smooth_Muscle__H3K4me1	7.43738532883e-08	7.31882638686e-08	0.154767274843
Artery-Tibial_ENTEX__H3K36me3	6.99966387576e-08	7.05156801863e-08	0.160442871219
Brain_Substantia_Nigra__H3K4me1	6.02121398186e-08	6.13196003464e-08	0.163064818761
Rectal_Smooth_Muscle__H3K4me1	8.24775358279e-08	8.43817242188e-08	0.16417725789
Rectal_Smooth_Muscle__H3K27ac	6.59595378262e-08	6.82731754567e-08	0.166994056544
Foreskin_Melanocyte_Primary_Cells_skin01__DNase	9.45107252424e-08	9.8122511345e-08	0.167725826563
Colon_Smooth_Muscle__H3K4me3	1.46498965185e-07	1.54130764274e-07	0.170932959606
Brain_Angular_Gyrus__H3K36me3	1.08088611041e-07	1.14229208069e-07	0.172012279093
Fetal_Lung__DNase	9.78547186846e-08	1.04705018554e-07	0.175003619975
Pancreatic_Islets__H3K4me1	6.47409222478e-08	6.97573366352e-08	0.176681054069
Duodenum_Smooth_Muscle__H3K27ac	1.12712957428e-07	1.22262392076e-07	0.178291952166
Osteoblast_Primary_Cells__H3K36me3	4.19434510314e-08	4.59586475809e-08	0.180717380562
Small_Intestine__H3K4me1	1.14764775303e-07	1.27516548005e-07	0.184060371368
Left_Ventricle__H3K4me3	2.30661948067e-07	2.57380609656e-07	0.185075627585
Ovary__H3K4me1	7.62655309654e-08	8.61333640874e-08	0.187960919358
Adipose_Nuclei__H3K27ac	4.92314583574e-08	5.62132453152e-08	0.190569877805
NHDF-Ad_Adult_Dermal_Fibroblast_Primary_Cells__H3K27ac	1.15134701253e-07	1.32022638206e-07	0.191581543875
NHDF-Ad_Adult_Dermal_Fibroblast_Primary_Cells__H3K9ac	2.01369179789e-07	2.31491914409e-07	0.192184181565
Fetal_Muscle_Leg__H3K4me1	5.30282068488e-08	6.12319332173e-08	0.19323902368
Rectal_Smooth_Muscle__H3K4me3	1.74176260589e-07	2.0121617559e-07	0.193349953622
Esoph-Mucosa_ENTEX__H3K36me3	9.03732285238e-08	1.05311963285e-07	0.195405430718
Esoph-Muscularis_ENTEX__H3K27ac	6.62575437134e-08	7.7229043905e-08	0.195464021145
Stomach_Smooth_Muscle__H3K27ac	5.20838875333e-08	6.14430266081e-08	0.198308726028
Stomach_Smooth_Muscle__H3K4me3	1.11433862656e-07	1.35445005304e-07	0.205332469183
Fetal_Heart__H3K4me3	1.01984863719e-07	1.25359341426e-07	0.207954203826
NHLF_Lung_Fibroblast_Primary_Cells__H3K4me3	2.55567944173e-07	3.17221526754e-07	0.210223778807
Adrenal_gland_ENTEX__H3K36me3	4.62297306753e-08	5.78268032246e-08	0.212014298701
Colonic_Mucosa__H3K36me3	8.66704247252e-08	1.10209750371e-07	0.215812667197
Thymus__H3K36me3	9.91784492728e-08	1.26967708174e-07	0.217362641103
Duodenum_Mucosa__H3K36me3	5.05528529983e-08	6.47647618397e-08	0.217530342555
Fetal_Kidney__H3K4me1	1.36773490035e-07	1.76626508453e-07	0.219357313826
Pancreas_ENTEX__H3K36me3	4.26384459562e-08	5.59740519856e-08	0.223103483958
NHLF_Lung_Fibroblast_Primary_Cells__H3K4me1	8.94980136342e-08	1.17866151373e-07	0.223830863409
Placenta_Amnion__H3K4me1	4.48336893015e-08	5.94729688004e-08	0.22546968991
Foreskin_Fibroblast_Primary_Cells_skin02__H3K27ac	6.22839605908e-08	8.51059852493e-08	0.232133128796
Heart-Atrial_ENTEX__H3K27ac	3.59487393183e-08	4.91364872875e-08	0.232203359613
Fetal_Heart__H3K4me1	3.26768035203e-08	4.48453679924e-08	0.233106349913
Esoph-GJ_ENTEX__H3K27ac	5.44832284347e-08	7.51696216322e-08	0.234286197899
Colon-Sigm_ENTEX__H3K4me3	2.44174175585e-07	3.409853292e-07	0.236969707757
NHLF_Lung_Fibroblast_Primary_Cells__H3K27ac	7.7558579493e-08	1.08865413732e-07	0.238100429708
liver_ENTEX__H3K27ac	3.13263036379e-08	4.42967277516e-08	0.239723499514
Fetal_Stomach__H3K27ac	4.93429086055e-08	7.18950875072e-08	0.246256230443
Foreskin_Fibroblast_Primary_Cells_skin02__DNase	8.69893828782e-08	1.30434238739e-07	0.252411175862
Thymus__H3K4me3	1.67696600117e-07	2.65638193543e-07	0.263923167359
Colon-Sigm_ENTEX__H3K27ac	4.98727713633e-08	8.10168309896e-08	0.26908412314
Duodenum_Smooth_Muscle__H3K4me1	5.93818829585e-08	9.70902287004e-08	0.270396110072
NHDF-Ad_Adult_Dermal_Fibroblast_Primary_Cells__H3K4me3	1.58214767528e-07	2.61534423159e-07	0.272606721707
Placenta__H3K4me1	3.79568790399e-08	6.30771586011e-08	0.273669231645
Primary_monocytes_from_peripheral_blood__H3K36me3	2.71914507053e-08	4.53124910151e-08	0.274224025682
NHLF_Lung_Fibroblast_Primary_Cells__H3K36me3	1.08444708089e-07	1.81137669383e-07	0.274690923975
Pancreatic_Islets__H3K36me3	6.72218863572e-08	1.14451911874e-07	0.278488569621
Ovary__H3K4me3	1.4033743596e-07	2.40084233e-07	0.279430494125
Sigmoid_Colon__H3K4me1	9.68775709028e-08	1.66628690431e-07	0.280486155818
Foreskin_Keratinocyte_Primary_Cells_skin02__H3K36me3	4.70354600558e-08	8.13552138e-08	0.281581661891
Placenta__H3K27ac	2.723409516e-08	4.74155619066e-08	0.28285859009
Foreskin_Fibroblast_Primary_Cells_skin01__DNase	7.88777666524e-08	1.39831119941e-07	0.286345394798
Colon-TV_ENTEX__H3K36me3	5.02138453915e-08	8.93230572778e-08	0.287003522984
Breast_Myoepithelial_Primary_Cells__H3K4me1	2.63570349993e-08	4.70646361685e-08	0.287733641058
NHDF-Ad_Adult_Dermal_Fibroblast_Primary_Cells__H3K36me3	9.92967142412e-08	1.78804816892e-07	0.289332501496
Nerve-Tibial_ENTEX__H3K36me3	4.38218599131e-08	7.97408273097e-08	0.291312790561
Lung__H3K4me1	4.42606826925e-08	8.39068673152e-08	0.298923993495
Ovary__H3K27ac	5.7507503682e-08	1.0952852635e-07	0.299775641624
NHLF_Lung_Fibroblast_Primary_Cells__H3K9ac	1.56070668486e-07	2.97366199171e-07	0.299846050909
Fetal_Heart__H3K36me3	1.01475121691e-07	2.09782575139e-07	0.314293830612
NHDF-Ad_Adult_Dermal_Fibroblast_Primary_Cells__H3K4me1	4.05472710727e-08	8.41391020859e-08	0.314935800575
Rectal_Smooth_Muscle__H3K36me3	8.48586431508e-08	1.92417431615e-07	0.329601690527
Colon_Smooth_Muscle__H3K9ac	6.18890513557e-08	1.45122943218e-07	0.334886542814
Right_Ventricle__H3K4me1	3.46144790886e-08	8.2311319172e-08	0.337048715362
Adipose_Nuclei__H3K36me3	3.55049244382e-08	8.73977532123e-08	0.342281194753
Sigmoid_Colon__H3K36me3	4.36577472478e-08	1.10506855988e-07	0.346396269769
Adrenal_gland_ENTEX__H3K4me3	5.58542447809e-08	1.50440947226e-07	0.355218135196
Colon-Sigm_ENTEX__H3K36me3	3.52747856e-08	9.70692432916e-08	0.358153733439
Foreskin_Melanocyte_Primary_Cells_skin03__H3K27ac	2.96530900603e-08	8.43017431188e-08	0.362513093505
Foreskin_Melanocyte_Primary_Cells_skin01__H3K36me3	4.12350928943e-08	1.24094427832e-07	0.369835888983
Heart-Atrial_ENTEX__H3K36me3	2.39701265313e-08	7.28253057911e-08	0.371022832083
Esoph-Muscularis_ENTEX__H3K4me1	1.75688874277e-08	5.39508326096e-08	0.372345999985
Rectal_Smooth_Muscle__H3K9ac	8.38327873926e-08	2.72257302085e-07	0.379072555224
Liver__H3K27ac	1.65236422193e-08	5.61494138748e-08	0.384272026675
Psoas_Muscle__H3K4me3	8.09359110765e-08	2.87370124708e-07	0.389108463031
Fetal_Kidney__H3K36me3	6.85684953444e-08	2.55415711565e-07	0.394173242817
Primary_hematopoietic_stem_cells_G-CSF-mobilized_Male__H3K36me3	1.11228094239e-08	4.54004378949e-08	0.403230755651
liver_ENTEX__H3K36me3	1.63808663133e-08	7.20782685318e-08	0.410108850974
Primary_neutrophils_from_peripheral_blood__H3K4me3	2.3766705704e-08	1.10401947347e-07	0.414776719448
Left_Ventricle__H3K4me1	1.46177758151e-08	7.61503331632e-08	0.423886985756
liver_ENTEX__H3K4me3	1.78300032825e-08	1.21360728768e-07	0.441598607082
Left_Ventricle__H3K27ac	8.62464371313e-09	6.12484457415e-08	0.444008408708
Foreskin_Fibroblast_Primary_Cells_skin02__H3K4me1	7.53108108361e-09	6.16164352756e-08	0.451360334946
Fetal_Brain_Male__H3K36me3	3.1112489061e-08	2.57016441573e-07	0.451824716301
Fetal_Thymus__H3K27ac	7.29954953925e-09	6.18676610961e-08	0.453039172542
Primary_neutrophils_from_peripheral_blood__H3K36me3	3.73246227878e-09	3.23057094032e-08	0.454010268489
Colon_Smooth_Muscle__H3K27ac	6.04459920058e-09	5.7466808589e-08	0.458114831379
Primary_hematopoietic_stem_cells_G-CSF-mobilized_Female__H3K36me3	4.9882667836e-09	4.97707350662e-08	0.460082890386
Adipose_Nuclei__H3K4me1	7.0331393572e-09	7.2281346521e-08	0.461243175239
Placenta_Amnion__H3K4me3	2.95334184506e-08	3.12030497309e-07	0.462296758176
Uterus_ENTEX__H3K4me3	2.81328100781e-08	3.04329242024e-07	0.46317342734
Primary_T_killer_naive_cells_from_peripheral_blood__H3K9ac	1.73568068148e-08	2.16793448041e-07	0.468094174831
Stomach_Mucosa__H3K36me3	1.21747071176e-08	1.67834305896e-07	0.47108607138
Foreskin_Fibroblast_Primary_Cells_skin02__H3K36me3	4.66082578115e-09	6.63431171984e-08	0.471996008719
Small_Intestine__H3K27ac	5.75508182711e-09	1.07365874659e-07	0.478625922943
Foreskin_Melanocyte_Primary_Cells_skin03__H3K36me3	2.26993816847e-09	4.31323363147e-08	0.479014434591
Psoas_Muscle__H3K4me1	3.37698868454e-09	1.00775987192e-07	0.48663400368
Fetal_Intestine_Small__H3K4me3	3.00187816253e-09	2.03819635315e-07	0.494124546326
Esoph-Mucosa_ENTEX__H3K27ac	7.46720146412e-10	7.00979143306e-08	0.4957503357
Stomach_Mucosa__H3K9ac	9.1747811328e-10	1.43039788312e-07	0.497441143438
Fetal_Muscle_Trunk__H3K4me1	-4.70051040162e-10	5.62360246086e-08	0.503334536032
Stomach_Mucosa__H3K4me1	-4.96259746786e-10	4.75491707014e-08	0.50416359314
Primary_hematopoietic_stem_cells_short_term_culture__H3K36me3	-6.47297609789e-10	5.79012291684e-08	0.504459819065
Foreskin_Fibroblast_Primary_Cells_skin01__H3K36me3	-8.72820009529e-10	5.17294928355e-08	0.506730943314
Fetal_Kidney__DNase	-2.70525812431e-09	1.50703240997e-07	0.507160986581
Fetal_Adrenal_Gland__H3K27ac	-1.04848717942e-09	5.65767397389e-08	0.507392824805
Testis_ENTEX__H3K27ac	-1.33150569887e-09	4.16247169807e-08	0.512759326219
Ovary__H3K36me3	-2.99059173961e-09	8.50831717463e-08	0.514019551042
Aorta_ENTEX__H3K36me3	-2.750989749e-09	5.72930485697e-08	0.519148301221
Heart-Atrial_ENTEX__H3K4me1	-1.34364517362e-08	2.53132142561e-07	0.521166227662
Spleen__H3K4me3	-8.45583293698e-09	1.35675046967e-07	0.524847654344
Fetal_Intestine_Large__H3K4me3	-1.58097772225e-08	1.99836519004e-07	0.531528848584
Sigmoid_Colon__H3K4me3	-2.67429119947e-08	2.88708804907e-07	0.536900991178
Ovary__DNase	-1.31264811561e-08	1.28108583424e-07	0.540805693074
Primary_hematopoietic_stem_cells__H3K36me3	-1.1735726382e-08	1.13685817661e-07	0.541109573292
Rectal_Mucosa_Donor_31__H3K36me3	-9.26455931686e-09	8.47421258275e-08	0.543528232409
liver_ENTEX__H3K4me1	-2.38091276438e-08	2.01657214534e-07	0.546992842922
Fetal_Intestine_Small__H3K4me1	-6.44248173669e-09	5.43087639875e-08	0.547214534017
Fetal_Thymus__H3K4me1	-5.1994896329e-09	4.03620110415e-08	0.551250502927
Primary_T_killer_memory_cells_from_peripheral_blood__H3K27ac	-2.1583791889e-08	1.49558333592e-07	0.557374874727
Skeletal_Muscle_Female__H3K27ac	-8.55976023272e-09	5.39130705978e-08	0.56307482583
Colon_Smooth_Muscle__H3K36me3	-1.78187646438e-08	1.05345144879e-07	0.567159302761
Breast_Myoepithelial_Primary_Cells__H3K36me3	-9.02936099983e-09	4.97459127728e-08	0.572016202838
Primary_neutrophils_from_peripheral_blood__H3K4me1	-8.01503624852e-09	4.05694162777e-08	0.5783067063
Stomach_Smooth_Muscle__H3K36me3	-1.9820110273e-08	9.84632377708e-08	0.579765856712
Stomach_Smooth_Muscle__H3K9ac	-3.9554444526e-08	1.938022476e-07	0.580861124865
Colon-TV_ENTEX__H3K4me1	-3.50416552467e-08	1.61977660736e-07	0.585637210084
Lung_ENTEX__H3K36me3	-1.35736168724e-08	6.13425422775e-08	0.587561133528
Adipose_Nuclei__H3K9ac	-3.89665473021e-08	1.65868163714e-07	0.592866454677
Right_Ventricle__H3K27ac	-1.79619289442e-08	7.48585033477e-08	0.59481358039
Rectal_Mucosa_Donor_29__H3K36me3	-2.24152944223e-08	9.12799842104e-08	0.59699103769
Aorta__H3K36me3	-5.39648726843e-08	2.13741259757e-07	0.599664023255
Mammary_ENTEX__H3K27ac	-1.66048460372e-08	6.1894287807e-08	0.605757145703
HMEC_Mammary_Epithelial_Primary_Cells__H3K4me3	-6.31169751459e-08	2.34009321742e-07	0.606312132161
Adrenal_gland_ENTEX__H3K27ac	-1.46980174164e-08	5.44731154572e-08	0.606351207098
Mammary_ENTEX__H3K36me3	-1.56920405469e-08	5.69240988187e-08	0.608597706885
Pancreatic_Islets__H3K4me3	-8.25084572736e-08	2.95311726007e-07	0.610028935095
Fetal_Adrenal_Gland__H3K4me1	-1.86517790898e-08	6.3552030886e-08	0.615425538914
Foreskin_Keratinocyte_Primary_Cells_skin02__H3K4me3	-5.70856065621e-08	1.94189503716e-07	0.615609031686
Prostate_ENTEX__H3K4me3	-9.76535177628e-08	3.20949824066e-07	0.619536663269
Fetal_Intestine_Large__H3K27ac	-1.77663558079e-08	5.77475249682e-08	0.620827837916
Small_Intestine__H3K36me3	-6.09916632877e-08	1.82274359384e-07	0.63104208796
Fetal_Intestine_Large__H3K4me1	-1.81958302689e-08	5.20276035969e-08	0.636730892845
Vagina_ENTEX__H3K4me3	-8.4983121218e-08	2.42058404309e-07	0.637237781388
Foreskin_Keratinocyte_Primary_Cells_skin03__H3K36me3	-1.34084362689e-08	3.81112437561e-08	0.637514733457
Primary_hematopoietic_stem_cells_G-CSF-mobilized_Female__H3K4me3	-6.88346964987e-08	1.90285456315e-07	0.641228474402
Spleen_ENTEX__H3K4me3	-3.55112428976e-08	9.79330102194e-08	0.64155094234
Placenta__H3K4me3	-8.47844726311e-08	2.32848832208e-07	0.642115086519
Stomach_ENTEX__H3K27ac	-2.00665284904e-08	5.35982504191e-08	0.645942073046
Thyroid_gland_ENTEX__H3K27ac	-1.67544517478e-08	4.33668048298e-08	0.650378587678
Thymus__H3K27ac	-5.44141734908e-08	1.40752883538e-07	0.650471476715
Breast_Myoepithelial_Primary_Cells__H3K4me3	-7.2645923112e-08	1.85681699174e-07	0.65218970997
Right_Atrium__H3K36me3	-6.32909604758e-08	1.59038151033e-07	0.654670484004
Right_Ventricle__H3K36me3	-3.43212000245e-08	8.49108111981e-08	0.656968256182
Stomach_ENTEX__H3K4me1	-2.73040484595e-08	6.72555153931e-08	0.657619463869
Foreskin_Melanocyte_Primary_Cells_skin01__H3K27ac	-7.02122256592e-08	1.72943116532e-07	0.657623007425
Duodenum_Mucosa__H3K4me1	-2.88092692313e-08	7.02153688021e-08	0.659206549475
Colonic_Mucosa__H3K4me3	-8.73635350902e-08	2.04010545954e-07	0.665758338244
Psoas_Muscle__H3K27ac	-4.08783518235e-08	9.47610815037e-08	0.666905169136
SI-Term-Ileum_ENTEX__H3K4me3	-8.123900703e-08	1.87312258139e-07	0.667750104925
Pancreas__H3K4me1	-3.56137334203e-08	7.91928975925e-08	0.673539744017
Heart-LV_ENTEX__H3K4me3	-8.75617455389e-08	1.93577229423e-07	0.674486147688
HMEC_Mammary_Epithelial_Primary_Cells__H3K36me3	-3.93626814556e-08	8.52007216575e-08	0.677959121148
Sigmoid_Colon__H3K27ac	-4.73073989585e-08	1.00519598489e-07	0.681047013601
Fetal_Thymus__H3K4me3	-9.78366416887e-08	2.03741087705e-07	0.684457705597
Pancreatic_Islets__H3K27ac	-8.21416620231e-08	1.6764697751e-07	0.687921744846
Liver__H3K9ac	-5.21123049141e-08	1.05541602905e-07	0.689262435158
Skeletal_Muscle_Female__H3K4me3	-7.04618874065e-08	1.39637184688e-07	0.693082520016
Breast_Myoepithelial_Primary_Cells__H3K9ac	-8.603081458e-08	1.65449159533e-07	0.698462423406
Esophagus__H3K36me3	-4.50841422377e-08	8.66316510008e-08	0.698611741707
Heart-LV_ENTEX__H3K36me3	-3.80747589971e-08	7.31197120827e-08	0.69871842509
Primary_monocytes_from_peripheral_blood__H3K27ac	-4.78434033423e-08	9.13207775186e-08	0.699827658746
Gastric__H3K27ac	-6.81318197176e-08	1.29807297345e-07	0.700162851797
Spleen_ENTEX__H3K4me1	-7.94444546786e-08	1.50160335949e-07	0.70161953484
Skeletal_Muscle_Female__H3K36me3	-4.03815972084e-08	7.51539775078e-08	0.704476069621
Liver__H3K36me3	-2.97351069243e-08	5.5100408904e-08	0.705281858021
Stomach_ENTEX__H3K4me3	-1.0049839359e-07	1.85557609385e-07	0.705953682541
NHEK-Epidermal_Keratinocyte_Primary_Cells__H3K36me3	-3.2716596018e-08	5.95129920737e-08	0.708750702012
Foreskin_Keratinocyte_Primary_Cells_skin02__H3K4me1	-4.85701930646e-08	8.72143368797e-08	0.711204194321
SI-Term-Ileum_ENTEX__H3K27ac	-3.26545468006e-08	5.82298646477e-08	0.712528599816
Gastric__H3K4me1	-6.12060020129e-08	1.06389801244e-07	0.717455628302
Esoph-Muscularis_ENTEX__H3K36me3	-3.60823625292e-08	6.22092180828e-08	0.719048198116
Fetal_Adrenal_Gland__DNase	-8.89559722964e-08	1.50616717138e-07	0.722609636845
Small_Intestine__H3K4me3	-1.87738912971e-07	3.12275070322e-07	0.726145691465
skeletal_muscle_ENTEX__H3K4me1	-1.80942964887e-08	2.93452362837e-08	0.73125097023
Rectal_Mucosa_Donor_29__H3K4me1	-5.88655971171e-08	9.514269556e-08	0.731945804522
Heart-LV_ENTEX__H3K27ac	-3.38567785395e-08	5.43474629246e-08	0.733347516461
HMEC_Mammary_Epithelial_Primary_Cells__H3K4me1	-4.08926241681e-08	6.5479583922e-08	0.733853493117
Ovary_ENTEX__H3K4me3	-1.84271058464e-07	2.90682505285e-07	0.736935285186
Foreskin_Fibroblast_Primary_Cells_skin01__H3K4me1	-3.374163356e-08	5.26483718103e-08	0.739201803634
Esoph-Muscularis_ENTEX__H3K4me3	-1.20222234366e-07	1.83624002372e-07	0.74367584993
Primary_monocytes_from_peripheral_blood__H3K4me1	-2.89568139874e-08	4.37749176755e-08	0.745851989442
Primary_hematopoietic_stem_cells_G-CSF-mobilized_Female__H3K4me1	-2.91504290254e-08	4.3956304095e-08	0.746388625669
Fetal_Intestine_Small__H3K27ac	-4.21377478722e-08	6.28073088185e-08	0.74885952703
Stomach_ENTEX__H3K36me3	-3.56067200165e-08	5.27827546769e-08	0.750031865227
Duodenum_Smooth_Muscle__H3K4me3	-6.92674466154e-08	1.00876173694e-07	0.753850911831
SI-Term-Ileum_ENTEX__H3K4me1	-5.73076185813e-08	8.10170615448e-08	0.760326266889
Thyroid_gland_ENTEX__H3K4me1	-3.4658177935e-08	4.8369717611e-08	0.763166803093
Esoph-GJ_ENTEX__H3K4me3	-1.25832383804e-07	1.75001634302e-07	0.763940469886
Left_Ventricle__H3K36me3	-7.10681475765e-08	9.87734868883e-08	0.764085493681
Heart-LV_ENTEX__H3K4me1	-6.27815953513e-08	8.70426551004e-08	0.764629494183
Psoas_Muscle__DNase	-9.53949179334e-08	1.21678996312e-07	0.783476532636
Lung__H3K27ac	-7.96825139548e-08	9.76704717151e-08	0.792701351896
Duodenum_Smooth_Muscle__H3K36me3	-9.19655349007e-08	1.12507721684e-07	0.793154437112
Primary_T_helper_memory_cells_from_peripheral_blood_2__H3K27ac	-9.03952247856e-08	1.08017937126e-07	0.798662633427
Vagina_ENTEX__H3K36me3	-1.65490956721e-07	1.95169390711e-07	0.801762913565
Primary_B_cells_from_cord_blood__H3K4me1	-5.47050006962e-08	6.39692625531e-08	0.803773237577
skeletal_muscle_ENTEX__H3K36me3	-4.08390961235e-08	4.73409508773e-08	0.805837502421
Thyroid_gland_ENTEX__H3K4me3	-1.45932256422e-07	1.68705586489e-07	0.806483735527
Pancreas_ENTEX__H3K4me1	-3.17439180959e-08	3.5985530355e-08	0.811146761235
Colonic_Mucosa__H3K4me1	-9.50507571649e-08	1.05710973523e-07	0.815715467975
Primary_hematopoietic_stem_cells__H3K4me3	-2.38845891354e-07	2.63836764948e-07	0.817341209265
Primary_hematopoietic_stem_cells_G-CSF-mobilized_Female__DNase	-1.27981019604e-07	1.41345549963e-07	0.81738590328
Prostate_ENTEX__H3K36me3	-3.3952957752e-07	3.74857272057e-07	0.817467742779
Skeletal_Muscle_Male__H3K4me1	-5.29536884254e-08	5.81833538888e-08	0.818619726083
Colon-TV_ENTEX__H3K4me3	-1.93768587441e-07	2.10623843216e-07	0.821206985531
Rectal_Mucosa_Donor_31__H3K4me3	-1.68215894415e-07	1.82734927107e-07	0.821356230019
Foreskin_Fibroblast_Primary_Cells_skin01__H3K27ac	-7.01374609869e-08	7.58679867726e-08	0.822378424635
Duodenum_Mucosa__H3K9ac	-1.58749358636e-07	1.70299797907e-07	0.824377172665
Primary_Natural_Killer_cells_from_peripheral_blood__H3K4me1	-6.96023614184e-08	7.29417418068e-08	0.830013480776
Uterus_ENTEX__H3K27ac	-4.51720351655e-08	4.64748385164e-08	0.83446665511
Adipose_Nuclei__H3K4me3	-1.21328171379e-07	1.23153856022e-07	0.837731082927
Primary_hematopoietic_stem_cells__H3K4me1	-1.39282648534e-07	1.38236702477e-07	0.843168652841
Stomach_Mucosa__H3K4me3	-2.41075688717e-07	2.34701296439e-07	0.847827339902
Primary_hematopoietic_stem_cells_G-CSF-mobilized_Male__H3K4me3	-1.24628651652e-07	1.18351970627e-07	0.85383730026
Mammary_ENTEX__H3K4me1	-1.57471933757e-07	1.48972803443e-07	0.854755970804
Fetal_Kidney__H3K9ac	-2.77989345365e-07	2.58618117467e-07	0.858790881727
Primary_T_cells_from_peripheral_blood__H3K4me1	-7.88245264681e-08	7.20265380232e-08	0.863106200802
Skeletal_Muscle_Male__H3K4me3	-1.77788286582e-07	1.62410118084e-07	0.86317316326
Fetal_Lung__H3K9ac	-1.90143485749e-07	1.73444072153e-07	0.863522145819
Fetal_Stomach__DNase	-1.84746507369e-07	1.67319676192e-07	0.865236593618
Pancreas__DNase	-2.12621067391e-07	1.9137972854e-07	0.86671378873
Primary_T_helper_cells_from_peripheral_blood__H3K4me3	-2.8847891196e-07	2.53792776909e-07	0.872162095054
Foreskin_Keratinocyte_Primary_Cells_skin02__DNase	-1.18545639791e-07	1.04204545016e-07	0.872361336841
Primary_B_cells_from_cord_blood__H3K36me3	-1.93652255506e-07	1.70092785732e-07	0.872546106625
Esoph-Mucosa_ENTEX__H3K4me3	-1.8972273084e-07	1.65763996474e-07	0.873799128228
Primary_hematopoietic_stem_cells_G-CSF-mobilized_Female__H3K27ac	-8.51978981613e-08	7.40816095245e-08	0.874939314668
Fetal_Kidney__H3K4me3	-2.95875697846e-07	2.57175376417e-07	0.875027343301
HMEC_Mammary_Epithelial_Primary_Cells__DNase	-1.41820509778e-07	1.22061906925e-07	0.877356598158
Fetal_Intestine_Small__DNase	-1.84895368709e-07	1.56996139358e-07	0.880543176194
Esoph-Mucosa_ENTEX__H3K4me1	-7.57200500702e-08	6.4227427762e-08	0.880788241557
Skeletal_Muscle_Female__H3K4me1	-5.49921567181e-08	4.65128009489e-08	0.88145696487
Skeletal_Muscle_Male__H3K9ac	-1.17568393496e-07	9.91339694569e-08	0.88217989822
Spleen__H3K27ac	-9.59292922203e-08	8.08278197348e-08	0.882353661416
Primary_hematopoietic_stem_cells_short_term_culture__H3K4me1	-7.23067482187e-08	6.08078489722e-08	0.882800277588
Breast_variant_Human_Mammary_Epithelial_Cells_(vHMEC)__DNase	-1.46937104284e-07	1.2342976135e-07	0.883065445081
Primary_B_cells_from_cord_blood__H3K4me3	-3.25543794107e-07	2.71839870344e-07	0.884455276712
Primary_T_killer_naive_cells_from_peripheral_blood__H3K4me3	-3.41797636688e-07	2.84532108065e-07	0.885175225779
Gastric__H3K4me3	-2.54432836592e-07	2.11165381738e-07	0.8858787423
Foreskin_Keratinocyte_Primary_Cells_skin03__H3K4me3	-1.89711268326e-07	1.57336278581e-07	0.886046789026
Colonic_Mucosa__H3K27ac	-1.17007878612e-07	9.68961869417e-08	0.886391562855
Fetal_Intestine_Large__DNase	-1.46681604878e-07	1.20962827287e-07	0.887361895055
Colon-Sigm_ENTEX__H3K4me1	-3.78562062888e-07	3.08842581662e-07	0.889852560663
Gastric__H3K36me3	-1.07491236566e-07	8.69627029172e-08	0.89178212124
Primary_hematopoietic_stem_cells_G-CSF-mobilized_Male__H3K4me1	-6.18735817683e-08	4.97650982423e-08	0.89312369847
Vagina_ENTEX__H3K27ac	-6.94062284877e-08	5.56984932025e-08	0.893637265134
Colon-TV_ENTEX__H3K27ac	-6.15230033236e-08	4.89987306407e-08	0.895370214002
Foreskin_Keratinocyte_Primary_Cells_skin03__H3K4me1	-7.61373485549e-08	6.03139904735e-08	0.896588512159
Spleen_ENTEX__H3K36me3	-4.55668181355e-08	3.59687238184e-08	0.897394741456
Breast_variant_Human_Mammary_Epithelial_Cells_(vHMEC)__H3K4me1	-8.22244362959e-08	6.36185775575e-08	0.901900972306
HMEC_Mammary_Epithelial_Primary_Cells__H3K27ac	-1.03566523568e-07	7.95255297151e-08	0.903593989874
HMEC_Mammary_Epithelial_Primary_Cells__H3K9ac	-1.76006217659e-07	1.34465374647e-07	0.904721541232
Psoas_Muscle__H3K36me3	-2.42897677828e-07	1.83695374307e-07	0.906963403198
Liver__H3K4me3	-1.3158137389e-07	9.94614007435e-08	0.907072180934
Pancreas__H3K27ac	-1.99596054033e-07	1.49286652714e-07	0.909388462223
Placenta_Amnion__H3K27ac	-1.88012981091e-07	1.39892262285e-07	0.910523241358
Primary_hematopoietic_stem_cells_G-CSF-mobilized_Male__DNase	-2.05435947436e-07	1.52691982135e-07	0.910756343373
Esophagus__H3K4me1	-1.22373166492e-07	9.06915044306e-08	0.911385209055
Primary_T_helper_memory_cells_from_peripheral_blood_2__H3K4me3	-3.08139117585e-07	2.27744422323e-07	0.911972825994
Primary_T_regulatory_cells_from_peripheral_blood__H3K4me3	-2.20637178656e-07	1.62325200282e-07	0.912963040344
Primary_T_helper_naive_cells_from_peripheral_blood_2__H3K4me3	-3.01573344978e-07	2.21766676901e-07	0.913064105973
Primary_mononuclear_cells_from_peripheral_blood__H3K27ac	-4.04424251794e-07	2.93748324977e-07	0.915708510604
Primary_T_helper_cells_from_peripheral_blood__H3K27ac	-1.75613049166e-07	1.26141038129e-07	0.918068473674
Primary_T_killer_naive_cells_from_peripheral_blood__H3K27ac	-2.65643221563e-07	1.85169880494e-07	0.924298296313
Primary_B_cells_from_peripheral_blood__H3K4me1	-6.94620111062e-08	4.83479231428e-08	0.924599989172
Primary_mononuclear_cells_from_peripheral_blood__H3K4me1	-3.27384639596e-07	2.27059700417e-07	0.925326789639
Primary_monocytes_from_peripheral_blood__H3K4me3	-3.24715065448e-07	2.25103829135e-07	0.92542106238
Rectal_Mucosa_Donor_31__H3K27ac	-1.11548656864e-07	7.66620205019e-08	0.927175149792
NHEK-Epidermal_Keratinocyte_Primary_Cells__H3K27ac	-1.0983721445e-07	7.50051775613e-08	0.928456986829
Primary_T_cells_effector_memory_enriched_from_peripheral_blood__H3K4me3	-3.4775831927e-07	2.37145330038e-07	0.928735153
Lung__H3K36me3	-1.37294405464e-07	9.28367817116e-08	0.930413727089
Rectal_Mucosa_Donor_31__H3K9ac	-1.85933798358e-07	1.25512417593e-07	0.930749677468
Primary_B_cells_from_peripheral_blood__DNase	-2.11501945833e-07	1.4154275699e-07	0.932446407457
Primary_mononuclear_cells_from_peripheral_blood__H3K9ac	-3.19211160329e-07	2.12579247166e-07	0.933401092864
Prostate_ENTEX__H3K27ac	-1.18946756796e-07	7.81337756459e-08	0.936038982004
Primary_T_helper_naive_cells_from_peripheral_blood_2__H3K4me1	-8.23129485833e-08	5.40007478919e-08	0.936282201462
Rectal_Mucosa_Donor_29__H3K4me3	-2.2191104012e-07	1.45407513531e-07	0.936511486399
Pancreas__H3K36me3	-1.50878308279e-07	9.88083065077e-08	0.936617008157
Primary_T_cells_from_cord_blood__H3K4me1	-1.47075864544e-07	9.55811742113e-08	0.938067754761
Primary_mononuclear_cells_from_peripheral_blood__H3K4me3	-4.91283847947e-07	3.14902130377e-07	0.940633762878
Primary_T_cells_from_peripheral_blood__DNase	-2.42714659441e-07	1.55423377521e-07	0.940813055907
Gastric__DNase	-3.13511927753e-07	2.00689384113e-07	0.940876609445
Lung_ENTEX__H3K27ac	-8.00043008108e-08	5.10517493995e-08	0.941456868056
Pancreas__H3K4me3	-3.78613331911e-07	2.41217113109e-07	0.941745394643
Small_Intestine__DNase	-1.87524420157e-07	1.18884133467e-07	0.9426449424
Rectal_Mucosa_Donor_31__H3K4me1	-1.05340560835e-07	6.62092117055e-08	0.944198109789
Pancreas_ENTEX__H3K27ac	-6.67940345105e-08	4.19797614869e-08	0.944206560235
Primary_T_helper_naive_cells_from_peripheral_blood__H3K9ac	-3.46346008307e-07	2.17531230018e-07	0.944326387625
NHEK-Epidermal_Keratinocyte_Primary_Cells__H3K4me1	-9.03727630129e-08	5.62127673484e-08	0.946048570244
Primary_T_cells_from_peripheral_blood__H3K4me3	-4.42900987196e-07	2.74769598797e-07	0.946508097765
Skeletal_Muscle_Male__H3K36me3	-1.50597447819e-07	9.30036876077e-08	0.947304676366
Pancreas_ENTEX__H3K4me3	-2.47955469609e-07	1.53125806952e-07	0.947307827386
Foreskin_Keratinocyte_Primary_Cells_skin03__H3K27ac	-1.18892558876e-07	7.3343395227e-08	0.947495442719
Primary_T_regulatory_cells_from_peripheral_blood__H3K4me1	-1.02100568467e-07	6.25251252785e-08	0.948760521279
Fetal_Lung__H3K4me3	-3.38145235885e-07	2.04216381248e-07	0.951120696934
Ovary_ENTEX__H3K36me3	-3.86668411115e-07	2.32968468839e-07	0.951517187805
Primary_B_cells_from_peripheral_blood__H3K36me3	-6.55121721766e-08	3.9040189456e-08	0.953333286397
Breast_variant_Human_Mammary_Epithelial_Cells_(vHMEC)__H3K36me3	-7.74128707962e-08	4.59632167055e-08	0.953931895463
Primary_hematopoietic_stem_cells_short_term_culture__H3K4me3	-3.21362818425e-07	1.9026972862e-07	0.954388898506
Fetal_Adrenal_Gland__H3K4me3	-4.78267687298e-07	2.81994658412e-07	0.955058653801
Primary_mononuclear_cells_from_peripheral_blood__H3K36me3	-9.26919798548e-08	5.44045245792e-08	0.955786564336
Skeletal_Muscle_Female__H3K9ac	-2.14156672501e-07	1.25347837849e-07	0.956228116596
Primary_monocytes_from_peripheral_blood__DNase	-2.66888518815e-07	1.55774443588e-07	0.956671415956
Breast_variant_Human_Mammary_Epithelial_Cells_(vHMEC)__H3K4me3	-4.1364588694e-07	2.39390307447e-07	0.957998186723
Fetal_Thymus__DNase	-1.81414830134e-07	1.04854309333e-07	0.958199237353
skeletal_muscle_ENTEX__H3K4me3	-1.51904961897e-07	8.73781190952e-08	0.958936712707
NHEK-Epidermal_Keratinocyte_Primary_Cells__DNase	-1.80534785845e-07	1.03368803094e-07	0.959638930036
Lung_ENTEX__H3K4me1	-1.01863994824e-07	5.76594368335e-08	0.961356497511
Primary_T_killer_memory_cells_from_peripheral_blood__H3K4me3	-4.33258353809e-07	2.3903282906e-07	0.96504917834
Primary_T_helper_naive_cells_from_peripheral_blood_2__H3K27ac	-1.56554113274e-07	8.58259097497e-08	0.965930704424
Primary_T_regulatory_cells_from_peripheral_blood__H3K36me3	-9.45215725505e-08	5.15457786209e-08	0.96665372474
Testis_ENTEX__H3K36me3	-4.74369038066e-07	2.58281842624e-07	0.966867977496
Spleen_ENTEX__H3K27ac	-7.14747084138e-08	3.88330866131e-08	0.967157123805
Skin_tissue_ENTEX__H3K4me3	-3.43988407071e-07	1.84353588464e-07	0.968973477349
Duodenum_Mucosa__H3K4me3	-2.22064718135e-07	1.18884919161e-07	0.969111746903
NHEK-Epidermal_Keratinocyte_Primary_Cells__H3K9ac	-2.16140537745e-07	1.15518978235e-07	0.969330176765
Spleen__H3K36me3	-1.28762288614e-07	6.85874667519e-08	0.969764538726
Primary_T_regulatory_cells_from_peripheral_blood__H3K27ac	-1.25789142261e-07	6.69177654068e-08	0.969929402764
Mammary_ENTEX__H3K4me3	-3.0220982139e-07	1.5975255465e-07	0.970736985745
Primary_T_killer_naive_cells_from_peripheral_blood__H3K4me1	-1.13822035988e-07	6.00796079532e-08	0.970922007776
Pancreatic_Islets__H3K9ac	-4.88726396552e-07	2.57736722626e-07	0.97103474286
Primary_T_helper_naive_cells_from_peripheral_blood_1__H3K27ac	-3.26252143096e-07	1.69998863401e-07	0.972516885931
Lung_ENTEX__H3K4me3	-5.07812779189e-07	2.63728794924e-07	0.972917289222
Primary_T_cells_effector_memory_enriched_from_peripheral_blood__H3K27ac	-1.99786617524e-07	1.02161212741e-07	0.974743940033
Primary_T_helper_17_cells_PMA-I_stimulated__H3K4me3	-3.29771641108e-07	1.68484351708e-07	0.974842926665
skeletal_muscle_ENTEX__H3K27ac	-5.27922742639e-08	2.68639418327e-08	0.975302850388
Esophagus__H3K4me3	-4.77408384435e-07	2.41383048098e-07	0.976024595126
Primary_B_cells_from_peripheral_blood__H3K4me3	-4.59957706365e-07	2.30550436314e-07	0.976980827365
Esophagus__H3K27ac	-1.51174886331e-07	7.51367892999e-08	0.977889797392
Primary_Natural_Killer_cells_from_peripheral_blood__H3K36me3	-1.12556928107e-07	5.5293393206e-08	0.979106273128
NHEK-Epidermal_Keratinocyte_Primary_Cells__H3K4me3	-3.02691035721e-07	1.47759817105e-07	0.979746156722
Primary_Natural_Killer_cells_from_peripheral_blood__H3K4me3	-5.03190456501e-07	2.43577859749e-07	0.980577734092
Primary_T_helper_naive_cells_from_peripheral_blood_1__H3K36me3	-1.86362041522e-07	8.85939553736e-08	0.982291252011
Primary_B_cells_from_peripheral_blood__H3K27ac	-1.71156563959e-07	8.10630025329e-08	0.982631101838
Primary_T_cells_from_cord_blood__DNase	-4.23496353251e-07	1.99782112274e-07	0.982988168953
Primary_T_cells_effector_memory_enriched_from_peripheral_blood__H3K4me1	-2.04553584485e-07	9.61931479151e-08	0.983268680529
Rectal_Mucosa_Donor_29__H3K27ac	-1.74375627514e-07	8.13788927902e-08	0.983933907005
Primary_T_helper_naive_cells_from_peripheral_blood_1__H3K4me1	-1.30792366687e-07	6.09894636802e-08	0.98400388032
Colonic_Mucosa__H3K9ac	-4.39452715246e-07	2.04890776915e-07	0.984016160468
Primary_T_killer_memory_cells_from_peripheral_blood__H3K4me1	-1.46153753886e-07	6.79551534548e-08	0.98425157079
Primary_T_cells_from_cord_blood__H3K4me3	-6.02989746728e-07	2.7659301091e-07	0.985373544752
Lung__H3K4me3	-5.46627378029e-07	2.49078104489e-07	0.98590393036
Primary_T_helper_cells_PMA-I_stimulated__H3K4me1	-1.06438505461e-07	4.68692767866e-08	0.988425463419
Primary_T_helper_memory_cells_from_peripheral_blood_1__H3K36me3	-1.82966641664e-07	8.04022120309e-08	0.988566273982
Rectal_Mucosa_Donor_29__H3K9ac	-4.00714306132e-07	1.73214628527e-07	0.989649605571
Primary_T_helper_memory_cells_from_peripheral_blood_1__H3K27ac	-2.86071532859e-07	1.23361549811e-07	0.989801624457
Primary_T_helper_naive_cells_from_peripheral_blood_1__H3K4me3	-4.82345748067e-07	2.06620190951e-07	0.990214071735
Primary_T_helper_cells_PMA-I_stimulated__H3K27ac	-1.37797827911e-07	5.71355032667e-08	0.992062405203
Adrenal_gland_ENTEX__H3K4me1	-1.33563928063e-07	5.52106268897e-08	0.992222029727
Spleen__H3K4me1	-1.67311197257e-07	6.89745638393e-08	0.992360430002
Primary_T_helper_memory_cells_from_peripheral_blood_2__H3K36me3	-2.69678745928e-07	1.10942867058e-07	0.992467015698
Primary_Natural_Killer_cells_from_peripheral_blood__DNase	-3.88357196281e-07	1.59076995785e-07	0.992683075858
Primary_T_helper_cells_from_peripheral_blood__H3K4me1	-1.35362049079e-07	5.54228604257e-08	0.992704013389
Primary_T_helper_cells_from_peripheral_blood__H3K36me3	-1.4416012611e-07	5.82658662639e-08	0.993322843407
Primary_T_helper_cells_PMA-I_stimulated__H3K36me3	-1.51480927165e-07	6.10418876651e-08	0.993460112977
Primary_T_helper_17_cells_PMA-I_stimulated__H3K27ac	-2.71302546067e-07	1.07836971921e-07	0.994062855183
Primary_T_cells_from_cord_blood__H3K36me3	-2.9741475764e-07	1.13979094494e-07	0.99546467594
Primary_Natural_Killer_cells_from_peripheral_blood__H3K27ac	-2.21701804804e-07	8.37852687052e-08	0.995928368908
Primary_T_cells_from_peripheral_blood__H3K36me3	-1.57207022683e-07	5.92778947205e-08	0.995999581845
Primary_T_helper_17_cells_PMA-I_stimulated__H3K4me1	-1.79097436659e-07	6.64674923838e-08	0.996475407535
Primary_T_helper_cells_PMA-I_stimulated__H3K4me3	-3.35594292273e-07	1.23961938667e-07	0.996607705308
SI-Term-Ileum_ENTEX__H3K36me3	-3.98447818164e-07	1.44331886766e-07	0.997115554288
Primary_T_helper_memory_cells_from_peripheral_blood_1__H3K4me1	-1.5399275867e-07	5.56835093785e-08	0.997158221857
Primary_T_killer_memory_cells_from_peripheral_blood__H3K36me3	-2.59475538359e-07	9.32838560821e-08	0.997295163526
Primary_T_cells_from_peripheral_blood__H3K27ac	-2.55737429416e-07	8.39412338716e-08	0.998842867363
Primary_T_helper_memory_cells_from_peripheral_blood_1__H3K4me3	-5.34838028637e-07	1.74741340301e-07	0.998896050963
Primary_T_helper_naive_cells_from_peripheral_blood_2__H3K36me3	-2.21459457627e-07	7.21567722396e-08	0.99892663122
Primary_T_killer_naive_cells_from_peripheral_blood__H3K36me3	-3.221335042e-07	1.04405202878e-07	0.998983662523
Primary_T_helper_17_cells_PMA-I_stimulated__H3K36me3	-2.1420512152e-07	6.93753529962e-08	0.998991187824
Primary_T_helper_memory_cells_from_peripheral_blood_2__H3K4me1	-1.60003227575e-07	5.10138854987e-08	0.999145008554
Primary_T_cells_effector_memory_enriched_from_peripheral_blood__H3K36me3	-2.30775315048e-07	6.73066787232e-08	0.999696775282
