Name	Coefficient	Coefficient_std_error	Coefficient_P_value
Cortex_derived_primary_cultured_neurospheres__H3K4me3	8.05461634195e-07	2.66813091166e-07	0.00126879153223
Brain_Germinal_Matrix__H3K4me3	8.15284049551e-07	2.80019741894e-07	0.00179835444862
Fetal_Brain_Female__H3K4me3	7.04039749372e-07	2.45842733062e-07	0.00209308659437
Fetal_Brain_Female__H3K36me3	2.8286767447e-07	1.03700116103e-07	0.00318842538321
Brain_Germinal_Matrix__H3K36me3	3.77734704607e-07	1.46647980275e-07	0.00500053841998
Ganglion_Eminence_derived_primary_cultured_neurospheres__H3K4me3	6.24515554274e-07	2.49179121851e-07	0.00610024677618
Fetal_Muscle_Trunk__H3K36me3	1.81527445925e-07	7.27670139709e-08	0.00630426297183
Brain_Anterior_Caudate__H3K36me3	2.04308330995e-07	8.35968721987e-08	0.00726329716615
Cortex_derived_primary_cultured_neurospheres__H3K36me3	2.75852206933e-07	1.14825127002e-07	0.00814465686333
Brain_Cingulate_Gyrus__H3K36me3	2.05179757943e-07	8.65643141245e-08	0.00888783822398
NHLF_Lung_Fibroblast_Primary_Cells__DNase	2.6663593409e-07	1.1415632948e-07	0.00975321388568
Nerve-Tibial_ENTEX__H3K4me1	1.09109481691e-07	4.68072696935e-08	0.00987570203245
Brain_Substantia_Nigra__H3K36me3	2.70234758994e-07	1.18264778074e-07	0.0111564780634
Brain_Cingulate_Gyrus__H3K9ac	3.31043666472e-07	1.46347629873e-07	0.0118475770925
Aorta__H3K4me3	5.68034959296e-07	2.51140350728e-07	0.0118541782687
Brain_Germinal_Matrix__H3K4me1	2.73176753021e-07	1.22116461597e-07	0.012642573693
Foreskin_Fibroblast_Primary_Cells_skin01__H3K4me3	2.36768297603e-07	1.0779480508e-07	0.0140290797854
Aorta__H3K4me1	2.50626492205e-07	1.15742263898e-07	0.015179130008
Artery-Coronary_ENTEX__H3K27ac	8.46912520365e-08	4.20649285317e-08	0.0220391255731
Breast_Myoepithelial_Primary_Cells__H3K4me1	7.61132336369e-08	3.82960599544e-08	0.0234337761098
Brain_Dorsolateral_Prefrontal_Cortex__H3K36me3	1.79081538486e-07	9.05122912043e-08	0.023934315113
Nerve-Tibial_ENTEX__H3K27ac	6.69391682385e-08	3.40162073931e-08	0.0245420160265
Ganglion_Eminence_derived_primary_cultured_neurospheres__H3K36me3	2.63982279891e-07	1.34990950965e-07	0.0252587769877
Brain_Angular_Gyrus__H3K9ac	2.98253656197e-07	1.55261711943e-07	0.0273675152963
Fetal_Intestine_Large__H3K36me3	1.04445364421e-07	5.46254783661e-08	0.0279363949753
Foreskin_Fibroblast_Primary_Cells_skin02__H3K4me3	1.55224749055e-07	8.12222423258e-08	0.0279951365386
Fetal_Muscle_Leg__H3K36me3	1.08475651428e-07	5.69445045738e-08	0.0283941787221
Aorta_ENTEX__H3K4me3	1.58537148012e-07	8.46166580484e-08	0.0304932964051
Brain_Inferior_Temporal_Lobe__H3K9ac	2.25204253535e-07	1.20283569044e-07	0.0305840916532
Brain_Cingulate_Gyrus__H3K4me1	1.10681680557e-07	5.96648954825e-08	0.0317941650841
Ganglion_Eminence_derived_primary_cultured_neurospheres__H3K4me1	2.14481017704e-07	1.16095658131e-07	0.0323409154834
Brain_Dorsolateral_Prefrontal_Cortex__H3K9ac	3.42979965941e-07	1.89529107965e-07	0.0351756071293
Placenta_Amnion__H3K36me3	1.40753163055e-07	7.79980581652e-08	0.0355707900161
Brain_Substantia_Nigra__H3K4me1	9.04677095933e-08	5.0849196668e-08	0.037608615906
Brain_Dorsolateral_Prefrontal_Cortex__H3K27ac	1.17752319846e-07	6.74040631025e-08	0.0403219868723
Brain_Inferior_Temporal_Lobe__H3K4me3	2.99475007843e-07	1.78651889844e-07	0.0468392595233
Pancreatic_Islets__H3K36me3	1.81890392742e-07	1.08734802913e-07	0.0471844110324
Cortex_derived_primary_cultured_neurospheres__H3K4me1	1.23583553087e-07	7.39199707695e-08	0.0472763518981
Breast_Myoepithelial_Primary_Cells__H3K36me3	7.03220022292e-08	4.22753898601e-08	0.0481135497952
Brain_Angular_Gyrus__H3K27ac	1.0382686963e-07	6.39321349465e-08	0.0521860974975
Brain_Hippocampus_Middle__H3K4me3	2.60597530723e-07	1.60538883661e-07	0.0522661313192
Brain_Hippocampus_Middle__H3K36me3	1.2320108642e-07	7.6726045248e-08	0.054166947416
Brain_Anterior_Caudate__H3K27ac	9.0270794475e-08	5.6261626276e-08	0.0543038700278
Brain_Anterior_Caudate__H3K9ac	2.10147770961e-07	1.32958944584e-07	0.0569909036352
Fetal_Brain_Male__H3K4me1	9.92118836114e-08	6.29037617116e-08	0.0573746273455
Brain_Dorsolateral_Prefrontal_Cortex__H3K4me3	3.43816957992e-07	2.21435814494e-07	0.0602508821067
Brain_Substantia_Nigra__H3K27ac	7.03458128129e-08	4.53487282764e-08	0.060424594923
Brain_Cingulate_Gyrus__H3K27ac	8.21928549525e-08	5.36628232537e-08	0.0628039724608
Artery-Coronary_ENTEX__H3K4me3	1.42558684128e-07	9.31220455541e-08	0.0628995171781
Fetal_Stomach__H3K36me3	7.66002430006e-08	5.02481116895e-08	0.0636993883208
Brain_Inferior_Temporal_Lobe__H3K4me1	1.07426444486e-07	7.05299379798e-08	0.0638627730424
Fetal_Muscle_Trunk__H3K27ac	1.05223936188e-07	6.93714969202e-08	0.064656318807
Fetal_Brain_Female__H3K4me1	1.44092926914e-07	9.73723579565e-08	0.0694615164501
Brain_Hippocampus_Middle__H3K4me1	6.28617750336e-08	4.27470392995e-08	0.0707060587441
Colon-TV_ENTEX__H3K36me3	9.65619301598e-08	6.64383055516e-08	0.0730553256259
Placenta__H3K36me3	1.03279778983e-07	7.35880576331e-08	0.080236042013
Right_Ventricle__H3K4me3	2.60196266271e-07	1.85995510955e-07	0.0809157250207
Foreskin_Melanocyte_Primary_Cells_skin01__H3K4me1	1.94726735985e-07	1.39409424951e-07	0.0812372374358
Fetal_Stomach__H3K27ac	8.30839118453e-08	5.95528734242e-08	0.0814885444154
Foreskin_Keratinocyte_Primary_Cells_skin02__H3K4me3	2.38978981389e-07	1.71821902843e-07	0.0821350281694
Brain_Inferior_Temporal_Lobe__H3K36me3	1.0660251301e-07	7.69263050526e-08	0.0829078834263
Fetal_Brain_Male__H3K4me3	6.16983585657e-07	4.45503612565e-07	0.0830395902698
Brain_Anterior_Caudate__H3K4me3	2.19177113631e-07	1.59704870948e-07	0.084971278371
Brain_Hippocampus_Middle__H3K27ac	6.84088739749e-08	4.98811555715e-08	0.0851193487152
Right_Atrium__H3K4me1	1.19244330513e-07	8.90088393927e-08	0.0901729316363
Foreskin_Melanocyte_Primary_Cells_skin03__H3K4me3	2.62366209161e-07	1.98627009214e-07	0.093267528913
Adrenal_gland_ENTEX__H3K4me3	1.79907870299e-07	1.37744343707e-07	0.0957592974925
Right_Atrium__H3K27ac	9.71066361181e-08	7.56032335722e-08	0.0994967541758
Brain_Inferior_Temporal_Lobe__H3K27ac	6.3555440159e-08	4.98595211798e-08	0.101209468623
Right_Atrium__H3K4me3	2.68015783848e-07	2.12000088959e-07	0.103074664273
Brain_Cingulate_Gyrus__H3K4me3	2.25863511377e-07	1.85161444359e-07	0.111266683551
Mammary_ENTEX__H3K27ac	5.92998011249e-08	4.87092152876e-08	0.111721337695
Brain_Angular_Gyrus__H3K4me1	7.94788382097e-08	6.54913200914e-08	0.112454418345
Colon-Sigm_ENTEX__H3K36me3	9.33569736563e-08	7.75147576147e-08	0.114221992602
Foreskin_Melanocyte_Primary_Cells_skin01__H3K4me3	2.87056402877e-07	2.40259175638e-07	0.116086868246
Brain_Angular_Gyrus__H3K36me3	1.03596456874e-07	8.71682293287e-08	0.117324978761
Brain_Substantia_Nigra__H3K4me3	1.99057675105e-07	1.70971946371e-07	0.122157107109
Aorta_ENTEX__H3K4me1	3.30894507458e-08	2.87854101565e-08	0.125170482607
Brain_Angular_Gyrus__H3K4me3	2.43853627236e-07	2.12741089879e-07	0.125846685897
Brain_Substantia_Nigra__H3K9ac	1.54652815324e-07	1.35157082453e-07	0.126261023556
Fetal_Intestine_Small__H3K36me3	4.30229136476e-08	3.77527957548e-08	0.127227444331
Nerve-Tibial_ENTEX__H3K4me3	2.27569561317e-07	2.01563006029e-07	0.129443760565
Fetal_Thymus__H3K36me3	3.87687594095e-08	3.53503848009e-08	0.136386325245
Right_Ventricle__H3K36me3	7.95323192905e-08	7.33181706179e-08	0.139014887707
Placenta_Amnion__H3K4me3	2.94000104016e-07	2.72248395837e-07	0.140094124383
Thymus__H3K36me3	8.59072662082e-08	8.0033697198e-08	0.141548376162
Stomach_Mucosa__H3K36me3	1.72386891137e-07	1.60747450075e-07	0.141768352695
Foreskin_Melanocyte_Primary_Cells_skin01__DNase	9.66489871555e-08	9.08698043084e-08	0.143755312114
Lung__H3K4me1	8.53372383509e-08	8.02448514994e-08	0.14378656063
Duodenum_Mucosa__H3K36me3	6.45085493452e-08	6.1271220797e-08	0.146208072515
Fetal_Muscle_Leg__H3K27ac	6.04619778616e-08	5.75013197998e-08	0.146517138779
Thyroid_gland_ENTEX__H3K36me3	7.63815525228e-08	7.28655464162e-08	0.147260950152
Fetal_Brain_Female__DNase	1.27079609225e-07	1.21421302101e-07	0.147641909512
Ovary__H3K36me3	7.35839774181e-08	7.17480325052e-08	0.15254272821
Brain_Anterior_Caudate__H3K4me1	6.2708376132e-08	6.21812807433e-08	0.156612821089
Foreskin_Keratinocyte_Primary_Cells_skin03__H3K4me3	1.52454430702e-07	1.53800994839e-07	0.160783038848
Fetal_Brain_Male__DNase	1.15365831881e-07	1.19276556156e-07	0.16671879038
Foreskin_Melanocyte_Primary_Cells_skin01__H3K36me3	1.09143412444e-07	1.12914570425e-07	0.166871599491
Ovary__DNase	1.00918594635e-07	1.04775898757e-07	0.167727296356
Psoas_Muscle__H3K4me1	7.97655598632e-08	8.49505695741e-08	0.173874513478
Colonic_Mucosa__H3K36me3	9.096077896e-08	9.848025591e-08	0.177835633216
Fetal_Thymus__H3K27ac	5.56795022874e-08	6.05650553957e-08	0.178960502912
Aorta_ENTEX__H3K27ac	2.36827134266e-08	2.59139329232e-08	0.18038499972
Skeletal_Muscle_Female__H3K36me3	5.54356387799e-08	6.11102452282e-08	0.182165990535
NHDF-Ad_Adult_Dermal_Fibroblast_Primary_Cells__H3K4me3	1.99566949181e-07	2.22128295184e-07	0.184477904467
Esoph-Muscularis_ENTEX__H3K4me1	3.66223595066e-08	4.08294097517e-08	0.184870051537
Right_Ventricle__H3K4me1	6.26044143817e-08	6.99575291259e-08	0.18542248357
Fetal_Heart__H3K9ac	5.32130992577e-08	5.9557688789e-08	0.185802356198
Fetal_Lung__DNase	8.10230038933e-08	9.12982094946e-08	0.187417134977
Fetal_Stomach__H3K4me1	4.47707806896e-08	5.10128585543e-08	0.190070326207
Heart-Atrial_ENTEX__H3K27ac	2.89355457204e-08	3.30995418909e-08	0.191005280036
Esoph-GJ_ENTEX__H3K4me1	4.10755690711e-08	4.72206022692e-08	0.192186977229
Foreskin_Melanocyte_Primary_Cells_skin01__H3K27ac	1.2015190573e-07	1.38738691657e-07	0.193236782836
Thymus__H3K4me1	6.25036066061e-08	7.36248446776e-08	0.197955333269
skeletal_muscle_ENTEX__H3K4me1	2.05350835957e-08	2.47103848046e-08	0.202978197977
NHDF-Ad_Adult_Dermal_Fibroblast_Primary_Cells__H3K9ac	1.44604828406e-07	1.74470702427e-07	0.203603100878
Adrenal_gland_ENTEX__H3K36me3	4.5513286265e-08	5.5153825516e-08	0.204627228471
Sigmoid_Colon__H3K4me3	2.11285419544e-07	2.56843970449e-07	0.205361581791
Fetal_Lung__H3K36me3	4.45142693484e-08	5.4466936403e-08	0.206886673667
Left_Ventricle__H3K4me1	5.40959585952e-08	6.73937342567e-08	0.211078330927
NHLF_Lung_Fibroblast_Primary_Cells__H3K36me3	1.20911086596e-07	1.52651378663e-07	0.214158958478
Brain_Dorsolateral_Prefrontal_Cortex__H3K4me1	6.26315667794e-08	7.98891920405e-08	0.21652578335
Fetal_Thymus__H3K4me1	3.01035292626e-08	3.90649241414e-08	0.220471281438
Adrenal_gland_ENTEX__H3K27ac	2.79054201176e-08	3.6802609834e-08	0.224151958083
Heart-Atrial_ENTEX__H3K36me3	4.29601224497e-08	5.67791889151e-08	0.224639556066
Osteoblast_Primary_Cells__H3K27ac	3.44858047861e-08	4.58308471532e-08	0.225887726371
Fetal_Heart__H3K4me1	2.37187161641e-08	3.15782837406e-08	0.226293691461
Fetal_Heart__DNase	4.53412553455e-08	6.04674442458e-08	0.226673809176
SI-Term-Ileum_ENTEX__H3K4me3	1.24130342085e-07	1.69330433217e-07	0.231759162318
Fetal_Lung__H3K4me1	3.52597584718e-08	4.91303766532e-08	0.236478126383
NHDF-Ad_Adult_Dermal_Fibroblast_Primary_Cells__DNase	7.09691985977e-08	9.91593746929e-08	0.237085707761
Esoph-GJ_ENTEX__H3K27ac	3.5953297075e-08	5.14507123681e-08	0.242341312783
Aorta__H3K27ac	4.36465706891e-08	6.28889371423e-08	0.243832886095
Fetal_Muscle_Leg__H3K4me1	3.59864766102e-08	5.23426088851e-08	0.245878236044
Osteoblast_Primary_Cells__H3K4me3	1.03889491581e-07	1.5165320612e-07	0.246657302792
Primary_hematopoietic_stem_cells_G-CSF-mobilized_Female__DNase	8.52081041754e-08	1.24882173397e-07	0.247522112296
Duodenum_Smooth_Muscle__H3K27ac	5.06187514596e-08	7.44178147667e-08	0.248189963201
Fetal_Muscle_Leg__H3K4me3	1.621238289e-07	2.44363225419e-07	0.25351982445
Fetal_Intestine_Small__H3K4me3	1.31152551199e-07	1.97808444015e-07	0.253656287791
Breast_Myoepithelial_Primary_Cells__H3K4me3	9.07222847722e-08	1.36880858082e-07	0.253734820555
Thymus__H3K27ac	7.28137839968e-08	1.11331427606e-07	0.256547134762
Placenta__H3K4me1	3.31503347976e-08	5.08726139221e-08	0.257318591594
Esoph-Muscularis_ENTEX__H3K27ac	3.29596850582e-08	5.09051387066e-08	0.258663044959
Fetal_Brain_Male__H3K36me3	1.4725286267e-07	2.43986023796e-07	0.273078112499
Adipose_Nuclei__H3K27ac	2.42834914641e-08	4.04320682021e-08	0.274053290645
Left_Ventricle__H3K36me3	4.81217355007e-08	8.0497036967e-08	0.274984180123
Osteoblast_Primary_Cells__H3K36me3	2.27364152438e-08	3.83904955145e-08	0.276844698039
Heart-Atrial_ENTEX__H3K4me3	1.17639927811e-07	2.05206219801e-07	0.283228707003
Primary_hematopoietic_stem_cells_G-CSF-mobilized_Male__H3K36me3	2.4389264292e-08	4.26847649883e-08	0.283870698128
Right_Ventricle__H3K27ac	3.56805534523e-08	6.28823264102e-08	0.285215168064
Lung__H3K27ac	4.36729129966e-08	7.72705644713e-08	0.285970672848
NHLF_Lung_Fibroblast_Primary_Cells__H3K4me3	1.41880320013e-07	2.57488730171e-07	0.290811473201
Fetal_Muscle_Trunk__H3K4me3	1.3606945123e-07	2.57895110865e-07	0.298883125286
Osteoblast_Primary_Cells__H3K4me1	2.21427983511e-08	4.2287506871e-08	0.300269673746
Psoas_Muscle__H3K4me3	1.27361024513e-07	2.45632907419e-07	0.302054216029
Ovary__H3K27ac	4.36220804821e-08	8.58136150891e-08	0.305609147074
skeletal_muscle_ENTEX__H3K36me3	1.85742841071e-08	3.71699754705e-08	0.30863892829
Rectal_Smooth_Muscle__H3K36me3	8.05706676146e-08	1.62622412245e-07	0.310142570041
Foreskin_Melanocyte_Primary_Cells_skin03__H3K4me1	1.86197872041e-08	3.89071542936e-08	0.31612237041
Esoph-Muscularis_ENTEX__H3K4me3	8.58265738531e-08	1.91476220404e-07	0.326991369032
Placenta__DNase	3.73802235032e-08	8.67737517895e-08	0.333314897702
skeletal_muscle_ENTEX__H3K4me3	3.01976165199e-08	7.12965022359e-08	0.335947100251
Foreskin_Fibroblast_Primary_Cells_skin01__DNase	4.42448456469e-08	1.04829365919e-07	0.336488650071
Primary_monocytes_from_peripheral_blood__H3K27ac	3.16519844478e-08	7.5137894689e-08	0.336785557584
Ovary__H3K4me1	2.76243290515e-08	6.60112718766e-08	0.33779847968
Adipose_Nuclei__H3K36me3	3.22580431358e-08	8.15973046685e-08	0.346298864022
Foreskin_Fibroblast_Primary_Cells_skin02__H3K27ac	2.69707913894e-08	6.88592084956e-08	0.347647245585
Fetal_Muscle_Trunk__H3K4me1	1.89092338954e-08	4.96763343834e-08	0.351731956361
Skeletal_Muscle_Female__H3K27ac	1.89642244719e-08	5.07593964687e-08	0.35434719988
Small_Intestine__H3K27ac	3.06855665081e-08	8.29560234252e-08	0.355727901417
Placenta_Amnion__H3K4me1	1.72071007029e-08	4.80006114005e-08	0.359993301335
Primary_hematopoietic_stem_cells_G-CSF-mobilized_Female__H3K4me1	1.38989002565e-08	4.00133324346e-08	0.36416166868
Stomach_Smooth_Muscle__H3K27ac	1.5763746447e-08	4.5590447022e-08	0.364758300822
Vagina_ENTEX__H3K36me3	5.62592540942e-08	1.68445080271e-07	0.369192921276
Sigmoid_Colon__H3K36me3	3.17532714355e-08	9.59224424222e-08	0.370310655373
Primary_monocytes_from_peripheral_blood__H3K4me1	1.34517151964e-08	4.12644602574e-08	0.372216750816
Fetal_Heart__H3K36me3	4.58800870507e-08	1.41972073388e-07	0.373285991191
NHLF_Lung_Fibroblast_Primary_Cells__H3K9ac	7.33252446607e-08	2.27165346778e-07	0.37342957331
Left_Ventricle__H3K27ac	1.47850530863e-08	4.98390864889e-08	0.383364660139
Primary_monocytes_from_peripheral_blood__H3K36me3	1.0865968804e-08	3.71530982246e-08	0.384965682435
Fetal_Intestine_Large__H3K4me3	5.81183057922e-08	1.9918685601e-07	0.385228253966
Ovary__H3K4me3	6.19040809656e-08	2.15448386696e-07	0.386931077836
Right_Atrium__H3K36me3	2.80357394695e-08	1.01620630337e-07	0.391317699264
Rectal_Mucosa_Donor_29__H3K36me3	2.05981940719e-08	7.54670884335e-08	0.392448614919
Primary_neutrophils_from_peripheral_blood__H3K4me1	9.37170904428e-09	3.55554885648e-08	0.396051857552
Esoph-Mucosa_ENTEX__H3K36me3	2.10207022464e-08	8.02586727344e-08	0.396694678717
Skeletal_Muscle_Female__H3K4me1	1.07437839471e-08	4.31353450382e-08	0.401652747546
Skeletal_Muscle_Male__H3K36me3	1.83761361988e-08	7.40525197818e-08	0.402009157533
Stomach_Smooth_Muscle__H3K4me1	1.39916439147e-08	5.74189890287e-08	0.403740784443
Colon_Smooth_Muscle__H3K4me1	1.06560805356e-08	4.61808894413e-08	0.408755856958
Primary_T_killer_memory_cells_from_peripheral_blood__H3K27ac	1.75681809171e-08	9.3227174043e-08	0.425263971732
Primary_neutrophils_from_peripheral_blood__H3K4me3	1.69320368423e-08	9.04588451196e-08	0.425759968451
Aorta__H3K36me3	3.14376549852e-08	1.75402390325e-07	0.42887791734
Gastric__H3K36me3	1.4641486725e-08	8.24759063888e-08	0.429548246165
Thymus__H3K4me3	3.25304115757e-08	2.00365730104e-07	0.435513086947
Artery-Tibial_ENTEX__H3K4me1	2.29776256712e-08	1.42552929909e-07	0.435973207496
Primary_hematopoietic_stem_cells_G-CSF-mobilized_Male__DNase	2.1482604797e-08	1.38620371453e-07	0.438420761296
Heart-LV_ENTEX__H3K36me3	8.72785542609e-09	5.90034137339e-08	0.441202480796
Esoph-Muscularis_ENTEX__H3K36me3	6.70564608841e-09	4.79824186066e-08	0.444427911076
Small_Intestine__H3K4me3	3.74550110649e-08	2.74006505304e-07	0.445636385449
Fetal_Intestine_Large__DNase	1.41311464869e-08	1.08137418417e-07	0.448015146576
Artery-Tibial_ENTEX__H3K36me3	7.78598326475e-09	6.08662732267e-08	0.449106339354
liver_ENTEX__H3K27ac	3.89527843741e-09	3.10728660353e-08	0.450119481248
liver_ENTEX__H3K4me1	2.22297174839e-08	1.79342843451e-07	0.450677052177
Fetal_Muscle_Leg__DNase	1.16925233956e-08	9.6166076021e-08	0.451613142465
Colon_Smooth_Muscle__H3K36me3	8.95603345981e-09	8.38447369019e-08	0.457467126667
NHDF-Ad_Adult_Dermal_Fibroblast_Primary_Cells__H3K36me3	1.62667445792e-08	1.54833426966e-07	0.458164241079
Fetal_Adrenal_Gland__H3K27ac	4.28629931996e-09	4.09132903592e-08	0.45828096259
Mammary_ENTEX__H3K36me3	4.6010060027e-09	5.11920887841e-08	0.464192365632
Primary_hematopoietic_stem_cells_short_term_culture__H3K36me3	4.74128626636e-09	5.67304071313e-08	0.466696874484
Foreskin_Keratinocyte_Primary_Cells_skin02__H3K4me1	5.11085901444e-09	6.1878427892e-08	0.467086722617
Spleen__H3K36me3	4.1835828722e-09	5.94015454524e-08	0.471926162375
Duodenum_Mucosa__H3K4me1	3.89854652161e-09	5.55860861017e-08	0.472042987435
Fetal_Intestine_Small__H3K4me1	3.07983343171e-09	4.5194704718e-08	0.472834749661
SI-Term-Ileum_ENTEX__H3K4me1	3.52998756946e-09	7.07875299093e-08	0.480114042069
Fetal_Adrenal_Gland__H3K36me3	2.45019525752e-09	5.07635233497e-08	0.480751787667
Spleen_ENTEX__H3K4me3	2.66901459964e-09	7.32542205002e-08	0.485467769282
Colon-Sigm_ENTEX__H3K27ac	1.91555177994e-09	5.71624580181e-08	0.486633681989
skeletal_muscle_ENTEX__H3K27ac	6.42143539627e-10	2.06762647237e-08	0.487612025911
Placenta_Amnion__H3K27ac	3.42753711968e-09	1.16523659949e-07	0.488266826545
Rectal_Smooth_Muscle__H3K27ac	7.99326586934e-10	4.81185375694e-08	0.493373229482
NHDF-Ad_Adult_Dermal_Fibroblast_Primary_Cells__H3K27ac	8.9729725583e-10	9.34050979394e-08	0.496167614878
Stomach_ENTEX__H3K4me3	-3.30097923369e-09	1.74776577548e-07	0.507534315599
Ovary_ENTEX__H3K36me3	-5.68715398596e-09	2.37856876068e-07	0.509537794567
Stomach_Smooth_Muscle__H3K36me3	-2.7422862085e-09	8.30738341201e-08	0.513166784355
Foreskin_Fibroblast_Primary_Cells_skin02__DNase	-3.66586873001e-09	1.02643949355e-07	0.514244962299
Sigmoid_Colon__H3K4me1	-5.13231658205e-09	1.34122375161e-07	0.51526217011
Primary_T_killer_naive_cells_from_peripheral_blood__H3K9ac	-7.39130807674e-09	1.81818785854e-07	0.516213359472
Duodenum_Smooth_Muscle__H3K36me3	-4.73990942458e-09	9.5283518575e-08	0.519837330762
Adipose_Nuclei__H3K9ac	-7.18853319132e-09	1.39053048828e-07	0.520614671771
Foreskin_Melanocyte_Primary_Cells_skin03__H3K27ac	-3.65237191425e-09	6.91355221397e-08	0.521065988229
Testis_ENTEX__H3K27ac	-1.96551058822e-09	3.68998343941e-08	0.521240058388
Psoas_Muscle__H3K27ac	-5.52759058375e-09	8.41154380593e-08	0.526197372704
Colonic_Mucosa__H3K4me1	-6.06309864147e-09	8.69268830068e-08	0.527803442251
Skeletal_Muscle_Male__H3K4me1	-4.03703146214e-09	5.39845685872e-08	0.529805604652
Adipose_Nuclei__H3K4me1	-4.6602564599e-09	5.82832222963e-08	0.531864987702
Mammary_ENTEX__H3K4me1	-8.67864559908e-09	1.07335676515e-07	0.532221438379
liver_ENTEX__H3K4me3	-8.61816607893e-09	9.59467400091e-08	0.535785824666
Duodenum_Smooth_Muscle__H3K4me1	-6.15990192124e-09	6.59204617741e-08	0.537224764287
Primary_T_cells_from_peripheral_blood__DNase	-1.10295141896e-08	1.14141631118e-07	0.538489913426
Rectal_Smooth_Muscle__H3K4me1	-7.03520164533e-09	6.24827203205e-08	0.544823920007
Primary_hematopoietic_stem_cells__H3K4me1	-1.28349408157e-08	1.07765644635e-07	0.547402127752
Thyroid_gland_ENTEX__H3K4me3	-2.14783105691e-08	1.5940893166e-07	0.553590163701
Primary_T_helper_memory_cells_from_peripheral_blood_2__H3K4me3	-2.21514631327e-08	1.63904286136e-07	0.553752875629
Liver__H3K4me1	-5.60912563671e-09	4.06293205933e-08	0.55490196058
Skeletal_Muscle_Female__H3K4me3	-1.6592190725e-08	1.12751747687e-07	0.558495886242
Pancreatic_Islets__H3K4me1	-1.32153215456e-08	8.59629143375e-08	0.561089798533
Lung__H3K36me3	-1.39083238431e-08	8.98924029043e-08	0.561479719964
Fetal_Heart__H3K4me3	-1.56246031211e-08	9.62898038429e-08	0.564451977023
Heart-Atrial_ENTEX__H3K4me1	-3.80601663398e-08	2.30244737687e-07	0.565647286157
Rectal_Mucosa_Donor_31__H3K36me3	-1.22088387653e-08	6.95531054135e-08	0.569669428874
Liver__H3K9ac	-1.56698267388e-08	8.68977230673e-08	0.571551261532
NHLF_Lung_Fibroblast_Primary_Cells__H3K27ac	-1.58941961854e-08	8.51432696243e-08	0.574042622149
Foreskin_Fibroblast_Primary_Cells_skin02__H3K4me1	-1.02776687723e-08	5.09813282646e-08	0.579883996811
Colonic_Mucosa__H3K9ac	-3.09216579509e-08	1.49962547482e-07	0.581681043116
Pancreas_ENTEX__H3K36me3	-1.07737884812e-08	4.99056098463e-08	0.585460648354
Fetal_Intestine_Small__DNase	-2.88853582204e-08	1.31853522021e-07	0.58670285206
Primary_hematopoietic_stem_cells_G-CSF-mobilized_Female__H3K36me3	-1.01097871088e-08	4.60428824331e-08	0.586898251799
Testis_ENTEX__H3K4me3	-2.26346324957e-08	1.03015249654e-07	0.586955846836
Psoas_Muscle__H3K36me3	-3.48044284448e-08	1.55312882167e-07	0.588657276764
Placenta__H3K27ac	-8.93428553696e-09	3.97736851727e-08	0.588865681044
Primary_neutrophils_from_peripheral_blood__H3K36me3	-6.93562244009e-09	3.04471886535e-08	0.590095981434
Small_Intestine__DNase	-2.48823547912e-08	1.07616438767e-07	0.591425461276
Pancreas__H3K36me3	-1.96184354939e-08	8.48184491533e-08	0.591458797883
Fetal_Kidney__H3K4me1	-2.79536112521e-08	1.19314111015e-07	0.592618475687
Prostate_ENTEX__H3K36me3	-8.91220388501e-08	3.79105694333e-07	0.592928595768
Fetal_Adrenal_Gland__H3K4me1	-1.19329341496e-08	4.93073295951e-08	0.595614321596
Primary_B_cells_from_peripheral_blood__DNase	-3.00561028036e-08	1.2223188517e-07	0.597117905214
Primary_hematopoietic_stem_cells__H3K36me3	-2.64245174987e-08	1.03688055072e-07	0.600579094469
Psoas_Muscle__DNase	-2.61632355328e-08	9.97272840007e-08	0.603473351101
HMEC_Mammary_Epithelial_Primary_Cells__DNase	-2.42209652747e-08	8.92936058726e-08	0.606900941877
Foreskin_Keratinocyte_Primary_Cells_skin02__H3K36me3	-2.06755838457e-08	7.52607606056e-08	0.608234050805
Foreskin_Keratinocyte_Primary_Cells_skin03__H3K4me1	-1.35925610008e-08	4.54425290032e-08	0.61757400819
Heart-LV_ENTEX__H3K27ac	-1.33840558577e-08	4.47207458769e-08	0.617637058028
Gastric__H3K4me1	-2.86260478873e-08	9.52937119576e-08	0.618063235097
Foreskin_Fibroblast_Primary_Cells_skin01__H3K36me3	-1.36179665611e-08	4.37377360757e-08	0.622234652729
Pancreas__H3K27ac	-3.52392736031e-08	1.11168985396e-07	0.624373780137
NHEK-Epidermal_Keratinocyte_Primary_Cells__DNase	-2.8721381149e-08	8.9183615587e-08	0.626291732952
Lung_ENTEX__H3K27ac	-1.46481407159e-08	4.50132051335e-08	0.627567914719
Rectal_Smooth_Muscle__H3K4me3	-5.13274361432e-08	1.5768520051e-07	0.627600826299
Primary_B_cells_from_peripheral_blood__H3K36me3	-1.38049578681e-08	4.17759207455e-08	0.629470964757
Stomach_Mucosa__H3K4me3	-6.65260975759e-08	1.98953489345e-07	0.630953641817
Fetal_Muscle_Trunk__DNase	-3.51193410514e-08	1.04140900262e-07	0.632027895243
Pancreatic_Islets__H3K4me3	-9.17280172728e-08	2.67504634516e-07	0.634164107656
Foreskin_Fibroblast_Primary_Cells_skin01__H3K4me1	-1.48595443802e-08	4.26088414318e-08	0.636358951404
Rectal_Mucosa_Donor_29__H3K4me1	-3.15129488908e-08	8.9890593224e-08	0.637044531954
Adrenal_gland_ENTEX__H3K4me1	-1.65379884283e-08	4.6616204745e-08	0.638618705801
Primary_T_cells_from_cord_blood__DNase	-6.01567674188e-08	1.68275926956e-07	0.639637063625
Heart-LV_ENTEX__H3K4me3	-5.77753542378e-08	1.59298828383e-07	0.641580034504
HMEC_Mammary_Epithelial_Primary_Cells__H3K36me3	-2.92685784575e-08	7.86993078093e-08	0.645017794408
Primary_T_helper_17_cells_PMA-I_stimulated__H3K4me3	-4.67483083472e-08	1.24129500869e-07	0.646767964127
Ovary_ENTEX__H3K4me3	-9.33401266607e-08	2.44639991368e-07	0.648598981489
Foreskin_Fibroblast_Primary_Cells_skin02__H3K36me3	-2.2480136694e-08	5.72775594067e-08	0.652647176318
Small_Intestine__H3K36me3	-6.06318947784e-08	1.52860327238e-07	0.654186840437
Fetal_Stomach__H3K4me3	-1.03161897108e-07	2.59702261648e-07	0.654401591291
Thyroid_gland_ENTEX__H3K27ac	-1.24658138008e-08	3.06528856395e-08	0.657877265264
Primary_hematopoietic_stem_cells_short_term_culture__H3K4me1	-2.14283139473e-08	5.25638979038e-08	0.658239151585
Colon-Sigm_ENTEX__H3K4me1	-1.20834203143e-07	2.93071043287e-07	0.659941491002
Stomach_ENTEX__H3K4me1	-2.34327310555e-08	5.53610444449e-08	0.663951267148
Aorta_ENTEX__H3K36me3	-2.11319220161e-08	4.93360025844e-08	0.665793320636
Colon_Smooth_Muscle__H3K27ac	-2.12950264694e-08	4.84944264782e-08	0.669713855787
Small_Intestine__H3K4me1	-3.67827736319e-08	8.36451704588e-08	0.669940084625
NHLF_Lung_Fibroblast_Primary_Cells__H3K4me1	-3.76302292712e-08	8.37452377429e-08	0.673407417325
Skeletal_Muscle_Female__H3K9ac	-4.95848924373e-08	1.09851605408e-07	0.674142397611
Fetal_Intestine_Large__H3K4me1	-1.91873609497e-08	4.234660684e-08	0.674762596344
NHDF-Ad_Adult_Dermal_Fibroblast_Primary_Cells__H3K4me1	-2.72806642397e-08	6.00586777487e-08	0.675169618165
Colon-TV_ENTEX__H3K4me1	-4.99131372264e-08	1.09818857373e-07	0.675267032567
Left_Ventricle__H3K4me3	-1.00316093395e-07	2.19634748974e-07	0.676071225131
Placenta__H3K4me3	-9.71042090322e-08	2.11995724498e-07	0.67654100719
Stomach_ENTEX__H3K36me3	-2.35161283871e-08	4.9533740564e-08	0.682517304932
Foreskin_Fibroblast_Primary_Cells_skin01__H3K27ac	-3.02481122152e-08	6.30575723602e-08	0.684276223037
Fetal_Adrenal_Gland__DNase	-5.11838113454e-08	1.05852679382e-07	0.685643169372
Primary_Natural_Killer_cells_from_peripheral_blood__H3K4me1	-2.93370015438e-08	6.01754719522e-08	0.687056567275
Uterus_ENTEX__H3K27ac	-1.99748771803e-08	4.08385777549e-08	0.687620866116
Primary_hematopoietic_stem_cells_G-CSF-mobilized_Male__H3K4me1	-2.28341988145e-08	4.61020369674e-08	0.68980474217
Stomach_Smooth_Muscle__H3K4me3	-4.96125550839e-08	1.00051779185e-07	0.690006507836
Primary_hematopoietic_stem_cells_G-CSF-mobilized_Female__H3K4me3	-7.65178663968e-08	1.53914398473e-07	0.690456810869
Liver__H3K27ac	-2.17522647757e-08	4.33482108069e-08	0.692096969353
Duodenum_Smooth_Muscle__H3K4me3	-4.8876685827e-08	9.66610154588e-08	0.693448970234
Colon-TV_ENTEX__H3K27ac	-2.20328827145e-08	4.32340656336e-08	0.694840644367
NHEK-Epidermal_Keratinocyte_Primary_Cells__H3K4me3	-7.0665165215e-08	1.38550500079e-07	0.694985419086
Adipose_Nuclei__H3K4me3	-5.54778928218e-08	1.06237389913e-07	0.699236841694
Heart-LV_ENTEX__H3K4me1	-3.73592573663e-08	7.1184602615e-08	0.7001465897
Primary_monocytes_from_peripheral_blood__H3K4me3	-1.02094691541e-07	1.92331143729e-07	0.702230895684
Gastric__H3K27ac	-6.26034496472e-08	1.15506401315e-07	0.706087705768
Uterus_ENTEX__H3K4me3	-1.45078261667e-07	2.67512227131e-07	0.706202286752
Fetal_Kidney__H3K36me3	-1.08353493225e-07	1.98406074511e-07	0.70750821786
SI-Term-Ileum_ENTEX__H3K27ac	-2.51805443428e-08	4.55238046883e-08	0.709912518467
Primary_hematopoietic_stem_cells_G-CSF-mobilized_Male__H3K4me3	-6.39843084945e-08	1.14408835253e-07	0.712007924449
liver_ENTEX__H3K36me3	-3.64363395258e-08	6.39163333004e-08	0.71568253034
Stomach_Smooth_Muscle__H3K9ac	-9.01650966501e-08	1.57740169981e-07	0.716205253884
Pancreas__H3K4me1	-3.59948718975e-08	6.26565934029e-08	0.717178010212
Foreskin_Keratinocyte_Primary_Cells_skin03__H3K27ac	-3.34603719392e-08	5.81335601053e-08	0.717549619538
Esoph-GJ_ENTEX__H3K4me3	-9.47424562207e-08	1.61159349266e-07	0.721693783212
Fetal_Kidney__DNase	-6.96446831273e-08	1.17284058409e-07	0.72368107421
Colonic_Mucosa__H3K27ac	-4.67725483309e-08	7.83605919635e-08	0.724709138842
Primary_B_cells_from_cord_blood__H3K4me1	-3.4523212431e-08	5.71603220446e-08	0.727068745396
Nerve-Tibial_ENTEX__H3K36me3	-3.6641073305e-08	6.01434121588e-08	0.728813462825
Primary_T_helper_naive_cells_from_peripheral_blood_2__H3K4me3	-9.3631795607e-08	1.50460054101e-07	0.733128790371
Colon_Smooth_Muscle__H3K9ac	-7.96240543152e-08	1.27118117856e-07	0.734466641579
Breast_Myoepithelial_Primary_Cells__H3K9ac	-8.52461093912e-08	1.35900070395e-07	0.734759041708
Rectal_Mucosa_Donor_31__H3K9ac	-6.65693902182e-08	1.0554747287e-07	0.735883506422
Colon-TV_ENTEX__H3K4me3	-1.21412612736e-07	1.90879410089e-07	0.737634509402
Spleen_ENTEX__H3K36me3	-2.2062748689e-08	3.46572183023e-08	0.737806944476
Stomach_Mucosa__H3K4me1	-2.61972662406e-08	4.08601874846e-08	0.739285452812
Thyroid_gland_ENTEX__H3K4me1	-2.2920825116e-08	3.56360283218e-08	0.73995039099
Sigmoid_Colon__H3K27ac	-5.34028443581e-08	8.24550041521e-08	0.741397702191
Primary_hematopoietic_stem_cells_G-CSF-mobilized_Female__H3K27ac	-4.46853515556e-08	6.89296297379e-08	0.741596430168
Primary_T_helper_cells_from_peripheral_blood__H3K4me3	-1.26816019799e-07	1.93283569067e-07	0.744124551752
Primary_T_cells_from_peripheral_blood__H3K4me1	-4.02946017426e-08	5.91352195768e-08	0.752190056459
Primary_T_cells_effector_memory_enriched_from_peripheral_blood__H3K4me3	-1.24420350299e-07	1.82087525689e-07	0.752791255752
Foreskin_Keratinocyte_Primary_Cells_skin02__DNase	-6.02090118732e-08	8.60333443502e-08	0.757984337697
Breast_variant_Human_Mammary_Epithelial_Cells_(vHMEC)__H3K4me3	-1.53825031232e-07	2.18590126051e-07	0.759194691457
HMEC_Mammary_Epithelial_Primary_Cells__H3K9ac	-7.51292751204e-08	1.04307514375e-07	0.764319733876
HMEC_Mammary_Epithelial_Primary_Cells__H3K4me1	-3.46105844888e-08	4.76778984362e-08	0.766057664199
Fetal_Thymus__H3K4me3	-1.30542720181e-07	1.78270091532e-07	0.767999613425
NHEK-Epidermal_Keratinocyte_Primary_Cells__H3K9ac	-6.53726941434e-08	8.91141684855e-08	0.76839872592
Primary_T_killer_naive_cells_from_peripheral_blood__H3K27ac	-8.98337208017e-08	1.22333874061e-07	0.768626895845
Primary_T_helper_memory_cells_from_peripheral_blood_1__H3K4me3	-1.10942832121e-07	1.50835948513e-07	0.768988518021
Stomach_Mucosa__H3K9ac	-8.48890255949e-08	1.11813647949e-07	0.776133815311
Primary_T_regulatory_cells_from_peripheral_blood__H3K4me3	-9.79596902624e-08	1.28469565683e-07	0.77712300139
Lung_ENTEX__H3K4me1	-3.82939170827e-08	4.95466688146e-08	0.780205017274
HMEC_Mammary_Epithelial_Primary_Cells__H3K27ac	-4.38759940569e-08	5.54722304544e-08	0.78551464289
Skeletal_Muscle_Male__H3K9ac	-5.91605226363e-08	7.44330065153e-08	0.786639643323
Rectal_Mucosa_Donor_31__H3K4me1	-4.5108488612e-08	5.57305822193e-08	0.7908582504
HMEC_Mammary_Epithelial_Primary_Cells__H3K4me3	-1.68037109954e-07	2.05733938426e-07	0.792969783919
Colon-Sigm_ENTEX__H3K4me3	-2.49719851914e-07	2.97113411008e-07	0.799682204797
Colon_Smooth_Muscle__H3K4me3	-1.09021717814e-07	1.29422123432e-07	0.800210432747
Primary_B_cells_from_cord_blood__H3K36me3	-1.44512651673e-07	1.70743338787e-07	0.801327815091
Primary_T_helper_memory_cells_from_peripheral_blood_2__H3K27ac	-6.47219589792e-08	7.59646572036e-08	0.802893213501
Esoph-Mucosa_ENTEX__H3K27ac	-5.14536776963e-08	5.96022522278e-08	0.806009362703
Rectal_Smooth_Muscle__H3K9ac	-1.80042741997e-07	2.04466700884e-07	0.810718739534
Colonic_Mucosa__H3K4me3	-1.60968784044e-07	1.82646371817e-07	0.810926024336
Esoph-Mucosa_ENTEX__H3K4me3	-1.27955184715e-07	1.42090347369e-07	0.81607817872
Skeletal_Muscle_Male__H3K4me3	-1.18593328596e-07	1.31594710813e-07	0.81625935841
Fetal_Adrenal_Gland__H3K4me3	-2.14483078355e-07	2.34938476472e-07	0.819361098882
Stomach_ENTEX__H3K27ac	-4.00811672846e-08	4.38129981542e-08	0.819857893867
Esophagus__H3K4me1	-6.56150770097e-08	7.13277587451e-08	0.821189951473
Fetal_Intestine_Small__H3K27ac	-4.74655271323e-08	5.02639368201e-08	0.827498380644
Lung_ENTEX__H3K4me3	-2.10748565741e-07	2.2039307028e-07	0.830524383392
Testis_ENTEX__H3K36me3	-2.43631631668e-07	2.54186356699e-07	0.831088714337
Fetal_Intestine_Large__H3K27ac	-4.5675859556e-08	4.73255096105e-08	0.832763272978
Mammary_ENTEX__H3K4me3	-1.28337667721e-07	1.30785604715e-07	0.836773355144
Primary_T_helper_naive_cells_from_peripheral_blood__H3K9ac	-1.52529005617e-07	1.54925238091e-07	0.83757323688
Primary_Natural_Killer_cells_from_peripheral_blood__DNase	-1.30838973792e-07	1.31638000724e-07	0.8398715552
Primary_T_helper_naive_cells_from_peripheral_blood_2__H3K4me1	-4.78787154747e-08	4.75581011705e-08	0.842970500127
Rectal_Mucosa_Donor_29__H3K9ac	-1.48433658021e-07	1.46846711673e-07	0.843945551446
Primary_B_cells_from_peripheral_blood__H3K4me1	-4.70964672153e-08	4.62835308551e-08	0.84555746233
Esophagus__H3K36me3	-7.71708146878e-08	7.57785643179e-08	0.845749544296
Fetal_Thymus__DNase	-9.78030632049e-08	9.58899569526e-08	0.84612416402
Primary_B_cells_from_peripheral_blood__H3K27ac	-8.36093797063e-08	8.08255881982e-08	0.849535201057
Primary_T_helper_naive_cells_from_peripheral_blood_1__H3K27ac	-1.35787346117e-07	1.29702433087e-07	0.852430472253
Duodenum_Mucosa__H3K4me3	-1.21639038835e-07	1.16034103274e-07	0.852750764447
Primary_T_killer_memory_cells_from_peripheral_blood__H3K4me3	-1.87808166122e-07	1.77138390203e-07	0.855480950031
Primary_T_killer_memory_cells_from_peripheral_blood__H3K4me1	-6.31198895624e-08	5.95132417697e-08	0.855564693881
NHEK-Epidermal_Keratinocyte_Primary_Cells__H3K4me1	-4.50541146036e-08	4.17754784849e-08	0.859590714311
Primary_Natural_Killer_cells_from_peripheral_blood__H3K4me3	-2.23473282519e-07	2.06356364102e-07	0.860584323747
NHEK-Epidermal_Keratinocyte_Primary_Cells__H3K27ac	-6.05393866279e-08	5.58633666459e-08	0.860752099209
Vagina_ENTEX__H3K4me3	-2.19780047252e-07	1.9605504898e-07	0.868858606119
Foreskin_Melanocyte_Primary_Cells_skin03__H3K36me3	-3.84449930319e-08	3.32890808811e-08	0.875930825584
Primary_T_helper_naive_cells_from_peripheral_blood_1__H3K4me3	-1.91841867891e-07	1.6591537757e-07	0.876213269782
Pancreatic_Islets__H3K27ac	-1.85231985701e-07	1.54836420691e-07	0.884211726555
Spleen__H3K4me3	-1.50958616031e-07	1.25899733161e-07	0.884743494915
Primary_hematopoietic_stem_cells__H3K4me3	-2.83235130405e-07	2.34794446621e-07	0.88615120657
Primary_Natural_Killer_cells_from_peripheral_blood__H3K27ac	-8.43652343754e-08	6.9919143754e-08	0.886209078524
Prostate_ENTEX__H3K27ac	-7.94802812695e-08	6.56828848349e-08	0.886872209754
Pancreas__DNase	-1.75235002501e-07	1.42869174474e-07	0.890002556606
Primary_T_cells_from_peripheral_blood__H3K4me3	-2.47216989562e-07	2.01116661272e-07	0.890505676061
NHEK-Epidermal_Keratinocyte_Primary_Cells__H3K36me3	-6.59406107853e-08	5.35567985048e-08	0.890881132296
Primary_T_regulatory_cells_from_peripheral_blood__H3K27ac	-6.23986706486e-08	5.06753877991e-08	0.890902278827
Breast_variant_Human_Mammary_Epithelial_Cells_(vHMEC)__H3K4me1	-5.94165864843e-08	4.8159652608e-08	0.891350472338
SI-Term-Ileum_ENTEX__H3K36me3	-1.69728066579e-07	1.34373833617e-07	0.896724016222
Primary_T_killer_naive_cells_from_peripheral_blood__H3K4me3	-2.31114164362e-07	1.82917972741e-07	0.896792581692
Primary_T_helper_cells_from_peripheral_blood__H3K27ac	-1.03764447129e-07	8.11055332443e-08	0.899617603938
Breast_variant_Human_Mammary_Epithelial_Cells_(vHMEC)__DNase	-1.19694327855e-07	9.32828311127e-08	0.900277349792
Pancreas_ENTEX__H3K27ac	-4.17951791986e-08	3.20500620938e-08	0.903893305345
Primary_mononuclear_cells_from_peripheral_blood__H3K27ac	-2.41264135165e-07	1.84064817793e-07	0.90502995889
Primary_T_helper_naive_cells_from_peripheral_blood_1__H3K4me1	-7.40583125995e-08	5.60102933624e-08	0.906953685177
Primary_T_helper_naive_cells_from_peripheral_blood_2__H3K27ac	-8.34343421135e-08	6.20202670381e-08	0.910731849323
Gastric__DNase	-2.20212018263e-07	1.6368830357e-07	0.910737926729
Primary_T_killer_naive_cells_from_peripheral_blood__H3K4me1	-6.76507328907e-08	5.0026661919e-08	0.911859288603
Duodenum_Mucosa__H3K9ac	-2.06722996912e-07	1.47701352005e-07	0.919183620292
Liver__H3K4me3	-1.31467234684e-07	9.32628751406e-08	0.920677241277
Primary_T_helper_memory_cells_from_peripheral_blood_1__H3K27ac	-1.18579973808e-07	8.352964811e-08	0.922140158467
Primary_B_cells_from_cord_blood__H3K4me3	-3.32025923212e-07	2.33779510484e-07	0.922232900979
Primary_B_cells_from_peripheral_blood__H3K4me3	-3.06574285839e-07	2.15692514554e-07	0.922392301074
Vagina_ENTEX__H3K27ac	-6.4084618506e-08	4.50527574529e-08	0.922549993954
Foreskin_Keratinocyte_Primary_Cells_skin03__H3K36me3	-4.91650192606e-08	3.45609602553e-08	0.922568041301
Fetal_Stomach__DNase	-1.98191700549e-07	1.34981085104e-07	0.928987591912
Primary_mononuclear_cells_from_peripheral_blood__H3K36me3	-7.51963654992e-08	5.09835376549e-08	0.929882251525
Primary_T_regulatory_cells_from_peripheral_blood__H3K4me1	-8.05198106938e-08	5.38935735525e-08	0.932419008426
Primary_T_helper_cells_PMA-I_stimulated__H3K4me3	-1.59747288536e-07	1.04552548748e-07	0.936733036983
Lung_ENTEX__H3K36me3	-8.36997305634e-08	5.40646847822e-08	0.939205768902
Primary_T_helper_17_cells_PMA-I_stimulated__H3K4me1	-9.19184942075e-08	5.90687669466e-08	0.94016103421
Rectal_Mucosa_Donor_31__H3K27ac	-9.27008873445e-08	5.92205725389e-08	0.941249496343
Primary_mononuclear_cells_from_peripheral_blood__H3K4me1	-2.43809572944e-07	1.54429488452e-07	0.942806279454
Primary_T_cells_from_cord_blood__H3K36me3	-1.6923096403e-07	1.04617404343e-07	0.947127492917
Primary_T_helper_17_cells_PMA-I_stimulated__H3K27ac	-1.28227930787e-07	7.84714167298e-08	0.948878114486
Primary_T_cells_from_peripheral_blood__H3K27ac	-1.11455770909e-07	6.80732408337e-08	0.949215261509
Primary_hematopoietic_stem_cells_short_term_culture__H3K4me3	-2.59355572022e-07	1.5833356689e-07	0.949292571578
Skin_tissue_ENTEX__H3K4me3	-3.1231798652e-07	1.8951884195e-07	0.950318756548
Esophagus__H3K4me3	-3.37512990942e-07	2.03526726204e-07	0.95137382561
Rectal_Mucosa_Donor_29__H3K27ac	-1.1113464287e-07	6.69340482309e-08	0.951579013881
Fetal_Lung__H3K4me3	-3.07825507698e-07	1.83522155092e-07	0.953260105529
Pancreas_ENTEX__H3K4me1	-4.33828557044e-08	2.57902613351e-08	0.953729248101
Breast_variant_Human_Mammary_Epithelial_Cells_(vHMEC)__H3K36me3	-6.38249341142e-08	3.77251724853e-08	0.954661702849
Primary_T_cells_from_cord_blood__H3K4me1	-1.313408517e-07	7.58296932982e-08	0.958367706669
Primary_T_helper_cells_from_peripheral_blood__H3K4me1	-8.61466592813e-08	4.93491956159e-08	0.959564521514
Pancreas_ENTEX__H3K4me3	-2.58059658486e-07	1.47129382143e-07	0.960281673023
Primary_mononuclear_cells_from_peripheral_blood__H3K4me3	-4.54898534624e-07	2.56232865186e-07	0.962078499409
Pancreas__H3K4me3	-3.60827829947e-07	2.0141837403e-07	0.963388203916
Rectal_Mucosa_Donor_31__H3K4me3	-2.74475371529e-07	1.53131602309e-07	0.963466738184
Primary_T_cells_effector_memory_enriched_from_peripheral_blood__H3K27ac	-1.41538529311e-07	7.67180427859e-08	0.967475295715
Gastric__H3K4me3	-2.77476850649e-07	1.49906974621e-07	0.967914763097
Liver__H3K36me3	-7.88289557677e-08	4.23811390726e-08	0.968557298933
Primary_T_helper_cells_PMA-I_stimulated__H3K4me1	-7.66276230085e-08	4.09334134483e-08	0.969397159644
Primary_monocytes_from_peripheral_blood__DNase	-2.42713186581e-07	1.25331807575e-07	0.973600727483
Primary_T_helper_memory_cells_from_peripheral_blood_1__H3K4me1	-9.62492405288e-08	4.94579506341e-08	0.97417757063
Primary_Natural_Killer_cells_from_peripheral_blood__H3K36me3	-9.2582648221e-08	4.73381681674e-08	0.974753971216
Primary_T_helper_memory_cells_from_peripheral_blood_2__H3K36me3	-1.90167664739e-07	9.49318659657e-08	0.977422172399
Lung__H3K4me3	-4.38436486691e-07	2.18625110718e-07	0.977541239091
Fetal_Lung__H3K9ac	-3.0469178916e-07	1.49876667769e-07	0.978971218487
Primary_T_cells_from_cord_blood__H3K4me3	-4.5098693079e-07	2.19772139558e-07	0.979918374661
Primary_T_cells_effector_memory_enriched_from_peripheral_blood__H3K4me1	-1.64275661817e-07	7.8941577239e-08	0.981282026359
Fetal_Kidney__H3K4me3	-4.71588946734e-07	2.24101035869e-07	0.982326411956
Esophagus__H3K27ac	-1.34195272467e-07	6.30978928505e-08	0.983280774376
Pancreatic_Islets__H3K9ac	-5.11007864747e-07	2.38915560404e-07	0.983776653332
Primary_T_helper_cells_PMA-I_stimulated__H3K27ac	-9.55062435959e-08	4.42563238182e-08	0.984537047491
Spleen_ENTEX__H3K4me1	-2.70503657198e-07	1.24670628025e-07	0.984986971857
Spleen_ENTEX__H3K27ac	-6.8754579006e-08	3.14259424125e-08	0.985658959074
Primary_T_helper_cells_PMA-I_stimulated__H3K36me3	-1.18953290917e-07	5.31089621654e-08	0.987447945666
Primary_T_helper_memory_cells_from_peripheral_blood_2__H3K4me1	-1.09394565682e-07	4.6848902411e-08	0.990229615688
Primary_T_helper_memory_cells_from_peripheral_blood_1__H3K36me3	-1.70425284409e-07	7.25396966901e-08	0.990598334242
Primary_T_helper_naive_cells_from_peripheral_blood_2__H3K36me3	-1.46499236525e-07	6.22855010672e-08	0.990665118777
Prostate_ENTEX__H3K4me3	-6.01940122792e-07	2.55068444342e-07	0.990860465159
Spleen__H3K27ac	-1.58270297504e-07	6.69142406832e-08	0.990991553485
Rectal_Mucosa_Donor_29__H3K4me3	-3.12880125738e-07	1.31380064933e-07	0.991378587563
Esoph-Mucosa_ENTEX__H3K4me1	-1.16272124659e-07	4.78039553688e-08	0.992497740365
Primary_T_killer_naive_cells_from_peripheral_blood__H3K36me3	-2.39425802698e-07	9.6596325157e-08	0.993405455106
Primary_mononuclear_cells_from_peripheral_blood__H3K9ac	-3.62675466754e-07	1.43105548561e-07	0.994366734258
Primary_T_cells_effector_memory_enriched_from_peripheral_blood__H3K36me3	-1.58144744597e-07	6.07502571904e-08	0.995382025042
Primary_T_helper_cells_from_peripheral_blood__H3K36me3	-1.33090336456e-07	5.01918242888e-08	0.995994831291
Primary_T_helper_naive_cells_from_peripheral_blood_1__H3K36me3	-2.00077407988e-07	7.52441226056e-08	0.996081859758
Fetal_Kidney__H3K9ac	-5.52496994181e-07	1.93950938722e-07	0.99780469451
Primary_T_killer_memory_cells_from_peripheral_blood__H3K36me3	-2.35740647035e-07	8.03849706661e-08	0.998319564648
Primary_T_regulatory_cells_from_peripheral_blood__H3K36me3	-1.22074213709e-07	4.10954218104e-08	0.998513453972
Primary_T_helper_17_cells_PMA-I_stimulated__H3K36me3	-1.58602187141e-07	5.22478691532e-08	0.998799601935
Primary_T_cells_from_peripheral_blood__H3K36me3	-1.55605707649e-07	4.79734126053e-08	0.999409816288
Spleen__H3K4me1	-1.9596921512e-07	5.93461101385e-08	0.999520250636
