Name	Coefficient	Coefficient_std_error	Coefficient_P_value
Lung__H3K27ac	1.77487582548e-07	6.32726495828e-08	0.00251486688925
Lung_ENTEX__H3K27ac	9.11126641951e-08	3.29120360557e-08	0.00281688044926
Brain_Angular_Gyrus__H3K27ac	1.36295957898e-07	5.02042974996e-08	0.0033155248805
Brain_Anterior_Caudate__H3K27ac	1.15043704518e-07	4.37257053165e-08	0.00425630828566
Brain_Inferior_Temporal_Lobe__H3K27ac	1.03919303409e-07	4.02406864708e-08	0.00490516972543
Primary_hematopoietic_stem_cells_G-CSF-mobilized_Male__H3K36me3	9.95712693873e-08	4.04658671423e-08	0.0069347886558
Brain_Hippocampus_Middle__H3K4me1	7.64122853134e-08	3.43055500459e-08	0.0129601758361
Brain_Angular_Gyrus__H3K4me1	1.10563231526e-07	4.99721898935e-08	0.0134662328835
Brain_Substantia_Nigra__H3K4me1	8.25176196967e-08	3.76859866438e-08	0.0142762603383
Brain_Cingulate_Gyrus__H3K27ac	9.62975563012e-08	4.41372296423e-08	0.0145630276825
Pancreatic_Islets__H3K4me1	1.04070679816e-07	4.82307725494e-08	0.0154730481362
Brain_Hippocampus_Middle__H3K27ac	8.59233265134e-08	4.10264558884e-08	0.018114874651
Right_Atrium__H3K4me3	5.31016211206e-07	2.55992742787e-07	0.0190238318873
Brain_Inferior_Temporal_Lobe__H3K4me1	1.31000077617e-07	6.35025036809e-08	0.0195604943414
Brain_Anterior_Caudate__H3K9ac	1.94930628342e-07	9.51136518761e-08	0.020209089514
Testis_ENTEX__H3K4me3	2.08859266921e-07	1.02437613233e-07	0.0207303858278
Fetal_Brain_Male__H3K4me1	8.66787546363e-08	4.35938027657e-08	0.0233877434708
SI-Term-Ileum_ENTEX__H3K27ac	8.68323649683e-08	4.44616470638e-08	0.0254114389902
Brain_Hippocampus_Middle__H3K4me3	2.21694757496e-07	1.14111651829e-07	0.0260208840808
Pancreatic_Islets__H3K27ac	2.28385625582e-07	1.19977022765e-07	0.0284825806757
Brain_Substantia_Nigra__H3K27ac	7.21413219354e-08	3.80666011776e-08	0.0290373051347
NHLF_Lung_Fibroblast_Primary_Cells__DNase	1.74362391281e-07	9.68294654251e-08	0.0358738079829
Brain_Angular_Gyrus__H3K9ac	1.97271907907e-07	1.1066929933e-07	0.0373310082541
Brain_Dorsolateral_Prefrontal_Cortex__H3K4me1	1.13495227911e-07	6.40981905455e-08	0.0383097635872
skeletal_muscle_ENTEX__H3K36me3	5.60253880781e-08	3.21046945849e-08	0.0404851262007
Adrenal_gland_ENTEX__H3K36me3	8.66594656878e-08	4.99338873833e-08	0.0413275510809
Brain_Substantia_Nigra__H3K9ac	1.88051826399e-07	1.12210173554e-07	0.0468799414375
Brain_Anterior_Caudate__H3K4me1	8.06047296833e-08	4.85621570207e-08	0.0484747332172
Brain_Dorsolateral_Prefrontal_Cortex__H3K27ac	9.30525076703e-08	5.68541098531e-08	0.0508477131885
Adrenal_gland_ENTEX__H3K4me3	1.95121747384e-07	1.19220643176e-07	0.0508524407268
Rectal_Smooth_Muscle__H3K4me3	2.81288216837e-07	1.72713517972e-07	0.0516945809106
Fetal_Lung__H3K36me3	7.75969121101e-08	4.78516860094e-08	0.0524431276271
Primary_hematopoietic_stem_cells_G-CSF-mobilized_Female__H3K36me3	6.98023793093e-08	4.32586534444e-08	0.0533065662709
Pancreas_ENTEX__H3K4me1	4.51663523231e-08	2.84033364158e-08	0.0558973772195
Brain_Cingulate_Gyrus__H3K4me1	7.00617404084e-08	4.42127638103e-08	0.0565229795151
Lung_ENTEX__H3K4me1	5.95616094335e-08	3.8258675988e-08	0.0597574284741
Duodenum_Mucosa__H3K36me3	9.52796488641e-08	6.13965919243e-08	0.0603464328231
Fetal_Brain_Female__H3K4me1	9.29418567744e-08	6.42561342403e-08	0.0740286291849
Brain_Cingulate_Gyrus__H3K9ac	1.81561472728e-07	1.27044710276e-07	0.0764856235628
Brain_Germinal_Matrix__H3K4me1	1.31900696075e-07	9.29599108265e-08	0.0779642765458
Adipose_Nuclei__H3K36me3	7.20362463724e-08	5.13906678926e-08	0.0804967658087
Fetal_Intestine_Large__H3K36me3	7.52672868025e-08	5.3773295766e-08	0.0807993453135
Foreskin_Keratinocyte_Primary_Cells_skin02__DNase	1.066081487e-07	7.68234651385e-08	0.0826137596808
Small_Intestine__H3K27ac	1.25473196576e-07	9.09025061189e-08	0.0837463562855
Nerve-Tibial_ENTEX__H3K36me3	7.55002772917e-08	5.49534661282e-08	0.0847371835917
Colonic_Mucosa__H3K4me3	2.19122583183e-07	1.61564355759e-07	0.0875089079393
Fetal_Muscle_Leg__DNase	1.1188766067e-07	8.34438007641e-08	0.0899806090456
Primary_hematopoietic_stem_cells__H3K36me3	1.25753426723e-07	9.52262059456e-08	0.0933214168198
Rectal_Mucosa_Donor_29__H3K4me3	1.80855956881e-07	1.37226046403e-07	0.0937615483128
Small_Intestine__DNase	1.2501694946e-07	9.75360982527e-08	0.0999650796318
Esoph-GJ_ENTEX__H3K4me1	5.94806343232e-08	4.71258582978e-08	0.103444613107
Esoph-Mucosa_ENTEX__H3K4me3	1.39662233674e-07	1.15672328121e-07	0.113639958448
Rectal_Mucosa_Donor_31__H3K4me3	2.04499690921e-07	1.70384914155e-07	0.115026602568
Primary_hematopoietic_stem_cells_G-CSF-mobilized_Male__H3K4me3	1.33398859193e-07	1.13249317119e-07	0.119413856923
Brain_Inferior_Temporal_Lobe__H3K4me3	1.67116179777e-07	1.42670970704e-07	0.120731118956
Primary_neutrophils_from_peripheral_blood__H3K4me3	1.09056798937e-07	9.36190903867e-08	0.122029908545
Foreskin_Melanocyte_Primary_Cells_skin03__H3K36me3	3.87762866327e-08	3.34797712318e-08	0.123391119166
Brain_Germinal_Matrix__H3K4me3	2.07072212627e-07	1.80632773103e-07	0.125820792674
Ganglion_Eminence_derived_primary_cultured_neurospheres__H3K4me3	1.65876897914e-07	1.46184751352e-07	0.128248998281
HMEC_Mammary_Epithelial_Primary_Cells__H3K36me3	7.77207290166e-08	6.85190128057e-08	0.128335549419
Stomach_Smooth_Muscle__H3K4me3	1.21726641335e-07	1.07861397895e-07	0.129544520358
Fetal_Brain_Female__H3K4me3	1.89286239661e-07	1.68967162327e-07	0.131302642866
SI-Term-Ileum_ENTEX__H3K4me3	1.6206869942e-07	1.45031340251e-07	0.131895932527
Heart-LV_ENTEX__H3K4me3	2.19185515178e-07	1.98545392481e-07	0.134805961787
Colon_Smooth_Muscle__H3K4me3	1.37017696308e-07	1.25282549459e-07	0.137049989935
Brain_Anterior_Caudate__H3K4me3	1.37830172524e-07	1.26592833858e-07	0.13812819728
Heart-Atrial_ENTEX__H3K4me3	2.73891516208e-07	2.51835442626e-07	0.138389996526
Brain_Dorsolateral_Prefrontal_Cortex__H3K9ac	1.5207697977e-07	1.40211466534e-07	0.139043702637
Liver__H3K9ac	9.56353080358e-08	8.84573652325e-08	0.139816133722
Ganglion_Eminence_derived_primary_cultured_neurospheres__H3K36me3	6.37299098834e-08	5.91201736667e-08	0.140523057855
Primary_hematopoietic_stem_cells_G-CSF-mobilized_Female__H3K4me3	1.64034647371e-07	1.54110952947e-07	0.143575310877
Adrenal_gland_ENTEX__H3K27ac	3.43561159445e-08	3.26061485715e-08	0.146017046711
Fetal_Muscle_Trunk__H3K36me3	5.72598112315e-08	5.45538804972e-08	0.146950782934
Breast_variant_Human_Mammary_Epithelial_Cells_(vHMEC)__DNase	9.77501467693e-08	9.44319739084e-08	0.150302179393
Breast_variant_Human_Mammary_Epithelial_Cells_(vHMEC)__H3K36me3	3.16179329789e-08	3.08804022238e-08	0.152945162447
Primary_T_helper_memory_cells_from_peripheral_blood_1__H3K36me3	6.51888698687e-08	6.40018462053e-08	0.154209107363
Thyroid_gland_ENTEX__H3K4me1	3.03703276806e-08	3.04312313469e-08	0.159140007603
Foreskin_Keratinocyte_Primary_Cells_skin02__H3K4me1	6.29895348393e-08	6.42703416885e-08	0.163525395192
Fetal_Muscle_Trunk__H3K4me3	2.48895873285e-07	2.54485036906e-07	0.164027923696
liver_ENTEX__H3K27ac	3.0437311195e-08	3.21380558842e-08	0.171798997862
Fetal_Brain_Male__DNase	9.39403706219e-08	1.00612198826e-07	0.175232510648
Small_Intestine__H3K36me3	1.29142915668e-07	1.42634727212e-07	0.182624096417
Fetal_Heart__H3K36me3	9.37475303918e-08	1.03987027589e-07	0.183653025886
Stomach_Smooth_Muscle__H3K4me1	4.11299938928e-08	4.72413619762e-08	0.191976677916
Brain_Dorsolateral_Prefrontal_Cortex__H3K4me3	1.37959361473e-07	1.62736050154e-07	0.198288821081
Breast_variant_Human_Mammary_Epithelial_Cells_(vHMEC)__H3K4me1	3.65324112295e-08	4.33392695621e-08	0.199630953147
Adipose_Nuclei__H3K4me3	7.37723865935e-08	8.79112145512e-08	0.200687174564
Pancreas_ENTEX__H3K27ac	2.74293565199e-08	3.33002086351e-08	0.205055235904
NHDF-Ad_Adult_Dermal_Fibroblast_Primary_Cells__H3K36me3	9.4962651436e-08	1.1789833243e-07	0.210276502462
Thyroid_gland_ENTEX__H3K36me3	4.70425398818e-08	5.86313736827e-08	0.211176954109
Brain_Cingulate_Gyrus__H3K4me3	1.14735909898e-07	1.46760502221e-07	0.217168965679
Fetal_Muscle_Trunk__DNase	7.29706232292e-08	9.50082236564e-08	0.221230125039
Liver__H3K27ac	3.2138474946e-08	4.18636656715e-08	0.221334571846
Pancreatic_Islets__H3K4me3	1.558912232e-07	2.05333169484e-07	0.223863141031
Primary_T_helper_cells_from_peripheral_blood__H3K36me3	2.80972507813e-08	3.7086390985e-08	0.224340388178
Primary_T_killer_naive_cells_from_peripheral_blood__H3K36me3	5.75262100787e-08	7.63112190404e-08	0.225473592575
Small_Intestine__H3K4me1	7.57812442975e-08	1.00732832852e-07	0.225935530469
Brain_Substantia_Nigra__H3K4me3	1.01579429379e-07	1.36237248436e-07	0.227952463623
Stomach_Mucosa__H3K4me1	2.81424636263e-08	3.7995513442e-08	0.229444169504
SI-Term-Ileum_ENTEX__H3K4me1	4.84747869338e-08	6.58576771483e-08	0.230849009069
Fetal_Kidney__H3K36me3	1.13930732575e-07	1.57576033538e-07	0.234833586324
Liver__H3K36me3	2.41822256265e-08	3.38470925184e-08	0.237472925946
Fetal_Brain_Male__H3K36me3	1.3043089765e-07	1.83787506412e-07	0.238950319768
Right_Ventricle__H3K4me3	1.48927753958e-07	2.10984295784e-07	0.240134096116
Colon_Smooth_Muscle__H3K4me1	2.80956683182e-08	4.01370320204e-08	0.241965629018
Brain_Inferior_Temporal_Lobe__H3K9ac	6.73130082553e-08	9.64230867842e-08	0.242557162467
Liver__H3K4me3	5.08785219126e-08	7.394057762e-08	0.245694860737
Primary_hematopoietic_stem_cells_G-CSF-mobilized_Female__DNase	8.31133611508e-08	1.23696786232e-07	0.250819844491
HMEC_Mammary_Epithelial_Primary_Cells__H3K4me1	3.2594151409e-08	4.85190461307e-08	0.250861706935
NHEK-Epidermal_Keratinocyte_Primary_Cells__H3K4me1	2.621274187e-08	3.93169048356e-08	0.252480577931
Esoph-Mucosa_ENTEX__H3K27ac	3.56197233444e-08	5.36776491193e-08	0.253477738342
Cortex_derived_primary_cultured_neurospheres__H3K36me3	4.25955237369e-08	6.47692080059e-08	0.255381260585
Fetal_Brain_Female__DNase	6.12033983283e-08	9.38618831005e-08	0.257181855996
Primary_T_killer_memory_cells_from_peripheral_blood__H3K36me3	4.50361001113e-08	7.21092056213e-08	0.266131875989
Foreskin_Keratinocyte_Primary_Cells_skin03__H3K4me1	2.57864640881e-08	4.17863427145e-08	0.268583500458
Duodenum_Mucosa__H3K9ac	7.76308501013e-08	1.33097647424e-07	0.279858343077
Duodenum_Mucosa__H3K4me1	3.62418974127e-08	6.32569087323e-08	0.283345420951
Lung_ENTEX__H3K36me3	2.74210578345e-08	4.81007372054e-08	0.284313203258
Left_Ventricle__H3K4me3	1.61152307164e-07	2.83775532323e-07	0.285056003701
Duodenum_Smooth_Muscle__H3K36me3	4.14781181632e-08	7.33109992741e-08	0.285770647231
Fetal_Stomach__H3K4me3	1.31348994205e-07	2.33927456637e-07	0.28723021908
Fetal_Muscle_Leg__H3K4me1	2.487434112e-08	4.49807174385e-08	0.290131671772
Brain_Angular_Gyrus__H3K4me3	8.68359719961e-08	1.60205453874e-07	0.29389932853
Duodenum_Smooth_Muscle__H3K4me1	3.34081114035e-08	6.17833542696e-08	0.294346858471
Thyroid_gland_ENTEX__H3K27ac	1.53966996241e-08	2.85602317297e-08	0.294910393028
Spleen_ENTEX__H3K4me3	3.54002550091e-08	6.634501729e-08	0.296816696529
Adipose_Nuclei__H3K4me1	2.26161453444e-08	4.27762885167e-08	0.29850418045
NHEK-Epidermal_Keratinocyte_Primary_Cells__H3K36me3	2.3933840328e-08	4.62859082454e-08	0.30254772241
Rectal_Mucosa_Donor_31__H3K27ac	3.31025298141e-08	6.4908126882e-08	0.305029049334
Duodenum_Mucosa__H3K4me3	5.96149545026e-08	1.19896667476e-07	0.309517155154
Psoas_Muscle__H3K36me3	5.75848053098e-08	1.17196881164e-07	0.311589105562
Rectal_Mucosa_Donor_31__H3K36me3	2.77329598222e-08	5.6649830716e-08	0.31222596267
Primary_hematopoietic_stem_cells_short_term_culture__H3K36me3	2.0330745481e-08	4.25682784103e-08	0.316466330664
Artery-Coronary_ENTEX__H3K4me3	3.76577661291e-08	7.95880336105e-08	0.318049999862
Primary_hematopoietic_stem_cells__H3K4me3	1.09412241647e-07	2.3365369413e-07	0.319796943453
HMEC_Mammary_Epithelial_Primary_Cells__DNase	3.880408829e-08	8.46067337579e-08	0.323246116252
NHEK-Epidermal_Keratinocyte_Primary_Cells__DNase	3.81540213109e-08	8.33035895563e-08	0.323472006379
Duodenum_Smooth_Muscle__H3K4me3	3.56189598616e-08	7.88811627707e-08	0.325795818408
Esoph-Muscularis_ENTEX__H3K27ac	2.28661055956e-08	5.24003898826e-08	0.331283130029
liver_ENTEX__H3K4me3	3.67904090193e-08	8.44227103969e-08	0.331495254496
Primary_neutrophils_from_peripheral_blood__H3K4me1	1.43001329976e-08	3.36797552457e-08	0.335567297195
Right_Atrium__H3K27ac	2.91485183545e-08	6.92983631388e-08	0.337015024326
Pancreatic_Islets__H3K9ac	1.08514000704e-07	2.59057182958e-07	0.33765173676
Nerve-Tibial_ENTEX__H3K4me1	1.69817991246e-08	4.05476930165e-08	0.337677319403
Fetal_Lung__H3K4me3	7.27773254472e-08	1.75707330107e-07	0.339365176834
Ganglion_Eminence_derived_primary_cultured_neurospheres__H3K4me1	2.95887664312e-08	7.19187530579e-08	0.340382534883
Primary_Natural_Killer_cells_from_peripheral_blood__H3K36me3	1.86291142407e-08	4.57871213001e-08	0.342054075949
Foreskin_Keratinocyte_Primary_Cells_skin03__H3K36me3	1.03913797592e-08	2.64395581465e-08	0.347150893634
Stomach_ENTEX__H3K36me3	1.65610301701e-08	4.26098711481e-08	0.34876142746
Liver__H3K4me1	1.40948666785e-08	3.65663463357e-08	0.349948289722
Colon-TV_ENTEX__H3K4me3	6.18219900387e-08	1.60916954121e-07	0.350420414201
Cortex_derived_primary_cultured_neurospheres__H3K4me1	1.78466716731e-08	4.73303614762e-08	0.353062266271
Rectal_Mucosa_Donor_31__H3K4me1	2.08982865226e-08	5.65251387972e-08	0.355796801978
Esophagus__H3K4me3	6.52771848807e-08	1.82855595223e-07	0.360550534542
Sigmoid_Colon__H3K27ac	2.97389664038e-08	8.45120357671e-08	0.362460263532
Cortex_derived_primary_cultured_neurospheres__H3K4me3	7.07409272874e-08	2.16236425538e-07	0.371778650863
Primary_monocytes_from_peripheral_blood__H3K36me3	1.2052252459e-08	3.69633799477e-08	0.372189758424
Rectal_Smooth_Muscle__H3K4me1	1.81210420821e-08	5.6488141829e-08	0.37418335317
Primary_T_killer_naive_cells_from_peripheral_blood__H3K9ac	5.51322281791e-08	1.7323660575e-07	0.375148358154
Primary_T_cells_effector_memory_enriched_from_peripheral_blood__H3K36me3	1.7839667783e-08	5.77083052613e-08	0.378609346619
Spleen_ENTEX__H3K36me3	8.07266221261e-09	2.62995304263e-08	0.379440406244
Right_Atrium__H3K36me3	3.25579749792e-08	1.07448608532e-07	0.380941219287
Placenta__DNase	2.40763984481e-08	8.08765369964e-08	0.382968651153
Rectal_Mucosa_Donor_29__H3K4me1	2.17280459019e-08	7.42423810394e-08	0.384889630127
Fetal_Intestine_Large__DNase	3.16787501531e-08	1.08422984645e-07	0.385075479629
Primary_T_regulatory_cells_from_peripheral_blood__H3K4me1	1.1920687462e-08	4.32959335524e-08	0.391531198694
Colon-Sigm_ENTEX__H3K27ac	1.57982659399e-08	5.74463643235e-08	0.391654670375
Fetal_Brain_Female__H3K36me3	1.94142834428e-08	7.1341405696e-08	0.39276024092
Fetal_Adrenal_Gland__H3K36me3	1.11656074937e-08	4.2166108777e-08	0.39558156848
Placenta__H3K36me3	1.39050778473e-08	5.27156142911e-08	0.39597652784
Foreskin_Keratinocyte_Primary_Cells_skin03__H3K4me3	2.82320700639e-08	1.1201778632e-07	0.40050815325
Mammary_ENTEX__H3K4me3	2.8303542103e-08	1.14572361874e-07	0.402440032673
Fetal_Stomach__H3K4me1	9.4355039937e-09	3.8748949581e-08	0.403807695546
Primary_hematopoietic_stem_cells_G-CSF-mobilized_Female__H3K4me1	8.21359466702e-09	3.48138831431e-08	0.406743993412
Fetal_Lung__H3K4me1	1.08157375569e-08	4.63461764513e-08	0.407737636669
Adipose_Nuclei__H3K9ac	2.46644544812e-08	1.06501635964e-07	0.408429183551
Primary_B_cells_from_cord_blood__H3K36me3	2.81047834202e-08	1.21950596007e-07	0.408867014869
Primary_mononuclear_cells_from_peripheral_blood__H3K27ac	3.34776568338e-08	1.57293318816e-07	0.415727500964
Fetal_Muscle_Leg__H3K4me3	5.16967587167e-08	2.44311922261e-07	0.416208986268
Fetal_Heart__DNase	1.353144225e-08	6.67026472495e-08	0.419621390584
Fetal_Muscle_Leg__H3K36me3	9.12799836415e-09	4.64759216121e-08	0.422147475778
Primary_T_cells_from_cord_blood__H3K36me3	1.50710046642e-08	7.96520566483e-08	0.424963923186
liver_ENTEX__H3K36me3	1.08233783725e-08	5.77691985751e-08	0.42569094655
Primary_T_helper_cells_from_peripheral_blood__H3K4me3	2.37574729122e-08	1.27443849753e-07	0.426059580055
Fetal_Kidney__H3K4me1	2.8046535822e-08	1.50779813165e-07	0.426218504453
Brain_Angular_Gyrus__H3K36me3	1.46260489492e-08	8.18459161029e-08	0.429085753165
Esoph-Mucosa_ENTEX__H3K4me1	8.30969090633e-09	4.69842933965e-08	0.429808771583
Primary_hematopoietic_stem_cells_G-CSF-mobilized_Male__H3K4me1	6.94775260902e-09	3.9893914636e-08	0.43087155005
Primary_T_killer_naive_cells_from_peripheral_blood__H3K27ac	1.54257284106e-08	9.41134141537e-08	0.434902675764
Esoph-Muscularis_ENTEX__H3K36me3	7.28590801819e-09	4.5385312081e-08	0.43623002664
Pancreas__H3K4me3	3.31514436152e-08	2.1000343432e-07	0.43728299346
Esoph-Mucosa_ENTEX__H3K36me3	1.01196897845e-08	6.95155478104e-08	0.442128657331
Primary_T_cells_from_peripheral_blood__H3K36me3	6.14228806245e-09	4.27697373368e-08	0.442903057829
Primary_T_regulatory_cells_from_peripheral_blood__H3K36me3	5.10977117323e-09	3.67252997031e-08	0.444671772188
HMEC_Mammary_Epithelial_Primary_Cells__H3K4me3	2.16246018149e-08	1.9883739016e-07	0.456698325745
Primary_T_helper_naive_cells_from_peripheral_blood_2__H3K36me3	4.85419334515e-09	4.6252024337e-08	0.458207369661
Colon-TV_ENTEX__H3K27ac	3.47769454555e-09	4.0019436506e-08	0.465375445009
Foreskin_Keratinocyte_Primary_Cells_skin03__H3K27ac	4.26128557277e-09	5.12500570631e-08	0.466867349969
Breast_Myoepithelial_Primary_Cells__H3K36me3	3.47466501152e-09	4.30111843014e-08	0.467806408691
Testis_ENTEX__H3K27ac	2.56029156824e-09	3.36201157671e-08	0.469648463779
Thymus__H3K27ac	6.95390238511e-09	9.22407728503e-08	0.469952766119
Primary_T_helper_naive_cells_from_peripheral_blood_1__H3K36me3	4.59157700908e-09	6.37222000376e-08	0.471278607573
Ovary__H3K4me1	4.20029202793e-09	6.12088287141e-08	0.472645124695
Adipose_Nuclei__H3K27ac	2.38351467687e-09	3.57138634683e-08	0.473394663387
Primary_Natural_Killer_cells_from_peripheral_blood__H3K4me1	2.81733985747e-09	4.72249418684e-08	0.476214059905
Fetal_Intestine_Small__H3K4me3	1.17112609054e-08	2.18712050378e-07	0.478648248166
Duodenum_Smooth_Muscle__H3K27ac	4.08981030079e-09	8.21405003961e-08	0.480144699082
Foreskin_Fibroblast_Primary_Cells_skin02__DNase	4.41616058272e-09	1.02237100119e-07	0.482772932172
Fetal_Thymus__H3K36me3	1.17779532793e-09	3.12246197641e-08	0.48495543073
NHDF-Ad_Adult_Dermal_Fibroblast_Primary_Cells__DNase	3.23783385167e-09	9.16366871404e-08	0.485906953436
Psoas_Muscle__H3K4me3	9.24462684095e-10	2.31220938797e-07	0.498404961633
Mammary_ENTEX__H3K27ac	1.6225667525e-10	4.09314593605e-08	0.498418554346
Fetal_Heart__H3K4me3	7.58956924134e-11	1.01422655815e-07	0.499701467118
Foreskin_Keratinocyte_Primary_Cells_skin02__H3K36me3	-6.47873691069e-10	5.01815300188e-08	0.505150441358
Colon_Smooth_Muscle__H3K9ac	-1.84446374499e-09	1.14243842415e-07	0.50644063252
HMEC_Mammary_Epithelial_Primary_Cells__H3K9ac	-2.41302816627e-09	9.22600013618e-08	0.510433006749
Aorta__H3K4me3	-7.46739045101e-09	2.17372570827e-07	0.513702151674
Primary_monocytes_from_peripheral_blood__DNase	-4.4936752061e-09	1.25704654875e-07	0.514258304809
Brain_Germinal_Matrix__H3K36me3	-4.28440448124e-09	1.0292376952e-07	0.516601962824
Esoph-GJ_ENTEX__H3K27ac	-2.28857046282e-09	5.01095470404e-08	0.518213898742
Rectal_Mucosa_Donor_29__H3K36me3	-2.91252167735e-09	6.30383664113e-08	0.518425521655
Skeletal_Muscle_Female__H3K36me3	-2.76362810254e-09	5.05011637472e-08	0.521820844683
Fetal_Kidney__H3K9ac	-1.19732763029e-08	2.0816446802e-07	0.522933854624
Breast_Myoepithelial_Primary_Cells__H3K4me1	-2.05170205342e-09	3.56020318699e-08	0.522977842058
Small_Intestine__H3K4me3	-1.33599603746e-08	2.2913229811e-07	0.523247855836
Stomach_Mucosa__H3K4me3	-1.21087816311e-08	1.81321503944e-07	0.526621866121
Fetal_Kidney__H3K4me3	-1.46280224094e-08	2.15291305589e-07	0.527085392699
Primary_T_regulatory_cells_from_peripheral_blood__H3K4me3	-7.45760225225e-09	9.85343789922e-08	0.530165257132
Artery-Coronary_ENTEX__H3K27ac	-3.35064309941e-09	4.10381103667e-08	0.532536330905
Mammary_ENTEX__H3K4me1	-7.71787835985e-09	9.19550413262e-08	0.533444353039
Breast_Myoepithelial_Primary_Cells__H3K9ac	-1.11840433581e-08	1.29625397186e-07	0.534377971454
Fetal_Muscle_Trunk__H3K27ac	-5.62023479203e-09	6.33313606847e-08	0.535357045421
NHLF_Lung_Fibroblast_Primary_Cells__H3K4me1	-8.67606291791e-09	8.91928331192e-08	0.538745239081
Stomach_ENTEX__H3K27ac	-3.92088285573e-09	4.02278406969e-08	0.538822189792
Primary_T_killer_naive_cells_from_peripheral_blood__H3K4me1	-4.35884386767e-09	3.89883295688e-08	0.544508483794
Stomach_Smooth_Muscle__H3K9ac	-1.47644194262e-08	1.30632350139e-07	0.544993716204
Heart-Atrial_ENTEX__H3K27ac	-3.71548894015e-09	3.21060862232e-08	0.546064903379
Brain_Hippocampus_Middle__H3K36me3	-7.28999631857e-09	6.25669592146e-08	0.546377845356
Fetal_Adrenal_Gland__DNase	-1.4208349358e-08	1.0387436071e-07	0.554399229988
Psoas_Muscle__DNase	-1.22062423055e-08	8.4913037066e-08	0.557151025059
Stomach_Mucosa__H3K36me3	-2.02607784964e-08	1.37904902567e-07	0.558401816867
NHEK-Epidermal_Keratinocyte_Primary_Cells__H3K4me3	-1.88362257714e-08	1.25863588826e-07	0.559481939469
Brain_Inferior_Temporal_Lobe__H3K36me3	-9.63208736143e-09	6.35193872432e-08	0.560264605057
Lung__H3K4me1	-1.07512616922e-08	6.90905217301e-08	0.561830267301
Foreskin_Keratinocyte_Primary_Cells_skin02__H3K4me3	-2.2745699246e-08	1.3970183238e-07	0.564668360982
Primary_hematopoietic_stem_cells__H3K4me1	-1.38859206129e-08	8.44650157628e-08	0.565291271863
Esophagus__H3K4me1	-1.32262404318e-08	8.02553358889e-08	0.565450087881
Primary_B_cells_from_peripheral_blood__H3K36me3	-4.76573689545e-09	2.84893476575e-08	0.566425665997
Primary_monocytes_from_peripheral_blood__H3K27ac	-1.29554852011e-08	7.7145709407e-08	0.56668289693
Skeletal_Muscle_Male__H3K4me3	-2.12739292202e-08	1.26001774301e-07	0.567038096157
Fetal_Intestine_Small__DNase	-2.14420201937e-08	1.25801689717e-07	0.567669129864
Vagina_ENTEX__H3K36me3	-2.48410887349e-08	1.42051314836e-07	0.56941069943
Fetal_Intestine_Large__H3K4me1	-7.63090335187e-09	4.36004241566e-08	0.569467654371
Ovary__H3K4me3	-3.4901326717e-08	1.93464609984e-07	0.571581353952
Fetal_Intestine_Small__H3K27ac	-1.0563493999e-08	5.18772707755e-08	0.580676607408
Primary_T_helper_cells_PMA-I_stimulated__H3K36me3	-8.42271166728e-09	3.99843685241e-08	0.583419846679
Brain_Substantia_Nigra__H3K36me3	-2.45862578754e-08	1.12338203155e-07	0.586620165016
Primary_hematopoietic_stem_cells_G-CSF-mobilized_Female__H3K27ac	-1.39225170773e-08	5.98438489327e-08	0.591982399323
Colon_Smooth_Muscle__H3K36me3	-1.53464150225e-08	6.37474471057e-08	0.595120798587
NHLF_Lung_Fibroblast_Primary_Cells__H3K4me3	-5.69888677051e-08	2.31884415057e-07	0.597067580794
Pancreas__DNase	-3.12649650483e-08	1.26114247026e-07	0.597897923737
Fetal_Muscle_Trunk__H3K4me1	-1.01665662935e-08	4.05214937326e-08	0.599051650094
Fetal_Adrenal_Gland__H3K27ac	-1.04017567999e-08	4.12523786045e-08	0.599537152709
Rectal_Smooth_Muscle__H3K36me3	-2.87840874167e-08	1.13843485941e-07	0.59980373397
Vagina_ENTEX__H3K4me3	-4.94621990384e-08	1.91151289265e-07	0.60208956971
Spleen__H3K27ac	-1.66982561206e-08	6.19874993795e-08	0.606181756749
Heart-LV_ENTEX__H3K36me3	-1.5731549298e-08	5.77348040934e-08	0.607373315754
Stomach_ENTEX__H3K4me3	-3.65136457086e-08	1.33211077034e-07	0.607997524976
Adrenal_gland_ENTEX__H3K4me1	-1.30925335569e-08	4.70578635143e-08	0.609579031459
Nerve-Tibial_ENTEX__H3K27ac	-7.62238299521e-09	2.71380326206e-08	0.610596693493
Uterus_ENTEX__H3K4me3	-6.79054894626e-08	2.41690712041e-07	0.610629566374
NHEK-Epidermal_Keratinocyte_Primary_Cells__H3K27ac	-1.4188304086e-08	4.99747392187e-08	0.611760138609
Primary_T_killer_memory_cells_from_peripheral_blood__H3K4me1	-1.40736215815e-08	4.95613590035e-08	0.611780859435
Fetal_Intestine_Large__H3K27ac	-1.37542415142e-08	4.79345428771e-08	0.612920100439
NHDF-Ad_Adult_Dermal_Fibroblast_Primary_Cells__H3K27ac	-2.31681835477e-08	7.9992763748e-08	0.613949766383
Fetal_Adrenal_Gland__H3K4me1	-1.31181566855e-08	4.36027358999e-08	0.618237952909
Primary_T_helper_naive_cells_from_peripheral_blood_2__H3K4me1	-1.23256647829e-08	4.07478982483e-08	0.618859160753
Primary_mononuclear_cells_from_peripheral_blood__H3K4me3	-6.18162195239e-08	1.99298966508e-07	0.621783508223
Primary_B_cells_from_cord_blood__H3K4me3	-6.58689754539e-08	2.11458727864e-07	0.622288976801
Placenta__H3K27ac	-1.35943030804e-08	4.2292139133e-08	0.6260607771
Ovary__H3K36me3	-2.3710953952e-08	7.12560518611e-08	0.630341161078
Primary_T_killer_memory_cells_from_peripheral_blood__H3K27ac	-3.15035271985e-08	9.43405366749e-08	0.630785376328
Prostate_ENTEX__H3K36me3	-1.0539397419e-07	3.14671012386e-07	0.631162507248
Colon-TV_ENTEX__H3K4me1	-3.52500747377e-08	1.05018909934e-07	0.631434307683
Pancreas_ENTEX__H3K4me3	-4.48088468192e-08	1.32444582789e-07	0.63243952952
Colonic_Mucosa__H3K27ac	-2.69333658913e-08	7.74817241864e-08	0.635933179741
Primary_T_regulatory_cells_from_peripheral_blood__H3K27ac	-1.6300820306e-08	4.67774308954e-08	0.636258699159
Primary_T_cells_effector_memory_enriched_from_peripheral_blood__H3K4me3	-4.60851534321e-08	1.31512910506e-07	0.636989379764
Placenta__H3K4me3	-7.38820334476e-08	2.00470611077e-07	0.643765792794
Artery-Tibial_ENTEX__H3K36me3	-1.7238669472e-08	4.67599491431e-08	0.64381058517
Primary_T_helper_memory_cells_from_peripheral_blood_2__H3K36me3	-3.06681423551e-08	8.29408653816e-08	0.644219015674
Primary_T_helper_naive_cells_from_peripheral_blood_1__H3K4me1	-1.6573017371e-08	4.47693899169e-08	0.644378179498
skeletal_muscle_ENTEX__H3K4me1	-9.5702280397e-09	2.5505809508e-08	0.646250670439
SI-Term-Ileum_ENTEX__H3K36me3	-4.57037791497e-08	1.21204528177e-07	0.646942848538
HMEC_Mammary_Epithelial_Primary_Cells__H3K27ac	-2.02529277051e-08	5.30901289466e-08	0.648577181369
Primary_T_helper_cells_from_peripheral_blood__H3K27ac	-3.07634086572e-08	7.7105070453e-08	0.655046161598
Vagina_ENTEX__H3K27ac	-1.69465543181e-08	4.20219844468e-08	0.656628247061
NHLF_Lung_Fibroblast_Primary_Cells__H3K27ac	-3.04158489943e-08	7.52672558787e-08	0.656932121548
Pancreatic_Islets__H3K36me3	-4.02947447688e-08	9.80787774527e-08	0.659405293445
Primary_monocytes_from_peripheral_blood__H3K4me1	-1.57202585128e-08	3.81773668663e-08	0.659745649832
Foreskin_Fibroblast_Primary_Cells_skin01__DNase	-4.03752061856e-08	9.63259408112e-08	0.66244745799
Aorta_ENTEX__H3K27ac	-9.84379817758e-09	2.33358721548e-08	0.66342587249
Primary_T_helper_naive_cells_from_peripheral_blood_2__H3K27ac	-2.45101828985e-08	5.7769083255e-08	0.664318659803
Primary_hematopoietic_stem_cells_G-CSF-mobilized_Male__DNase	-5.87502926801e-08	1.36998699425e-07	0.665979556669
Thymus__H3K4me1	-2.65276558601e-08	6.11312164155e-08	0.667836226203
NHEK-Epidermal_Keratinocyte_Primary_Cells__H3K9ac	-3.58542112343e-08	7.98598626796e-08	0.673271222206
Primary_monocytes_from_peripheral_blood__H3K4me3	-8.79621969747e-08	1.9308335134e-07	0.67564892713
Fetal_Muscle_Leg__H3K27ac	-2.57623265565e-08	5.52193620534e-08	0.679587337724
Fetal_Heart__H3K9ac	-2.86216210429e-08	6.09095024795e-08	0.680788209656
Rectal_Mucosa_Donor_29__H3K27ac	-2.87548060443e-08	6.09194011142e-08	0.681541577804
liver_ENTEX__H3K4me1	-7.29752153133e-08	1.54152926417e-07	0.682034280309
Primary_T_cells_from_cord_blood__H3K4me3	-8.9160098337e-08	1.87845744422e-07	0.682480091268
Primary_B_cells_from_peripheral_blood__H3K4me3	-8.75570053881e-08	1.81167643384e-07	0.685556050192
Psoas_Muscle__H3K4me1	-3.62980144906e-08	7.38209153576e-08	0.688535575824
Fetal_Thymus__H3K4me3	-7.08448397214e-08	1.43213368593e-07	0.689587113891
Fetal_Intestine_Small__H3K4me1	-2.13708125588e-08	4.23962110982e-08	0.692895186009
Left_Ventricle__H3K36me3	-3.1233310988e-08	6.18334627162e-08	0.693262678834
Brain_Cingulate_Gyrus__H3K36me3	-3.70721807651e-08	7.32321954094e-08	0.693651665753
Primary_Natural_Killer_cells_from_peripheral_blood__H3K4me3	-8.11586862814e-08	1.5358568802e-07	0.701398187199
Rectal_Mucosa_Donor_31__H3K9ac	-5.10558143205e-08	9.58676940036e-08	0.702832761706
NHDF-Ad_Adult_Dermal_Fibroblast_Primary_Cells__H3K9ac	-7.60990774224e-08	1.41542980225e-07	0.704586974635
Primary_T_helper_memory_cells_from_peripheral_blood_2__H3K4me3	-7.04029361008e-08	1.29922208863e-07	0.70605124056
Foreskin_Melanocyte_Primary_Cells_skin03__H3K27ac	-3.06438694438e-08	5.6009265812e-08	0.707852343823
Spleen_ENTEX__H3K27ac	-1.58484273557e-08	2.86973185791e-08	0.709615435555
Brain_Anterior_Caudate__H3K36me3	-3.6634594841e-08	6.63273853579e-08	0.7096388087
Foreskin_Melanocyte_Primary_Cells_skin01__H3K36me3	-5.40921315943e-08	9.73252069279e-08	0.710821927653
Foreskin_Melanocyte_Primary_Cells_skin01__DNase	-4.08946698584e-08	7.28069505588e-08	0.712835129838
Rectal_Smooth_Muscle__H3K9ac	-1.11522111093e-07	1.97340794399e-07	0.714005445874
Primary_T_helper_naive_cells_from_peripheral_blood_2__H3K4me3	-6.55893877399e-08	1.15998847561e-07	0.714109805071
Stomach_Smooth_Muscle__H3K27ac	-2.30319892452e-08	4.04906567574e-08	0.715261636462
Stomach_Mucosa__H3K9ac	-6.44411788991e-08	1.12816274679e-07	0.716069531348
Lung__H3K4me3	-1.26036941716e-07	2.20108969558e-07	0.716546136567
Primary_T_cells_effector_memory_enriched_from_peripheral_blood__H3K4me1	-3.40093137996e-08	5.92952498917e-08	0.716866808899
Primary_T_cells_from_peripheral_blood__H3K4me1	-2.49330771615e-08	4.26225613859e-08	0.720717297332
Aorta__H3K4me1	-6.38859947524e-08	1.06239800394e-07	0.726192450105
Pancreas__H3K4me1	-3.22970597661e-08	5.33886324657e-08	0.727391441916
Fetal_Intestine_Large__H3K4me3	-1.1558223943e-07	1.85122687563e-07	0.73380270034
Esophagus__H3K36me3	-4.49593407697e-08	7.14649022169e-08	0.735361735043
Primary_hematopoietic_stem_cells_short_term_culture__H3K4me1	-3.01808274029e-08	4.74446828484e-08	0.73765306332
Osteoblast_Primary_Cells__H3K36me3	-2.4508056378e-08	3.73013547371e-08	0.744418732198
Primary_T_helper_17_cells_PMA-I_stimulated__H3K4me1	-2.72370391266e-08	4.13565050394e-08	0.744920911021
Skeletal_Muscle_Female__H3K27ac	-2.88051593129e-08	4.36943027474e-08	0.745130102015
Primary_T_helper_cells_PMA-I_stimulated__H3K4me1	-2.29267920975e-08	3.4687557541e-08	0.745678281267
Esophagus__H3K27ac	-4.22993054516e-08	6.39198839743e-08	0.74593588821
Left_Ventricle__H3K4me1	-4.35309167552e-08	6.56792277631e-08	0.746264453905
Gastric__DNase	-9.08979255814e-08	1.36227476559e-07	0.74769410338
Primary_T_helper_memory_cells_from_peripheral_blood_1__H3K4me1	-2.4477607603e-08	3.62967087562e-08	0.749963661809
Sigmoid_Colon__H3K36me3	-4.96785528661e-08	7.33826934118e-08	0.750790406004
Esoph-Muscularis_ENTEX__H3K4me3	-1.02692493609e-07	1.50208596956e-07	0.752906915278
Primary_T_cells_from_cord_blood__DNase	-9.76679905914e-08	1.41052965983e-07	0.75566340864
NHDF-Ad_Adult_Dermal_Fibroblast_Primary_Cells__H3K4me3	-1.35565151218e-07	1.95351318806e-07	0.756144988503
Primary_Natural_Killer_cells_from_peripheral_blood__DNase	-7.70268014613e-08	1.09818376087e-07	0.758473835741
Primary_T_helper_naive_cells_from_peripheral_blood_1__H3K27ac	-7.02275039498e-08	1.00050216947e-07	0.758636269126
Breast_Myoepithelial_Primary_Cells__H3K4me3	-8.91892689246e-08	1.25922062712e-07	0.760617237297
Aorta_ENTEX__H3K4me1	-1.75359516167e-08	2.47198515979e-08	0.760957952236
Ovary__DNase	-6.13499758731e-08	8.25772302261e-08	0.771241174085
Osteoblast_Primary_Cells__H3K27ac	-3.78347009002e-08	5.05603458005e-08	0.772862738208
Foreskin_Melanocyte_Primary_Cells_skin03__H3K4me1	-2.41560286149e-08	3.21666906188e-08	0.773662857491
Primary_T_helper_memory_cells_from_peripheral_blood_1__H3K27ac	-5.12058115467e-08	6.75116480471e-08	0.775916283236
Primary_T_cells_from_peripheral_blood__H3K27ac	-4.15373867356e-08	5.39304317933e-08	0.779410292753
Fetal_Lung__DNase	-6.32943077905e-08	8.15377790324e-08	0.781201502148
Fetal_Kidney__DNase	-8.99813849745e-08	1.14524519665e-07	0.783977012127
Thymus__H3K4me3	-1.27150187655e-07	1.61573452204e-07	0.784344358392
Aorta_ENTEX__H3K4me3	-6.10891137244e-08	7.76236878324e-08	0.784356319582
Skeletal_Muscle_Female__H3K4me1	-3.02713414586e-08	3.82939883282e-08	0.785381659639
Right_Atrium__H3K4me1	-6.55521300272e-08	8.15893353196e-08	0.789139748793
Heart-Atrial_ENTEX__H3K36me3	-3.78801995822e-08	4.71414487697e-08	0.789169636069
Aorta__H3K27ac	-4.98763669661e-08	6.19692132122e-08	0.789548953271
Fetal_Adrenal_Gland__H3K4me3	-2.00865721663e-07	2.49078949961e-07	0.79000366121
Gastric__H3K4me1	-6.35559136292e-08	7.84100490235e-08	0.791190305074
Colon_Smooth_Muscle__H3K27ac	-3.49003590443e-08	4.29150384446e-08	0.791960654498
Primary_T_helper_cells_from_peripheral_blood__H3K4me1	-3.22113492191e-08	3.93441492107e-08	0.793523335772
Sigmoid_Colon__H3K4me3	-1.86434891135e-07	2.26284371751e-07	0.795000801839
Primary_mononuclear_cells_from_peripheral_blood__H3K4me1	-1.11637703618e-07	1.34899038301e-07	0.796041511789
Primary_mononuclear_cells_from_peripheral_blood__H3K36me3	-3.57370076874e-08	4.30286506899e-08	0.796883177386
Artery-Tibial_ENTEX__H3K4me1	-1.05788869902e-07	1.26398188406e-07	0.798689454427
Ovary_ENTEX__H3K4me3	-1.92786279616e-07	2.2586974488e-07	0.803316873558
Primary_T_helper_memory_cells_from_peripheral_blood_2__H3K4me1	-2.92993748666e-08	3.41419897375e-08	0.80459862689
NHDF-Ad_Adult_Dermal_Fibroblast_Primary_Cells__H3K4me1	-5.21552791696e-08	6.03694532544e-08	0.806188180555
Primary_T_helper_17_cells_PMA-I_stimulated__H3K36me3	-3.88797996249e-08	4.49237188444e-08	0.806607539334
Colonic_Mucosa__H3K4me1	-6.86381588425e-08	7.82030590635e-08	0.809944415979
Placenta_Amnion__H3K4me1	-4.16977453908e-08	4.74879352723e-08	0.810047214265
Mammary_ENTEX__H3K36me3	-4.16361216375e-08	4.69015855748e-08	0.812658013412
Esoph-GJ_ENTEX__H3K4me3	-1.21077667907e-07	1.35748172994e-07	0.813784378324
Placenta__H3K4me1	-4.44576550517e-08	4.98400397659e-08	0.813805359786
Skeletal_Muscle_Male__H3K4me1	-4.26663350111e-08	4.78146995083e-08	0.813891087585
Rectal_Mucosa_Donor_29__H3K9ac	-1.26826954468e-07	1.41267044834e-07	0.815349003714
Skeletal_Muscle_Female__H3K9ac	-8.87091111256e-08	9.83644304367e-08	0.816429425744
Testis_ENTEX__H3K36me3	-1.73426060712e-07	1.92281532464e-07	0.816455153184
Colon-Sigm_ENTEX__H3K36me3	-6.16960972346e-08	6.83448004329e-08	0.816662270512
Primary_T_helper_memory_cells_from_peripheral_blood_2__H3K27ac	-6.43469118027e-08	7.06500212128e-08	0.818795413535
Thyroid_gland_ENTEX__H3K4me3	-1.20307298943e-07	1.32081991812e-07	0.818813624509
Fetal_Intestine_Small__H3K36me3	-3.13354471967e-08	3.43975392439e-08	0.818846867202
Primary_hematopoietic_stem_cells_short_term_culture__H3K4me3	-1.64194456965e-07	1.7856028042e-07	0.821095067293
Spleen__H3K4me3	-1.24090667343e-07	1.33359306325e-07	0.823943543527
Fetal_Brain_Male__H3K4me3	-2.85776626452e-07	3.07060303238e-07	0.823991909807
Primary_T_helper_cells_PMA-I_stimulated__H3K27ac	-3.87524766363e-08	4.02502980424e-08	0.832172867679
Skeletal_Muscle_Female__H3K4me3	-9.9480563377e-08	1.02832177792e-07	0.833329681212
Prostate_ENTEX__H3K4me3	-2.12881205361e-07	2.17995471164e-07	0.835601427531
Colon-TV_ENTEX__H3K36me3	-6.68530011035e-08	6.83249219157e-08	0.836075836486
Foreskin_Fibroblast_Primary_Cells_skin02__H3K4me1	-4.43654800313e-08	4.52585490772e-08	0.836522927791
Rectal_Smooth_Muscle__H3K27ac	-4.25338760501e-08	4.32438432807e-08	0.837339518436
Primary_B_cells_from_peripheral_blood__H3K27ac	-5.3061064779e-08	5.3946227469e-08	0.837341860689
Left_Ventricle__H3K27ac	-4.56362222864e-08	4.60244200595e-08	0.839295211641
Ovary__H3K27ac	-8.19379081581e-08	8.25889905106e-08	0.839429674239
Pancreas__H3K27ac	-1.0147708172e-07	1.01888086692e-07	0.840366694944
Primary_T_helper_17_cells_PMA-I_stimulated__H3K27ac	-6.40320929165e-08	6.36663085609e-08	0.842730955693
Spleen__H3K4me1	-6.56873682324e-08	6.50457405389e-08	0.843719834599
Brain_Dorsolateral_Prefrontal_Cortex__H3K36me3	-7.17874994305e-08	7.01825140087e-08	0.846815043488
Primary_B_cells_from_cord_blood__H3K4me1	-4.3748060851e-08	4.25076148802e-08	0.848302858317
Primary_T_helper_17_cells_PMA-I_stimulated__H3K4me3	-1.10809627344e-07	1.07344129061e-07	0.849030453817
Right_Ventricle__H3K27ac	-5.90230821823e-08	5.65684872919e-08	0.851616509483
Right_Ventricle__H3K4me1	-6.28240996425e-08	5.90864898664e-08	0.85616719692
Lung__H3K36me3	-7.67854126667e-08	7.19726432084e-08	0.856984599023
Fetal_Stomach__H3K36me3	-4.68148547214e-08	4.38616221334e-08	0.857088729305
Foreskin_Fibroblast_Primary_Cells_skin02__H3K27ac	-6.49406818701e-08	6.04745978464e-08	0.858555171592
Primary_T_cells_from_peripheral_blood__H3K4me3	-1.42432190566e-07	1.31493623283e-07	0.860637297835
Uterus_ENTEX__H3K27ac	-3.82057669218e-08	3.51378686862e-08	0.861550153328
Psoas_Muscle__H3K27ac	-7.6654933657e-08	7.04616053452e-08	0.861679598717
Stomach_ENTEX__H3K4me1	-5.0524268605e-08	4.5848683449e-08	0.864764515231
Sigmoid_Colon__H3K4me1	-1.5374232875e-07	1.37122371104e-07	0.868899757129
Skeletal_Muscle_Male__H3K9ac	-7.5192289919e-08	6.64027199207e-08	0.87126004394
Primary_T_cells_from_cord_blood__H3K4me1	-8.10308665662e-08	7.12892538879e-08	0.872157498115
Lung_ENTEX__H3K4me3	-2.15315953384e-07	1.89392056049e-07	0.872205676642
Fetal_Thymus__H3K27ac	-5.57017828067e-08	4.89795250696e-08	0.87228232806
NHLF_Lung_Fibroblast_Primary_Cells__H3K9ac	-1.92080880967e-07	1.67443024595e-07	0.874338475313
Foreskin_Melanocyte_Primary_Cells_skin01__H3K4me1	-1.25117634078e-07	1.07088355469e-07	0.878668988618
Primary_T_helper_naive_cells_from_peripheral_blood_1__H3K4me3	-1.36895992054e-07	1.1574671522e-07	0.881539995858
Placenta_Amnion__H3K36me3	-6.37612570011e-08	5.38086779236e-08	0.881983831699
Placenta_Amnion__H3K27ac	-1.23201386547e-07	1.03535606561e-07	0.882965442988
Foreskin_Melanocyte_Primary_Cells_skin01__H3K4me3	-2.15789570323e-07	1.80742088627e-07	0.883743177781
Gastric__H3K4me3	-1.41470613567e-07	1.16503175337e-07	0.887684730482
Pancreas_ENTEX__H3K36me3	-6.31168157823e-08	5.17567882996e-08	0.888670609023
Primary_B_cells_from_peripheral_blood__H3K4me1	-4.07649616097e-08	3.29244998908e-08	0.892166916799
Heart-LV_ENTEX__H3K4me1	-7.84760333346e-08	6.21690029377e-08	0.896579863616
Primary_T_cells_effector_memory_enriched_from_peripheral_blood__H3K27ac	-8.36081875098e-08	6.603935745e-08	0.897249858509
Skin_tissue_ENTEX__H3K4me3	-2.07021015141e-07	1.6268603862e-07	0.898405545634
Fetal_Thymus__DNase	-1.00667409839e-07	7.88030494326e-08	0.899279306143
Stomach_Smooth_Muscle__H3K36me3	-8.22757207608e-08	6.4365474324e-08	0.899420869027
Placenta_Amnion__H3K4me3	-2.92287507999e-07	2.27767906274e-07	0.90030108657
Spleen__H3K36me3	-7.10555608176e-08	5.50312753198e-08	0.901680243729
Fetal_Thymus__H3K4me1	-4.02088237828e-08	3.09778584928e-08	0.902853911279
Primary_T_helper_naive_cells_from_peripheral_blood__H3K9ac	-1.64492745169e-07	1.25626273306e-07	0.904797458913
Skeletal_Muscle_Male__H3K36me3	-8.43799193852e-08	6.39907864526e-08	0.906352923498
Primary_Natural_Killer_cells_from_peripheral_blood__H3K27ac	-7.84721221714e-08	5.94506555535e-08	0.906574787999
Colonic_Mucosa__H3K9ac	-1.96459002896e-07	1.48378897901e-07	0.907254456026
skeletal_muscle_ENTEX__H3K27ac	-2.76032308589e-08	2.0789734614e-08	0.90786694862
Osteoblast_Primary_Cells__H3K4me3	-1.8468356334e-07	1.38548019132e-07	0.90873297755
Primary_T_killer_naive_cells_from_peripheral_blood__H3K4me3	-2.03003475855e-07	1.52009510851e-07	0.909138000061
Colonic_Mucosa__H3K36me3	-1.22279669261e-07	9.08067483825e-08	0.910944214237
Gastric__H3K36me3	-9.05068767892e-08	6.56465961331e-08	0.916006164846
Foreskin_Fibroblast_Primary_Cells_skin01__H3K4me1	-5.25319595378e-08	3.79759549448e-08	0.916712828898
Foreskin_Fibroblast_Primary_Cells_skin02__H3K4me3	-1.05346777128e-07	7.50964098534e-08	0.919664801746
Aorta__H3K36me3	-2.01628149112e-07	1.42462025672e-07	0.92151141369
Osteoblast_Primary_Cells__H3K4me1	-6.37074637743e-08	4.44670516219e-08	0.924026658662
Foreskin_Fibroblast_Primary_Cells_skin01__H3K27ac	-7.63202755965e-08	5.29805076992e-08	0.925141952233
Fetal_Heart__H3K4me1	-4.1598769594e-08	2.84277770637e-08	0.928309286791
Colon-Sigm_ENTEX__H3K4me1	-3.62229937047e-07	2.42261121326e-07	0.932569470095
Primary_T_cells_from_peripheral_blood__DNase	-1.40218773835e-07	9.36740402665e-08	0.932787724705
Primary_T_killer_memory_cells_from_peripheral_blood__H3K4me3	-1.9602504628e-07	1.30691153224e-07	0.933181219312
Heart-Atrial_ENTEX__H3K4me1	-2.90930766986e-07	1.93316836702e-07	0.933830598694
Fetal_Stomach__H3K27ac	-8.30743828078e-08	5.4194539802e-08	0.93734878066
Nerve-Tibial_ENTEX__H3K4me3	-2.937866553e-07	1.89318308271e-07	0.939646540198
Gastric__H3K27ac	-1.42746659924e-07	9.0421498284e-08	0.942795324941
Primary_mononuclear_cells_from_peripheral_blood__H3K9ac	-1.90385920619e-07	1.19096069121e-07	0.945044259894
Breast_variant_Human_Mammary_Epithelial_Cells_(vHMEC)__H3K4me3	-3.13997594096e-07	1.9297950513e-07	0.948142422312
skeletal_muscle_ENTEX__H3K4me3	-1.0347209355e-07	6.35716371018e-08	0.94819996979
Ovary_ENTEX__H3K36me3	-2.62463924285e-07	1.60312692479e-07	0.949205646151
Foreskin_Fibroblast_Primary_Cells_skin01__H3K4me3	-1.48274553979e-07	9.03544872202e-08	0.949604555159
NHLF_Lung_Fibroblast_Primary_Cells__H3K36me3	-1.46941878737e-07	8.78512341113e-08	0.952799101853
Spleen_ENTEX__H3K4me1	-1.75325425007e-07	1.042727505e-07	0.953658514908
Foreskin_Melanocyte_Primary_Cells_skin03__H3K4me3	-3.15429089735e-07	1.85863950308e-07	0.95516080644
Foreskin_Fibroblast_Primary_Cells_skin02__H3K36me3	-7.51448532455e-08	4.41743773922e-08	0.955537511734
Prostate_ENTEX__H3K27ac	-7.07329844344e-08	4.08432468916e-08	0.958346827
Right_Ventricle__H3K36me3	-1.12473212845e-07	6.33682419157e-08	0.962043999002
Foreskin_Melanocyte_Primary_Cells_skin01__H3K27ac	-2.0608865418e-07	1.12978849397e-07	0.965934154436
Fetal_Lung__H3K9ac	-2.41570297421e-07	1.31124277097e-07	0.967284383369
Foreskin_Fibroblast_Primary_Cells_skin01__H3K36me3	-7.01427512831e-08	3.68673069089e-08	0.971451872671
Primary_T_helper_cells_PMA-I_stimulated__H3K4me3	-1.41704370844e-07	7.44068920573e-08	0.971574343195
Esoph-Muscularis_ENTEX__H3K4me1	-7.32099295182e-08	3.82256695512e-08	0.972266710842
Heart-LV_ENTEX__H3K27ac	-7.9794073963e-08	3.75199415151e-08	0.983277950306
Primary_neutrophils_from_peripheral_blood__H3K36me3	-5.75082122211e-08	2.69249209044e-08	0.983655117515
Thymus__H3K36me3	-1.44681641541e-07	6.72100683067e-08	0.984328006745
Aorta_ENTEX__H3K36me3	-7.26681376259e-08	3.33808717056e-08	0.985257458525
Pancreas__H3K36me3	-1.67589814804e-07	7.69327078854e-08	0.985311673583
Colon-Sigm_ENTEX__H3K4me3	-4.9294333454e-07	2.14733884216e-07	0.989150649252
Fetal_Stomach__DNase	-2.52490121062e-07	1.09766511526e-07	0.98928289308
Primary_B_cells_from_peripheral_blood__DNase	-2.11951508171e-07	9.16437842574e-08	0.989632510025
Primary_T_helper_memory_cells_from_peripheral_blood_1__H3K4me3	-2.83028380177e-07	1.1201934939e-07	0.994241413002
