Name	Coefficient	Coefficient_std_error	Coefficient_P_value
Fetal_Stomach__H3K27ac	2.09726911822e-07	6.90804914826e-08	0.00119878086563
Uterus_ENTEX__H3K4me3	6.58380752315e-07	2.18450733079e-07	0.00128971796431
Fetal_Intestine_Large__H3K4me1	1.20154299819e-07	4.34160274278e-08	0.00282431367808
Fetal_Stomach__H3K4me1	1.26785941098e-07	4.62652227998e-08	0.00306807640172
Uterus_ENTEX__H3K27ac	1.04651260312e-07	4.25694367814e-08	0.0069785406247
Fetal_Stomach__DNase	3.34420413279e-07	1.45885970862e-07	0.0109429827081
Fetal_Intestine_Large__H3K27ac	1.071173259e-07	4.67899250259e-08	0.0110302500157
Fetal_Intestine_Small__H3K27ac	1.13329097012e-07	4.96682081865e-08	0.0112528472509
Fetal_Intestine_Small__H3K4me1	9.53880584946e-08	4.33581044213e-08	0.0139032603422
Fetal_Brain_Female__H3K4me3	3.75264530196e-07	1.74151868256e-07	0.0155882756139
Fetal_Intestine_Small__DNase	3.09855901634e-07	1.46618086661e-07	0.0172852453421
Cortex_derived_primary_cultured_neurospheres__H3K4me3	4.52616541907e-07	2.14611513986e-07	0.0174721180905
Liver__H3K9ac	2.03626130925e-07	9.71736406426e-08	0.0180638476374
Fetal_Muscle_Leg__DNase	1.65080312159e-07	7.89412391749e-08	0.0182559818393
liver_ENTEX__H3K4me3	2.17698761297e-07	1.05328502866e-07	0.0193739012666
Brain_Germinal_Matrix__H3K4me3	4.05670320139e-07	2.04994499337e-07	0.0239117914304
Ovary_ENTEX__H3K4me3	4.35913953316e-07	2.21050733102e-07	0.024304310685
Thymus__H3K36me3	1.75187058761e-07	9.15405830647e-08	0.0278251681851
Stomach_Mucosa__H3K4me1	8.5506126756e-08	4.56196410421e-08	0.0304426813973
Fetal_Muscle_Leg__H3K27ac	9.17888461411e-08	4.91976241663e-08	0.0310404815967
Fetal_Brain_Male__H3K4me1	8.67575251018e-08	4.69433588335e-08	0.0322916225356
Prostate_ENTEX__H3K4me3	3.83012040013e-07	2.12304710649e-07	0.0356103587154
Fetal_Muscle_Trunk__DNase	1.57696726528e-07	8.83879651878e-08	0.0372002551744
liver_ENTEX__H3K36me3	1.1952209082e-07	6.75757832415e-08	0.0384709841079
Fetal_Lung__DNase	1.29977045084e-07	7.57615390691e-08	0.0431169760747
Fetal_Brain_Male__H3K4me3	5.30405809791e-07	3.1355742724e-07	0.0453635472237
Brain_Germinal_Matrix__H3K4me1	1.56830381092e-07	9.39196295759e-08	0.0474759051474
Ganglion_Eminence_derived_primary_cultured_neurospheres__H3K4me3	2.91933375091e-07	1.75384895413e-07	0.0480033060444
Pancreatic_Islets__H3K27ac	2.17509546451e-07	1.31040738524e-07	0.0484711056101
Fetal_Lung__H3K4me1	6.34926456928e-08	3.86796138301e-08	0.0503466737694
Liver__H3K27ac	6.85006304746e-08	4.29949602969e-08	0.0555549018797
Fetal_Intestine_Small__H3K36me3	5.41552990257e-08	3.41441594446e-08	0.0563608120273
Fetal_Brain_Female__H3K4me1	1.17661903641e-07	7.59229047401e-08	0.0606001619866
skeletal_muscle_ENTEX__H3K36me3	5.41410760061e-08	3.52106204768e-08	0.0620689646263
Pancreatic_Islets__H3K4me1	8.40449211443e-08	5.56515563215e-08	0.065496335057
Liver__H3K4me1	5.50432657359e-08	3.67231584236e-08	0.0669535909535
Foreskin_Keratinocyte_Primary_Cells_skin03__H3K4me1	5.80414320925e-08	3.89024817679e-08	0.0678531803484
Fetal_Thymus__H3K4me3	2.20817032647e-07	1.48516704378e-07	0.0685316891874
Small_Intestine__H3K4me1	1.34699699256e-07	9.11856830287e-08	0.0698107108469
Fetal_Muscle_Trunk__H3K27ac	9.28080261234e-08	6.29779391466e-08	0.070286672312
Prostate_ENTEX__H3K27ac	7.24290378619e-08	4.92380040903e-08	0.0706457401132
Lung__H3K4me1	1.03800918673e-07	7.23580289583e-08	0.0757082605659
Fetal_Heart__DNase	8.97699525707e-08	6.27537845495e-08	0.0762852660997
Cortex_derived_primary_cultured_neurospheres__H3K4me1	7.41292038521e-08	5.24490496093e-08	0.0787754682584
Fetal_Intestine_Large__DNase	1.58111481958e-07	1.15430431314e-07	0.0853816000345
Lung__H3K27ac	1.00007009699e-07	7.46788086047e-08	0.0902589984031
liver_ENTEX__H3K4me1	2.14023475538e-07	1.62204692061e-07	0.0935067884815
liver_ENTEX__H3K27ac	4.58274343132e-08	3.47340823426e-08	0.0935211449014
Foreskin_Keratinocyte_Primary_Cells_skin02__H3K4me1	7.71081173658e-08	5.99819599641e-08	0.0993050012438
Placenta_Amnion__H3K4me1	6.36400237313e-08	4.9842413745e-08	0.100832076023
Brain_Inferior_Temporal_Lobe__H3K36me3	8.36004408243e-08	6.59989223341e-08	0.102632357979
Esoph-Mucosa_ENTEX__H3K4me1	5.46361932288e-08	4.31856754573e-08	0.102909461909
Stomach_ENTEX__H3K4me1	7.08381536181e-08	5.664386505e-08	0.10554236484
Sigmoid_Colon__H3K4me3	3.00776653754e-07	2.4102563093e-07	0.106033256118
Stomach_Mucosa__H3K9ac	1.46543248973e-07	1.19986353207e-07	0.110980050826
NHDF-Ad_Adult_Dermal_Fibroblast_Primary_Cells__DNase	1.28809912161e-07	1.06892588937e-07	0.114093809656
Duodenum_Smooth_Muscle__H3K27ac	1.05594373691e-07	8.81361195341e-08	0.115442381442
Stomach_ENTEX__H3K4me3	1.73160725372e-07	1.48359725441e-07	0.121571263679
Left_Ventricle__H3K4me1	6.8059141159e-08	6.04289775727e-08	0.130026338191
Fetal_Heart__H3K4me1	3.4927418753e-08	3.12388573593e-08	0.131767253673
Brain_Hippocampus_Middle__H3K36me3	7.1219565363e-08	6.39437349344e-08	0.132685741765
Esophagus__H3K4me1	8.07170804774e-08	7.29713064779e-08	0.134331186129
Testis_ENTEX__H3K4me3	1.09131790149e-07	9.91576862272e-08	0.13553793815
Primary_hematopoietic_stem_cells_G-CSF-mobilized_Male__H3K36me3	4.10285549866e-08	3.74282224957e-08	0.136497164177
Stomach_Smooth_Muscle__H3K4me1	6.30803880525e-08	5.77628815502e-08	0.137403914042
Small_Intestine__H3K27ac	9.70412116656e-08	9.00493229148e-08	0.140596083482
Small_Intestine__H3K4me3	2.6209765144e-07	2.43418359801e-07	0.140798799804
Liver__H3K4me3	9.86318218625e-08	9.16158019257e-08	0.140833771997
Gastric__H3K27ac	1.20974304719e-07	1.14292503061e-07	0.144922366681
Nerve-Tibial_ENTEX__H3K4me1	4.59947648034e-08	4.35476612265e-08	0.145439867552
SI-Term-Ileum_ENTEX__H3K27ac	4.37092876072e-08	4.1667918542e-08	0.147091041589
Colonic_Mucosa__H3K4me1	9.4782622037e-08	9.08814462943e-08	0.148491286504
Foreskin_Keratinocyte_Primary_Cells_skin02__H3K4me3	1.73870781352e-07	1.66792742635e-07	0.148604761177
Gastric__H3K4me1	1.12079753945e-07	1.07830968889e-07	0.149308844149
Stomach_Smooth_Muscle__H3K9ac	1.74162544657e-07	1.74738833885e-07	0.159454590082
Colon_Smooth_Muscle__H3K4me1	4.3651972837e-08	4.43225511977e-08	0.162343844499
Primary_hematopoietic_stem_cells_G-CSF-mobilized_Female__H3K36me3	3.95908810906e-08	4.11075245592e-08	0.167747302589
Primary_hematopoietic_stem_cells__H3K36me3	9.13284603331e-08	9.54224774292e-08	0.169259430612
Esoph-GJ_ENTEX__H3K4me1	5.00700672242e-08	5.2659063188e-08	0.170844134398
NHEK-Epidermal_Keratinocyte_Primary_Cells__H3K4me1	3.56837370785e-08	3.79435966642e-08	0.173495543948
Fetal_Kidney__DNase	1.07725011939e-07	1.15791010748e-07	0.176097530072
Fetal_Brain_Female__H3K36me3	5.25755239594e-08	5.73762023122e-08	0.179746971427
NHDF-Ad_Adult_Dermal_Fibroblast_Primary_Cells__H3K4me3	1.94796376318e-07	2.16102679466e-07	0.183686093194
Fetal_Brain_Female__DNase	9.07065522563e-08	1.01201163614e-07	0.185046413283
Right_Atrium__H3K4me1	6.84819349863e-08	7.69172524816e-08	0.186643669046
Cortex_derived_primary_cultured_neurospheres__H3K36me3	5.79280412447e-08	6.59371056732e-08	0.189826783374
Fetal_Thymus__H3K36me3	3.31210676823e-08	3.83277988222e-08	0.19375202861
Ovary__DNase	7.44236106743e-08	8.61535598579e-08	0.193835601183
Fetal_Kidney__H3K4me1	1.22191065642e-07	1.41794274941e-07	0.194412844997
Placenta__H3K36me3	5.14598775274e-08	5.97445151924e-08	0.194527539999
Fetal_Intestine_Small__H3K4me3	1.4487686304e-07	1.68878631301e-07	0.195480569789
SI-Term-Ileum_ENTEX__H3K4me1	5.3193051477e-08	6.30142834111e-08	0.199294816298
Rectal_Smooth_Muscle__H3K4me3	1.36285136562e-07	1.62653517337e-07	0.201047311697
Rectal_Mucosa_Donor_31__H3K4me1	4.79801018931e-08	5.73615128874e-08	0.201450581174
Rectal_Mucosa_Donor_31__H3K4me3	1.34171390066e-07	1.63117138406e-07	0.205383038463
Esoph-Mucosa_ENTEX__H3K27ac	4.22278101398e-08	5.1410932289e-08	0.205715487694
SI-Term-Ileum_ENTEX__H3K4me3	9.04483361882e-08	1.10138881787e-07	0.205760266835
Stomach_ENTEX__H3K36me3	3.47386243327e-08	4.31372119276e-08	0.21032176914
NHEK-Epidermal_Keratinocyte_Primary_Cells__H3K9ac	6.23522209378e-08	7.7448353153e-08	0.210386382684
Fetal_Stomach__H3K36me3	2.88555997966e-08	3.61271106202e-08	0.212225157433
Mammary_ENTEX__H3K36me3	3.72399267629e-08	4.68407828818e-08	0.213297410082
Pancreatic_Islets__H3K4me3	1.65757429599e-07	2.0902632348e-07	0.213889531458
Foreskin_Fibroblast_Primary_Cells_skin02__H3K4me3	5.51245802985e-08	6.96166690691e-08	0.214229848216
Brain_Cingulate_Gyrus__H3K36me3	5.93263073854e-08	7.50510791431e-08	0.214624019835
Ganglion_Eminence_derived_primary_cultured_neurospheres__H3K4me1	5.82447340341e-08	7.49107745643e-08	0.218425592237
Fetal_Intestine_Large__H3K4me3	1.33386942186e-07	1.7319561184e-07	0.220604874564
Foreskin_Fibroblast_Primary_Cells_skin01__DNase	8.49410511023e-08	1.10312038617e-07	0.220647845495
Pancreas__H3K27ac	1.01812998789e-07	1.32566433017e-07	0.221239159705
Primary_T_cells_from_cord_blood__H3K4me3	1.26472506577e-07	1.64820898129e-07	0.221441790173
Adipose_Nuclei__H3K9ac	8.72336267709e-08	1.13746192111e-07	0.221566116595
Fetal_Brain_Male__DNase	8.25296263587e-08	1.085344502e-07	0.223507677886
Fetal_Muscle_Leg__H3K4me1	3.00639417788e-08	4.03360378979e-08	0.228034007163
Lung_ENTEX__H3K4me1	3.23615811041e-08	4.37540805364e-08	0.22976399695
Brain_Anterior_Caudate__H3K36me3	5.33819060133e-08	7.2372015e-08	0.230377485315
Rectal_Smooth_Muscle__H3K9ac	1.54140269967e-07	2.104265878e-07	0.23192767015
Brain_Germinal_Matrix__H3K36me3	5.42695688334e-08	7.44263727617e-08	0.232948467591
Fetal_Muscle_Leg__H3K4me3	1.51004502064e-07	2.07559155328e-07	0.233452162426
Fetal_Intestine_Large__H3K36me3	3.76242300184e-08	5.19105470162e-08	0.234290526497
Fetal_Heart__H3K36me3	1.01773650836e-07	1.40678591793e-07	0.234702334397
Ganglion_Eminence_derived_primary_cultured_neurospheres__H3K36me3	4.59035729936e-08	6.39064436787e-08	0.236288217331
Thymus__H3K27ac	6.96426079034e-08	9.70121348073e-08	0.236417113181
Sigmoid_Colon__H3K27ac	6.05826549207e-08	8.55318090239e-08	0.239377766056
Colonic_Mucosa__H3K9ac	9.75512502905e-08	1.37739539289e-07	0.239401272732
Fetal_Adrenal_Gland__H3K4me1	2.56350479087e-08	3.72961321418e-08	0.245934887088
Colonic_Mucosa__H3K4me3	1.19326783995e-07	1.74110729129e-07	0.246561551328
Rectal_Mucosa_Donor_29__H3K4me1	5.57426822103e-08	8.41571625902e-08	0.253868956726
Foreskin_Fibroblast_Primary_Cells_skin02__H3K4me1	3.10513309647e-08	4.79473100592e-08	0.258617443409
Rectal_Smooth_Muscle__H3K36me3	6.9847241735e-08	1.07934243803e-07	0.258774641189
Foreskin_Fibroblast_Primary_Cells_skin01__H3K4me3	5.80318337892e-08	9.01867969205e-08	0.259961976944
Stomach_Smooth_Muscle__H3K27ac	3.19256453649e-08	4.97866336045e-08	0.260680352576
Brain_Anterior_Caudate__H3K27ac	2.8888855653e-08	4.56901370861e-08	0.263602710147
Primary_T_helper_naive_cells_from_peripheral_blood_2__H3K36me3	3.4400388067e-08	5.45170136481e-08	0.264019347979
Lung_ENTEX__H3K27ac	2.69768043279e-08	4.2906279552e-08	0.264760329002
Brain_Angular_Gyrus__H3K36me3	5.60771551038e-08	8.98967624419e-08	0.266381096606
Duodenum_Mucosa__H3K36me3	3.96811521196e-08	6.38863107005e-08	0.26725988846
Foreskin_Fibroblast_Primary_Cells_skin02__H3K27ac	3.73505445612e-08	6.0274592716e-08	0.267736510012
Aorta__H3K4me3	1.36440776532e-07	2.20491047391e-07	0.26802269194
Right_Ventricle__H3K36me3	4.29418997648e-08	7.11738669501e-08	0.273141923473
Placenta_Amnion__H3K27ac	6.67087493729e-08	1.1084975367e-07	0.273655536525
Osteoblast_Primary_Cells__H3K4me1	2.62453074887e-08	4.40587964809e-08	0.275691753708
Liver__H3K36me3	2.46377872588e-08	4.17228059077e-08	0.277423964915
Brain_Dorsolateral_Prefrontal_Cortex__H3K36me3	4.74147251926e-08	8.03464914662e-08	0.277552373709
Rectal_Smooth_Muscle__H3K4me1	3.87550671351e-08	6.73562555813e-08	0.282519046904
Foreskin_Keratinocyte_Primary_Cells_skin03__H3K27ac	3.00835827626e-08	5.23324869716e-08	0.282694741399
NHDF-Ad_Adult_Dermal_Fibroblast_Primary_Cells__H3K4me1	3.74222303614e-08	6.55445973367e-08	0.284019133949
Breast_Myoepithelial_Primary_Cells__H3K36me3	2.32895994514e-08	4.09934260204e-08	0.28497331341
Pancreatic_Islets__H3K9ac	1.27628488933e-07	2.27886101167e-07	0.287721352892
Colonic_Mucosa__H3K36me3	5.73448466466e-08	1.0463704049e-07	0.291833652615
Fetal_Muscle_Trunk__H3K4me3	1.18224762809e-07	2.17552199498e-07	0.293416300437
Nerve-Tibial_ENTEX__H3K4me3	1.12510873187e-07	2.07403702861e-07	0.293746410591
Pancreas_ENTEX__H3K27ac	2.01989297287e-08	3.74277619186e-08	0.294709649114
Foreskin_Melanocyte_Primary_Cells_skin03__H3K36me3	1.69397565827e-08	3.18444811644e-08	0.297379390473
Duodenum_Mucosa__H3K4me1	3.25847274434e-08	6.23920921675e-08	0.300745587267
Brain_Anterior_Caudate__H3K4me1	2.76070920828e-08	5.4241031594e-08	0.305386405058
Primary_neutrophils_from_peripheral_blood__H3K4me1	1.77296542264e-08	3.48975671595e-08	0.305709689698
NHLF_Lung_Fibroblast_Primary_Cells__DNase	6.07247481472e-08	1.19904996115e-07	0.30627371889
Thyroid_gland_ENTEX__H3K36me3	2.80539013771e-08	5.56808412637e-08	0.307189014016
Fetal_Muscle_Trunk__H3K4me1	1.85710211132e-08	3.84459828017e-08	0.314532988026
Colon-Sigm_ENTEX__H3K4me3	1.06354172564e-07	2.25192458591e-07	0.318363031115
Stomach_Mucosa__H3K4me3	9.11772715023e-08	1.95520589043e-07	0.320489370046
Thyroid_gland_ENTEX__H3K4me3	6.27929787059e-08	1.37649004166e-07	0.324129604459
Fetal_Stomach__H3K4me3	1.09283279212e-07	2.41519715045e-07	0.325460959155
NHLF_Lung_Fibroblast_Primary_Cells__H3K4me3	9.85069103643e-08	2.20592495944e-07	0.327597822667
Skeletal_Muscle_Male__H3K36me3	2.67560522124e-08	6.12597233864e-08	0.331141193275
Placenta__H3K4me1	2.08151561439e-08	4.83092766441e-08	0.333280409517
Fetal_Thymus__H3K27ac	2.18890024302e-08	5.09127549966e-08	0.333622697442
Pancreas__H3K4me1	2.75542926037e-08	6.45580280242e-08	0.334757277743
Rectal_Mucosa_Donor_31__H3K9ac	4.17883198836e-08	9.7921629362e-08	0.334779730061
Rectal_Smooth_Muscle__H3K27ac	2.15819337252e-08	5.10282705925e-08	0.336169254633
NHDF-Ad_Adult_Dermal_Fibroblast_Primary_Cells__H3K27ac	4.08824614178e-08	9.72157354128e-08	0.337047926318
Rectal_Mucosa_Donor_31__H3K36me3	2.96129080424e-08	7.26006200629e-08	0.341678020694
Esophagus__H3K27ac	2.33752674784e-08	5.73571355987e-08	0.3418060922
Stomach_ENTEX__H3K27ac	1.91372824779e-08	4.74178451966e-08	0.343257784586
NHEK-Epidermal_Keratinocyte_Primary_Cells__H3K27ac	2.00561949978e-08	4.99092162838e-08	0.343895910131
NHDF-Ad_Adult_Dermal_Fibroblast_Primary_Cells__H3K9ac	6.13737312268e-08	1.54488436081e-07	0.345583920718
Pancreatic_Islets__H3K36me3	4.43105021358e-08	1.1516162428e-07	0.350204673165
Placenta_Amnion__H3K36me3	2.77823097945e-08	7.27730140055e-08	0.351317228822
Mammary_ENTEX__H3K4me1	3.74091659617e-08	9.82423761708e-08	0.351681611479
Fetal_Kidney__H3K4me3	7.35296736493e-08	1.95048008557e-07	0.353093328362
Nerve-Tibial_ENTEX__H3K27ac	1.1743231149e-08	3.14490806413e-08	0.354423670894
Primary_T_helper_naive_cells_from_peripheral_blood_2__H3K4me3	5.35416691016e-08	1.45043850342e-07	0.356011219596
Esoph-Muscularis_ENTEX__H3K36me3	1.67996768918e-08	4.61905314521e-08	0.358039561663
Adipose_Nuclei__H3K27ac	1.35098111074e-08	3.78421989593e-08	0.360544457941
Small_Intestine__DNase	3.62678605337e-08	1.05162577198e-07	0.36509447067
Heart-LV_ENTEX__H3K4me1	1.90231728163e-08	5.72888869659e-08	0.3699231299
Brain_Substantia_Nigra__H3K4me1	1.5218943994e-08	4.65750208785e-08	0.37192397551
Right_Ventricle__H3K27ac	1.87654546137e-08	5.74754081176e-08	0.372024796046
Skeletal_Muscle_Female__H3K36me3	1.59564966593e-08	5.00111485933e-08	0.374840965496
Rectal_Mucosa_Donor_29__H3K4me3	4.1260014799e-08	1.30925638193e-07	0.376327362963
Skeletal_Muscle_Male__H3K9ac	2.03856159533e-08	6.71233442355e-08	0.380676774307
Thyroid_gland_ENTEX__H3K27ac	8.3155614661e-09	2.79238793547e-08	0.382930228032
Fetal_Heart__H3K9ac	1.76570424932e-08	5.98687198187e-08	0.384023926113
Primary_T_helper_cells_PMA-I_stimulated__H3K36me3	1.10172151129e-08	3.75859974219e-08	0.384715138275
Heart-LV_ENTEX__H3K36me3	1.5413459361e-08	5.25865967961e-08	0.384720475835
Primary_mononuclear_cells_from_peripheral_blood__H3K4me3	6.44717464904e-08	2.22636148191e-07	0.386067460393
NHEK-Epidermal_Keratinocyte_Primary_Cells__H3K4me3	3.64541701562e-08	1.26124986634e-07	0.386278405327
Sigmoid_Colon__H3K4me1	3.89697986381e-08	1.40930660614e-07	0.391075297406
Esoph-Mucosa_ENTEX__H3K36me3	1.64897588906e-08	6.25798271263e-08	0.396082769141
Mammary_ENTEX__H3K27ac	1.17133289056e-08	4.52804464739e-08	0.397939516706
Thymus__H3K4me3	4.21876914892e-08	1.71533144549e-07	0.402862466858
Brain_Angular_Gyrus__H3K4me3	3.69967644338e-08	1.51827014902e-07	0.403740460953
Primary_T_helper_cells_from_peripheral_blood__H3K36me3	8.9148396756e-09	3.69114074905e-08	0.404576095064
Right_Atrium__H3K36me3	2.77829848453e-08	1.15716338496e-07	0.405128068813
Primary_T_cells_from_peripheral_blood__H3K4me3	3.57519072961e-08	1.50332374684e-07	0.406010709082
Foreskin_Fibroblast_Primary_Cells_skin01__H3K4me1	9.4936473117e-09	3.99387130811e-08	0.406054801991
Colon-TV_ENTEX__H3K27ac	1.02786073197e-08	4.61242794022e-08	0.41182771509
Foreskin_Keratinocyte_Primary_Cells_skin02__DNase	1.68974743487e-08	7.7169022675e-08	0.413337852037
Pancreas_ENTEX__H3K4me1	6.68875006393e-09	3.09259950729e-08	0.41438379308
Esoph-Muscularis_ENTEX__H3K27ac	1.06136987991e-08	5.06109153788e-08	0.416946364418
Brain_Dorsolateral_Prefrontal_Cortex__H3K27ac	1.01927988684e-08	5.00528613606e-08	0.419317149441
Colon-TV_ENTEX__H3K36me3	1.39851419221e-08	7.10125893343e-08	0.421937672161
Brain_Inferior_Temporal_Lobe__H3K27ac	7.11222105167e-09	3.67458465652e-08	0.423263460552
Colon-TV_ENTEX__H3K4me3	2.44556661832e-08	1.32737343743e-07	0.426912182846
Fetal_Kidney__H3K36me3	3.02768189583e-08	1.67419408428e-07	0.428244957734
Foreskin_Melanocyte_Primary_Cells_skin01__H3K36me3	1.62679978116e-08	9.31418646702e-08	0.430674076046
Stomach_Mucosa__H3K36me3	2.85087701108e-08	1.63749614101e-07	0.430893527077
Breast_variant_Human_Mammary_Epithelial_Cells_(vHMEC)__H3K4me1	7.63458694137e-09	4.38898381208e-08	0.430952829866
Stomach_Smooth_Muscle__H3K4me3	2.04080914339e-08	1.1734632533e-07	0.430966784098
HMEC_Mammary_Epithelial_Primary_Cells__H3K9ac	1.67630512657e-08	1.03710742011e-07	0.435797537262
Spleen_ENTEX__H3K36me3	4.47108275941e-09	3.04160347565e-08	0.441566974866
Right_Ventricle__H3K4me1	8.27080628405e-09	6.01192906362e-08	0.44528884839
Brain_Hippocampus_Middle__H3K4me3	1.37735575265e-08	1.09941593112e-07	0.450150673467
Mammary_ENTEX__H3K4me3	1.35400860923e-08	1.09143509288e-07	0.450634819019
Brain_Anterior_Caudate__H3K9ac	1.25793874619e-08	1.0208369924e-07	0.450963985183
HMEC_Mammary_Epithelial_Primary_Cells__H3K27ac	6.796463536e-09	5.63254495898e-08	0.451978520511
Foreskin_Melanocyte_Primary_Cells_skin01__H3K4me3	2.24667170711e-08	1.88625085085e-07	0.452594979476
Psoas_Muscle__H3K4me1	1.02828234895e-08	8.84718025006e-08	0.453736268814
NHLF_Lung_Fibroblast_Primary_Cells__H3K4me1	9.08050824072e-09	8.34207398442e-08	0.456659968546
HMEC_Mammary_Epithelial_Primary_Cells__DNase	1.01624621711e-08	9.69397632069e-08	0.458254260381
Colon-Sigm_ENTEX__H3K27ac	5.69778938992e-09	5.50997461912e-08	0.458819330674
HMEC_Mammary_Epithelial_Primary_Cells__H3K4me1	4.85125340231e-09	4.80934932302e-08	0.459826311275
Primary_T_helper_memory_cells_from_peripheral_blood_2__H3K36me3	8.0955097832e-09	8.24174392546e-08	0.460876541983
Primary_T_killer_memory_cells_from_peripheral_blood__H3K4me3	1.55136363561e-08	1.59644386656e-07	0.461293230359
Fetal_Adrenal_Gland__H3K27ac	4.02847380213e-09	4.25640329317e-08	0.462298394257
Colon-Sigm_ENTEX__H3K36me3	6.43133641274e-09	6.89122184712e-08	0.462822088525
Primary_hematopoietic_stem_cells_G-CSF-mobilized_Female__H3K4me3	1.33238411607e-08	1.54328270661e-07	0.465600290189
Primary_T_helper_memory_cells_from_peripheral_blood_2__H3K4me3	1.42868358015e-08	1.65912925016e-07	0.465689310286
Foreskin_Fibroblast_Primary_Cells_skin02__DNase	1.09497691618e-08	1.27688749355e-07	0.4658311486
Nerve-Tibial_ENTEX__H3K36me3	4.73062205068e-09	5.62834937442e-08	0.466508378605
Colon_Smooth_Muscle__H3K27ac	4.18716127905e-09	4.98311411732e-08	0.466517482552
Brain_Substantia_Nigra__H3K27ac	3.13697445277e-09	3.91179400448e-08	0.468041985586
Breast_Myoepithelial_Primary_Cells__H3K4me1	2.80028373016e-09	3.54070155614e-08	0.468481160419
Colonic_Mucosa__H3K27ac	6.27870139228e-09	9.204823415e-08	0.472808838375
Esoph-GJ_ENTEX__H3K27ac	3.2750600159e-09	4.91993187811e-08	0.473463136304
Esoph-Muscularis_ENTEX__H3K4me1	2.43233892753e-09	3.72049620323e-08	0.473937023783
Brain_Inferior_Temporal_Lobe__H3K4me3	7.81211924771e-09	1.29017241092e-07	0.475858410577
Brain_Anterior_Caudate__H3K4me3	7.09464023961e-09	1.23367053472e-07	0.4770701127
Lung_ENTEX__H3K36me3	2.40998694456e-09	5.02572190668e-08	0.480876830055
Fetal_Kidney__H3K9ac	8.06903878582e-09	1.9432786404e-07	0.483439554782
Primary_T_killer_naive_cells_from_peripheral_blood__H3K4me3	5.96922779023e-09	1.64978936115e-07	0.485568716102
Esophagus__H3K36me3	1.57921837697e-09	7.12936826565e-08	0.491163796847
Primary_T_cells_from_peripheral_blood__H3K36me3	9.06837594091e-10	4.29186088112e-08	0.491571279901
Osteoblast_Primary_Cells__H3K27ac	7.12770006374e-10	5.08369537525e-08	0.494406730643
Rectal_Mucosa_Donor_31__H3K27ac	-7.07796421992e-10	6.21837521562e-08	0.504540797423
Ovary__H3K4me1	-1.33612929669e-09	6.70416139938e-08	0.50795033341
Primary_hematopoietic_stem_cells_short_term_culture__H3K36me3	-9.20553863854e-10	4.01942493732e-08	0.50913602718
Fetal_Heart__H3K4me3	-3.92886572396e-09	9.99687089861e-08	0.51567477735
Foreskin_Keratinocyte_Primary_Cells_skin03__H3K4me3	-5.35063262073e-09	1.31644744149e-07	0.516210339601
Breast_Myoepithelial_Primary_Cells__H3K9ac	-5.21298982073e-09	1.22583365843e-07	0.516960338485
Primary_T_helper_naive_cells_from_peripheral_blood_1__H3K4me3	-8.35677436787e-09	1.67315632281e-07	0.519917356036
Left_Ventricle__H3K27ac	-2.59182514756e-09	4.52205794045e-08	0.52285293142
Esoph-Mucosa_ENTEX__H3K4me3	-7.86216587991e-09	1.26112077076e-07	0.524855032787
Primary_T_cells_effector_memory_enriched_from_peripheral_blood__H3K4me3	-1.15165175713e-08	1.66201726061e-07	0.527621565046
Spleen__H3K36me3	-5.40842957031e-09	7.19714722993e-08	0.529951064625
Sigmoid_Colon__H3K36me3	-6.55985700361e-09	8.60096288718e-08	0.530397403164
Ovary__H3K4me3	-1.51098038458e-08	1.78435780888e-07	0.533741794122
Duodenum_Mucosa__H3K4me3	-1.18990704839e-08	1.21366953471e-07	0.539050566641
Adipose_Nuclei__H3K4me1	-5.64722426763e-09	5.02887075846e-08	0.544705671429
Thyroid_gland_ENTEX__H3K4me1	-3.28582247198e-09	2.87479074769e-08	0.545499135313
Adipose_Nuclei__H3K36me3	-7.00057081286e-09	5.84680976911e-08	0.547652739144
Primary_neutrophils_from_peripheral_blood__H3K4me3	-1.18317865072e-08	8.70297872392e-08	0.554069990785
Primary_T_helper_naive_cells_from_peripheral_blood_1__H3K36me3	-9.02602117803e-09	6.29689241804e-08	0.556989515291
Adrenal_gland_ENTEX__H3K4me3	-1.75998701161e-08	1.18546259076e-07	0.559011763488
Brain_Angular_Gyrus__H3K27ac	-6.84454730393e-09	4.56276629539e-08	0.559621132121
Primary_T_cells_from_cord_blood__H3K36me3	-1.21438635914e-08	8.04124143683e-08	0.560019936133
Primary_T_helper_naive_cells_from_peripheral_blood_2__H3K27ac	-9.34048725775e-09	5.79197225778e-08	0.56405808548
Osteoblast_Primary_Cells__H3K4me3	-2.36880781542e-08	1.36103457422e-07	0.569084812652
Gastric__H3K4me3	-4.78980129381e-08	2.57063201529e-07	0.573906134037
Foreskin_Melanocyte_Primary_Cells_skin03__H3K4me1	-6.5911839476e-09	3.50881912315e-08	0.574501397252
Esophagus__H3K4me3	-4.01927839583e-08	2.06583457974e-07	0.577131112615
Heart-Atrial_ENTEX__H3K4me1	-3.72352624908e-08	1.90416290375e-07	0.577517478776
Primary_T_regulatory_cells_from_peripheral_blood__H3K36me3	-7.96650175438e-09	3.96840842233e-08	0.579552199437
Foreskin_Melanocyte_Primary_Cells_skin03__H3K27ac	-1.19173924432e-08	5.77976474467e-08	0.58167939599
Primary_hematopoietic_stem_cells__H3K4me3	-4.18481449126e-08	2.00863147163e-07	0.582518865103
Primary_B_cells_from_cord_blood__H3K4me3	-3.90241884311e-08	1.83109627542e-07	0.584383029029
Heart-Atrial_ENTEX__H3K27ac	-7.03868590851e-09	3.1968385293e-08	0.587133135535
Lung__H3K4me3	-4.2527301256e-08	1.90523221706e-07	0.588315217176
Fetal_Adrenal_Gland__H3K36me3	-9.9412318287e-09	4.09881685504e-08	0.595818752274
Primary_T_helper_memory_cells_from_peripheral_blood_1__H3K36me3	-1.48902167248e-08	5.91038481274e-08	0.599453619594
Foreskin_Melanocyte_Primary_Cells_skin01__H3K4me1	-2.71457217037e-08	1.07062628463e-07	0.600078357733
Skeletal_Muscle_Male__H3K4me3	-3.31193489307e-08	1.28965504514e-07	0.601336430092
Colon_Smooth_Muscle__H3K4me3	-3.71734223149e-08	1.44749972043e-07	0.601337760304
Fetal_Brain_Male__H3K36me3	-6.21489722309e-08	2.37661200131e-07	0.60314744729
NHEK-Epidermal_Keratinocyte_Primary_Cells__H3K36me3	-1.29254056654e-08	4.88076210339e-08	0.604427288699
Primary_neutrophils_from_peripheral_blood__H3K36me3	-9.50812950648e-09	3.54871341269e-08	0.605624068238
Fetal_Muscle_Trunk__H3K36me3	-1.61430992248e-08	5.75635912834e-08	0.610429795275
Primary_T_helper_cells_from_peripheral_blood__H3K4me3	-4.38551881077e-08	1.55575611621e-07	0.61098601933
Rectal_Mucosa_Donor_29__H3K27ac	-1.94166563063e-08	6.85793453367e-08	0.611460212783
Colon-TV_ENTEX__H3K4me1	-3.39576140926e-08	1.15047452889e-07	0.616064861777
Duodenum_Mucosa__H3K9ac	-3.90014463966e-08	1.30746446116e-07	0.617262260225
HMEC_Mammary_Epithelial_Primary_Cells__H3K36me3	-2.44796703852e-08	8.1755966477e-08	0.617691592631
Brain_Angular_Gyrus__H3K4me1	-1.70490733301e-08	5.56381316276e-08	0.620360548734
Primary_T_killer_naive_cells_from_peripheral_blood__H3K9ac	-5.49329512685e-08	1.77476337339e-07	0.621538018112
Duodenum_Smooth_Muscle__H3K4me1	-2.34075794288e-08	7.54067346927e-08	0.62187830325
Primary_monocytes_from_peripheral_blood__H3K4me1	-1.28553361261e-08	4.13620011894e-08	0.622023905546
Primary_T_cells_effector_memory_enriched_from_peripheral_blood__H3K36me3	-1.76516936726e-08	5.59345261276e-08	0.62383849791
Brain_Substantia_Nigra__H3K36me3	-3.46755017625e-08	1.08372072359e-07	0.625503378714
Primary_Natural_Killer_cells_from_peripheral_blood__H3K4me3	-5.88987489215e-08	1.75594974495e-07	0.631347324394
Brain_Inferior_Temporal_Lobe__H3K4me1	-2.0331574546e-08	5.97536960218e-08	0.633168257373
Aorta__H3K36me3	-6.30093322621e-08	1.84475735552e-07	0.633658570068
Primary_mononuclear_cells_from_peripheral_blood__H3K36me3	-1.93832858124e-08	5.5603984688e-08	0.636303408736
Primary_T_helper_naive_cells_from_peripheral_blood__H3K9ac	-4.23434018146e-08	1.19744582138e-07	0.6381860383
Artery-Tibial_ENTEX__H3K4me1	-4.07129730077e-08	1.14504730839e-07	0.638913871745
Primary_Natural_Killer_cells_from_peripheral_blood__H3K36me3	-1.67954334237e-08	4.70428765459e-08	0.639463060457
Skeletal_Muscle_Male__H3K4me1	-1.87633452116e-08	5.17617808343e-08	0.641508620625
Fetal_Lung__H3K36me3	-1.78979966508e-08	4.8286844266e-08	0.644554567741
Primary_hematopoietic_stem_cells_G-CSF-mobilized_Male__H3K4me3	-4.29617529725e-08	1.15350999541e-07	0.645218738464
Primary_B_cells_from_cord_blood__H3K36me3	-5.19024967202e-08	1.36833980027e-07	0.647771162029
Rectal_Mucosa_Donor_29__H3K36me3	-2.89890234513e-08	7.53179407179e-08	0.64984005673
Brain_Hippocampus_Middle__H3K4me1	-1.58413157347e-08	4.09380022758e-08	0.650606604664
Vagina_ENTEX__H3K4me3	-6.83972527675e-08	1.73406808647e-07	0.653369063259
Vagina_ENTEX__H3K36me3	-6.32466459872e-08	1.59468598343e-07	0.654172010932
Brain_Hippocampus_Middle__H3K27ac	-1.65367774225e-08	4.09518448939e-08	0.656823894979
Colon_Smooth_Muscle__H3K9ac	-4.98778414852e-08	1.22025361554e-07	0.65863835643
Adrenal_gland_ENTEX__H3K36me3	-1.90414060024e-08	4.6537337578e-08	0.658790366389
Placenta_Amnion__H3K4me3	-9.85701859952e-08	2.38205441359e-07	0.660490898483
NHDF-Ad_Adult_Dermal_Fibroblast_Primary_Cells__H3K36me3	-5.46157898936e-08	1.30433507762e-07	0.662291492888
Primary_T_helper_17_cells_PMA-I_stimulated__H3K36me3	-2.02702061428e-08	4.71199639737e-08	0.666468726192
Foreskin_Fibroblast_Primary_Cells_skin01__H3K27ac	-2.47564767517e-08	5.65114201881e-08	0.669335557681
Heart-LV_ENTEX__H3K27ac	-1.77767155749e-08	3.80118758571e-08	0.679986893632
Foreskin_Melanocyte_Primary_Cells_skin03__H3K4me3	-8.46110008963e-08	1.78464001116e-07	0.68228813394
NHLF_Lung_Fibroblast_Primary_Cells__H3K9ac	-8.04310461711e-08	1.66140848561e-07	0.68584737902
Primary_T_killer_naive_cells_from_peripheral_blood__H3K36me3	-4.08776592341e-08	8.43467395926e-08	0.686033524474
Rectal_Mucosa_Donor_29__H3K9ac	-7.29370481855e-08	1.50431514144e-07	0.686109398624
Right_Ventricle__H3K4me3	-7.89570661015e-08	1.60891348009e-07	0.688197563256
Vagina_ENTEX__H3K27ac	-2.34796690568e-08	4.70690004668e-08	0.69105221728
Primary_hematopoietic_stem_cells_short_term_culture__H3K4me3	-8.56346188932e-08	1.68745627011e-07	0.694090110867
skeletal_muscle_ENTEX__H3K27ac	-1.18420382481e-08	2.29753360599e-08	0.696871596715
Pancreas__DNase	-7.36792884605e-08	1.42045659336e-07	0.698015522344
Prostate_ENTEX__H3K36me3	-1.34276235858e-07	2.5663987644e-07	0.69958551286
Primary_T_helper_cells_from_peripheral_blood__H3K27ac	-3.82877984984e-08	7.31581115408e-08	0.69963702546
Psoas_Muscle__H3K36me3	-5.70114642814e-08	1.06265775821e-07	0.704193077469
Breast_variant_Human_Mammary_Epithelial_Cells_(vHMEC)__H3K36me3	-1.87960969627e-08	3.4498577689e-08	0.707067139667
Brain_Cingulate_Gyrus__H3K27ac	-2.34750089648e-08	4.30513432645e-08	0.707219301799
Skeletal_Muscle_Female__H3K27ac	-2.91073264703e-08	5.29784304448e-08	0.708640837999
Brain_Cingulate_Gyrus__H3K4me1	-2.7317422055e-08	4.93332015704e-08	0.710119208748
Pancreas__H3K4me3	-1.13302003709e-07	2.02583360792e-07	0.71201666884
Fetal_Lung__H3K9ac	-6.89430572495e-08	1.21733011233e-07	0.714420850838
Placenta__H3K27ac	-2.48374353177e-08	4.34221238222e-08	0.716338860486
Skeletal_Muscle_Female__H3K4me3	-6.96468885599e-08	1.21674979627e-07	0.716474854519
Testis_ENTEX__H3K27ac	-1.92047485879e-08	3.33928865335e-08	0.717393224359
Artery-Coronary_ENTEX__H3K27ac	-2.24399558137e-08	3.89515598781e-08	0.717725876042
Foreskin_Keratinocyte_Primary_Cells_skin03__H3K36me3	-1.66618742562e-08	2.83551891229e-08	0.72160391708
Ovary__H3K27ac	-4.34892024503e-08	7.38876397297e-08	0.721930359634
Primary_mononuclear_cells_from_peripheral_blood__H3K4me1	-7.43993391955e-08	1.25460431731e-07	0.723412899605
Right_Atrium__H3K27ac	-4.14267724752e-08	6.87030513487e-08	0.726740003006
Brain_Inferior_Temporal_Lobe__H3K9ac	-4.74840669822e-08	7.85404329384e-08	0.727271339978
NHLF_Lung_Fibroblast_Primary_Cells__H3K27ac	-4.67920725305e-08	7.57269261792e-08	0.731681132639
Gastric__H3K36me3	-4.75934838261e-08	7.65412408816e-08	0.732963909318
Primary_monocytes_from_peripheral_blood__H3K27ac	-5.1403702878e-08	8.16646936825e-08	0.735472198342
Right_Atrium__H3K4me3	-1.18208866862e-07	1.84205749403e-07	0.739473122374
Fetal_Muscle_Leg__H3K36me3	-3.52679851215e-08	5.46831076217e-08	0.740520886519
Gastric__DNase	-1.07380096607e-07	1.65730332449e-07	0.741481847216
Ovary__H3K36me3	-5.43632935671e-08	8.25268522854e-08	0.744966896878
Placenta__H3K4me3	-1.71559858924e-07	2.57126236541e-07	0.747684304561
Primary_T_helper_naive_cells_from_peripheral_blood_2__H3K4me1	-2.68934302492e-08	4.03033590985e-08	0.747701803878
Colon-Sigm_ENTEX__H3K4me1	-1.394578995e-07	2.05490277162e-07	0.751323138285
Primary_monocytes_from_peripheral_blood__DNase	-9.52249656888e-08	1.37120434583e-07	0.756303816942
Skin_tissue_ENTEX__H3K4me3	-1.1844912435e-07	1.67325762711e-07	0.76049486691
Skeletal_Muscle_Female__H3K9ac	-6.84743805603e-08	9.62188659006e-08	0.761659954644
Aorta__H3K4me1	-8.01554470949e-08	1.1007139692e-07	0.76675846473
Adipose_Nuclei__H3K4me3	-5.92016987529e-08	8.04470623494e-08	0.769106890329
Spleen_ENTEX__H3K4me3	-4.66337297405e-08	6.29285252943e-08	0.770671068445
Brain_Dorsolateral_Prefrontal_Cortex__H3K4me3	-1.23069893102e-07	1.6559501167e-07	0.771319114211
Pancreas_ENTEX__H3K4me3	-9.76115384267e-08	1.30603935277e-07	0.772584670004
skeletal_muscle_ENTEX__H3K4me3	-5.36351110462e-08	7.14916892506e-08	0.773441486405
Heart-LV_ENTEX__H3K4me3	-1.05688586197e-07	1.40729118186e-07	0.773675849761
Primary_monocytes_from_peripheral_blood__H3K4me3	-1.50075690887e-07	1.99146259518e-07	0.774453874905
Primary_hematopoietic_stem_cells_G-CSF-mobilized_Female__H3K4me1	-2.96040553937e-08	3.89625491936e-08	0.776315310791
Primary_T_cells_from_cord_blood__H3K4me1	-5.52536352574e-08	7.11593093129e-08	0.781266585061
skeletal_muscle_ENTEX__H3K4me1	-2.00371239601e-08	2.58046624939e-08	0.781270842755
Foreskin_Melanocyte_Primary_Cells_skin01__H3K27ac	-9.49854033833e-08	1.22063768581e-07	0.781763283419
Heart-Atrial_ENTEX__H3K4me3	-1.33253169085e-07	1.68859307583e-07	0.784984102804
Duodenum_Smooth_Muscle__H3K4me3	-5.68367288941e-08	6.83232289787e-08	0.797261663891
Primary_hematopoietic_stem_cells_G-CSF-mobilized_Male__H3K4me1	-3.72715054718e-08	4.46001856812e-08	0.798332665891
SI-Term-Ileum_ENTEX__H3K36me3	-1.0552060796e-07	1.23905825367e-07	0.802787323123
Breast_Myoepithelial_Primary_Cells__H3K4me3	-1.15994506402e-07	1.35091309079e-07	0.80472981572
Primary_Natural_Killer_cells_from_peripheral_blood__H3K27ac	-5.82981959611e-08	6.71439218282e-08	0.807373236309
Primary_mononuclear_cells_from_peripheral_blood__H3K27ac	-1.29232710655e-07	1.48669662869e-07	0.807647751726
Brain_Dorsolateral_Prefrontal_Cortex__H3K4me1	-5.82094683861e-08	6.65119652485e-08	0.809260077297
Lung__H3K36me3	-7.03284413013e-08	8.02181381651e-08	0.80967925881
Brain_Substantia_Nigra__H3K4me3	-1.32001241821e-07	1.50113053219e-07	0.810393020892
Brain_Cingulate_Gyrus__H3K4me3	-1.21973838778e-07	1.38378820004e-07	0.810962510906
Primary_T_killer_memory_cells_from_peripheral_blood__H3K27ac	-7.78400251499e-08	8.73265847406e-08	0.813633809402
Primary_B_cells_from_peripheral_blood__DNase	-8.98747932702e-08	1.00800444015e-07	0.813699286773
Primary_monocytes_from_peripheral_blood__H3K36me3	-2.89770486116e-08	3.24678087427e-08	0.813933620096
Placenta__DNase	-7.87275116271e-08	8.68343773004e-08	0.817701374069
Ovary_ENTEX__H3K36me3	-1.50560761474e-07	1.64614822734e-07	0.819805622275
Primary_T_helper_memory_cells_from_peripheral_blood_1__H3K4me3	-1.34519477718e-07	1.4491938651e-07	0.823357571907
Psoas_Muscle__DNase	-8.29194246871e-08	8.83866921597e-08	0.825914734897
Spleen__H3K4me3	-1.0266032167e-07	1.08076139967e-07	0.828915636745
Pancreas_ENTEX__H3K36me3	-5.24120713984e-08	5.38804255647e-08	0.8346606965
Foreskin_Keratinocyte_Primary_Cells_skin02__H3K36me3	-4.71558485604e-08	4.80654651879e-08	0.836722235508
Primary_T_killer_memory_cells_from_peripheral_blood__H3K36me3	-7.63082074389e-08	7.69321460361e-08	0.839374346214
Spleen_ENTEX__H3K4me1	-1.0799312665e-07	1.08564674746e-07	0.840067517117
Artery-Tibial_ENTEX__H3K36me3	-5.23072137245e-08	5.2053617868e-08	0.842520712352
Primary_hematopoietic_stem_cells_G-CSF-mobilized_Female__H3K27ac	-6.35992477847e-08	6.20542835236e-08	0.847294100147
Primary_B_cells_from_peripheral_blood__H3K36me3	-3.36618370784e-08	3.25027210615e-08	0.849820100434
Thymus__H3K4me1	-6.54606504455e-08	6.31321411474e-08	0.850104830338
Artery-Coronary_ENTEX__H3K4me3	-8.53586239323e-08	8.18438583463e-08	0.851513063267
Foreskin_Melanocyte_Primary_Cells_skin01__DNase	-7.46847849875e-08	7.15612017798e-08	0.851676120071
Skeletal_Muscle_Female__H3K4me1	-4.37999901068e-08	4.10576204864e-08	0.856967383753
HMEC_Mammary_Epithelial_Primary_Cells__H3K4me3	-2.22716559789e-07	1.99899103765e-07	0.867391477787
Aorta_ENTEX__H3K4me3	-8.51099183605e-08	7.61373079164e-08	0.868183988133
Osteoblast_Primary_Cells__H3K36me3	-4.49533271932e-08	3.99115934653e-08	0.869985489053
Primary_B_cells_from_peripheral_blood__H3K27ac	-8.01835186082e-08	7.10467687556e-08	0.870467096777
Colon_Smooth_Muscle__H3K36me3	-6.74296944435e-08	5.97163007207e-08	0.870586368743
Primary_T_helper_cells_PMA-I_stimulated__H3K4me3	-1.1508345331e-07	9.89192112507e-08	0.877668103114
Duodenum_Smooth_Muscle__H3K36me3	-8.43963259786e-08	7.17551868798e-08	0.880236602446
Stomach_Smooth_Muscle__H3K36me3	-7.24108659704e-08	6.1549683839e-08	0.880294851504
Breast_variant_Human_Mammary_Epithelial_Cells_(vHMEC)__DNase	-1.15434429781e-07	9.69116734853e-08	0.883198779844
Primary_hematopoietic_stem_cells_G-CSF-mobilized_Female__DNase	-1.53040721712e-07	1.28081623561e-07	0.883930831158
Primary_B_cells_from_cord_blood__H3K4me1	-6.61360641552e-08	5.40632164798e-08	0.889393652095
Fetal_Thymus__H3K4me1	-4.25821729731e-08	3.45669118122e-08	0.891002425322
Primary_T_cells_from_peripheral_blood__H3K27ac	-7.93617296458e-08	6.42175239955e-08	0.891738502753
Heart-Atrial_ENTEX__H3K36me3	-6.21855279903e-08	5.01819177339e-08	0.892364632135
Primary_T_helper_cells_PMA-I_stimulated__H3K27ac	-5.28232315745e-08	4.25158057328e-08	0.892962407361
Primary_B_cells_from_peripheral_blood__H3K4me3	-2.4798955636e-07	1.99526324924e-07	0.893046075199
Fetal_Adrenal_Gland__H3K4me3	-2.75445342553e-07	2.20731016978e-07	0.893962099708
Primary_hematopoietic_stem_cells_short_term_culture__H3K4me1	-6.70796062726e-08	5.36403463706e-08	0.894449529703
Primary_T_helper_naive_cells_from_peripheral_blood_1__H3K27ac	-1.29523885308e-07	1.02289834894e-07	0.897287122764
Pancreas__H3K36me3	-1.00945114188e-07	7.94749237327e-08	0.897984487151
Spleen__H3K4me1	-8.43716900315e-08	6.63174546914e-08	0.898355993869
Fetal_Thymus__DNase	-1.2154908661e-07	9.4879712017e-08	0.899918299003
Esoph-GJ_ENTEX__H3K4me3	-1.52284177506e-07	1.18272241555e-07	0.901052726507
Primary_T_cells_effector_memory_enriched_from_peripheral_blood__H3K27ac	-9.24042841065e-08	7.1735730213e-08	0.901148037002
Foreskin_Fibroblast_Primary_Cells_skin02__H3K36me3	-5.74395593288e-08	4.3919928136e-08	0.904533583788
Primary_T_cells_from_cord_blood__DNase	-1.74868022157e-07	1.33538333187e-07	0.90481694225
Primary_T_helper_memory_cells_from_peripheral_blood_2__H3K27ac	-9.04427704525e-08	6.87845140883e-08	0.905723388356
Brain_Cingulate_Gyrus__H3K9ac	-1.47426819539e-07	1.11816463007e-07	0.906327070005
Spleen__H3K27ac	-8.78245842621e-08	6.5437321069e-08	0.910221075745
Esoph-Muscularis_ENTEX__H3K4me3	-2.11824787646e-07	1.55013276523e-07	0.914108094827
Aorta_ENTEX__H3K4me1	-3.9095976572e-08	2.80066963347e-08	0.918635378778
Primary_T_regulatory_cells_from_peripheral_blood__H3K4me3	-1.51821733454e-07	1.07451711043e-07	0.921161829133
Small_Intestine__H3K36me3	-2.15673346009e-07	1.48127115938e-07	0.927303937661
Primary_T_helper_17_cells_PMA-I_stimulated__H3K4me3	-1.59806632843e-07	1.09091111388e-07	0.928524727683
NHLF_Lung_Fibroblast_Primary_Cells__H3K36me3	-1.31928473667e-07	8.93659298318e-08	0.930064636795
Fetal_Lung__H3K4me3	-2.44389159189e-07	1.63913258366e-07	0.932014840434
Testis_ENTEX__H3K36me3	-2.6610433105e-07	1.76284138734e-07	0.934416951987
Psoas_Muscle__H3K4me3	-3.35967645028e-07	2.22254896566e-07	0.934686264729
NHEK-Epidermal_Keratinocyte_Primary_Cells__DNase	-1.25336372391e-07	8.25907037367e-08	0.935437358166
Primary_T_killer_naive_cells_from_peripheral_blood__H3K27ac	-1.51200524256e-07	9.92819593632e-08	0.936113213308
Psoas_Muscle__H3K27ac	-1.1827059455e-07	7.70850119877e-08	0.937520568867
Primary_T_helper_naive_cells_from_peripheral_blood_1__H3K4me1	-7.02834751151e-08	4.52050377269e-08	0.93999967354
Brain_Dorsolateral_Prefrontal_Cortex__H3K9ac	-1.88260969495e-07	1.20906448087e-07	0.940274211674
Left_Ventricle__H3K4me3	-3.30867746291e-07	2.10914219846e-07	0.941644723357
Left_Ventricle__H3K36me3	-1.14677464988e-07	7.29892717986e-08	0.941926684108
Aorta_ENTEX__H3K27ac	-4.06975006453e-08	2.58196772225e-08	0.942512484777
Primary_mononuclear_cells_from_peripheral_blood__H3K9ac	-1.81843708835e-07	1.15069047168e-07	0.942981003153
Lung_ENTEX__H3K4me3	-3.0697674005e-07	1.93385764701e-07	0.943786723158
Brain_Angular_Gyrus__H3K9ac	-1.53552663141e-07	9.56187854905e-08	0.945850283426
Adrenal_gland_ENTEX__H3K27ac	-5.8083575746e-08	3.57872727748e-08	0.947707782528
Aorta__H3K27ac	-9.18585734861e-08	5.46000141393e-08	0.953753479228
Primary_hematopoietic_stem_cells__H3K4me1	-1.62567006514e-07	9.34269225938e-08	0.959074401274
Primary_T_helper_cells_from_peripheral_blood__H3K4me1	-6.97863850422e-08	3.9863059561e-08	0.959997150546
Primary_hematopoietic_stem_cells_G-CSF-mobilized_Male__DNase	-2.33638460912e-07	1.32088495802e-07	0.961536579857
Primary_T_helper_memory_cells_from_peripheral_blood_1__H3K4me1	-7.1973407058e-08	4.04306417673e-08	0.962475911077
Primary_T_helper_cells_PMA-I_stimulated__H3K4me1	-6.07606021764e-08	3.35447593107e-08	0.964955046173
Brain_Substantia_Nigra__H3K9ac	-1.8231515092e-07	9.93869486357e-08	0.966702480452
Primary_Natural_Killer_cells_from_peripheral_blood__H3K4me1	-8.37452578628e-08	4.516797935e-08	0.96813647587
Primary_T_killer_memory_cells_from_peripheral_blood__H3K4me1	-9.40443361393e-08	4.99078416214e-08	0.970241845891
Primary_T_helper_memory_cells_from_peripheral_blood_1__H3K27ac	-1.39197388812e-07	7.20764377161e-08	0.973273729768
Primary_T_cells_from_peripheral_blood__H3K4me1	-8.46153348999e-08	4.28140770401e-08	0.975942072911
Primary_Natural_Killer_cells_from_peripheral_blood__DNase	-2.54408780542e-07	1.27644552559e-07	0.976874932326
Breast_variant_Human_Mammary_Epithelial_Cells_(vHMEC)__H3K4me3	-3.99367390082e-07	2.00364303571e-07	0.976880568659
Adrenal_gland_ENTEX__H3K4me1	-9.07192187886e-08	4.50209976739e-08	0.978049896195
Foreskin_Fibroblast_Primary_Cells_skin01__H3K36me3	-7.4510871458e-08	3.69623353022e-08	0.978092660501
Primary_T_killer_naive_cells_from_peripheral_blood__H3K4me1	-8.09618701209e-08	3.95975604595e-08	0.97955371487
Primary_T_helper_17_cells_PMA-I_stimulated__H3K27ac	-1.46825156454e-07	7.05194856334e-08	0.981331088305
Primary_T_cells_from_peripheral_blood__DNase	-2.07300400407e-07	9.45223722028e-08	0.985851202591
Primary_B_cells_from_peripheral_blood__H3K4me1	-8.83276942712e-08	3.96738358173e-08	0.987004499988
Primary_T_cells_effector_memory_enriched_from_peripheral_blood__H3K4me1	-1.50711175231e-07	6.48283997944e-08	0.989957892224
Spleen_ENTEX__H3K27ac	-7.22433469633e-08	3.10165005465e-08	0.990075519312
Aorta_ENTEX__H3K36me3	-8.76602984513e-08	3.72835153881e-08	0.990643039567
Fetal_Adrenal_Gland__DNase	-2.57252140234e-07	1.07770501408e-07	0.991507601792
Primary_T_helper_17_cells_PMA-I_stimulated__H3K4me1	-1.07308377279e-07	4.44871983636e-08	0.99206992883
Primary_T_helper_memory_cells_from_peripheral_blood_2__H3K4me1	-9.78778949412e-08	3.84017489274e-08	0.994595091637
Primary_T_regulatory_cells_from_peripheral_blood__H3K4me1	-1.29586344813e-07	4.89241977191e-08	0.995960099746
Primary_T_regulatory_cells_from_peripheral_blood__H3K27ac	-1.42011181968e-07	4.8487320197e-08	0.998298804959
