Name	Coefficient	Coefficient_std_error	Coefficient_P_value
Fetal_Brain_Female__H3K4me3	5.9284368508e-07	1.5130800423e-07	4.46202005842e-05
Osteoblast_Primary_Cells__H3K4me1	1.28860853988e-07	4.45269368361e-08	0.0019018545782
Fetal_Brain_Female__H3K4me1	1.88252029562e-07	6.90797339418e-08	0.00321369958344
Brain_Germinal_Matrix__H3K4me3	4.02309822778e-07	1.59375736975e-07	0.00579669063314
Stomach_ENTEX__H3K36me3	9.95139894598e-08	4.10912190232e-08	0.00772229860796
Foreskin_Fibroblast_Primary_Cells_skin02__H3K36me3	1.06058499226e-07	4.40146509043e-08	0.00798461347034
Aorta__H3K27ac	1.44948925556e-07	6.35141374899e-08	0.0112401794395
Fetal_Brain_Female__DNase	2.18034774519e-07	1.0094004984e-07	0.0153846986704
Brain_Dorsolateral_Prefrontal_Cortex__H3K27ac	1.13270492859e-07	5.43795369455e-08	0.0186273572788
Primary_neutrophils_from_peripheral_blood__H3K4me3	1.96272553442e-07	9.77616845098e-08	0.0223395375505
Spleen_ENTEX__H3K4me3	1.44797924994e-07	7.28475864775e-08	0.023423368145
Osteoblast_Primary_Cells__H3K27ac	1.02848305266e-07	5.23813822539e-08	0.0247968654734
Pancreatic_Islets__H3K27ac	2.84823595746e-07	1.46243180557e-07	0.0257312674163
Thyroid_gland_ENTEX__H3K4me1	6.56837979702e-08	3.38915382967e-08	0.0263080175302
Brain_Angular_Gyrus__H3K27ac	9.83631482197e-08	5.13496819409e-08	0.0277108708308
Esoph-GJ_ENTEX__H3K4me1	8.7924832446e-08	4.59821798539e-08	0.027928468501
Foreskin_Keratinocyte_Primary_Cells_skin02__H3K4me3	3.64333952592e-07	1.91832575451e-07	0.0287671996418
Brain_Inferior_Temporal_Lobe__H3K27ac	7.54895654626e-08	3.99431891387e-08	0.0293841066903
Fetal_Brain_Male__H3K4me1	8.44826351473e-08	4.4742589991e-08	0.0295000377221
Aorta__H3K4me1	2.12818677114e-07	1.14650003554e-07	0.0317092096872
Brain_Cingulate_Gyrus__H3K9ac	2.32439285979e-07	1.25323177391e-07	0.0318181776385
Brain_Angular_Gyrus__H3K4me3	2.96436384219e-07	1.65249152861e-07	0.0364165322389
Aorta_ENTEX__H3K4me3	1.29373496472e-07	7.29443987411e-08	0.0380654507586
Primary_neutrophils_from_peripheral_blood__H3K4me1	6.20894240933e-08	3.60904830556e-08	0.0426814965754
Fetal_Stomach__H3K36me3	5.84818457589e-08	3.44945768306e-08	0.0450004968634
Fetal_Brain_Male__DNase	1.69213065337e-07	9.99855639907e-08	0.0452872513219
Foreskin_Fibroblast_Primary_Cells_skin01__H3K36me3	6.397675933e-08	3.84653841228e-08	0.0481332582459
Fetal_Muscle_Trunk__H3K4me3	4.22534660752e-07	2.66285642423e-07	0.0562821210422
Ovary__H3K4me1	1.1501471026e-07	7.29279055408e-08	0.0573860844275
NHLF_Lung_Fibroblast_Primary_Cells__DNase	1.74360779517e-07	1.11009517052e-07	0.0581281308418
Lung_ENTEX__H3K36me3	7.62318639639e-08	4.87745226772e-08	0.0590328440543
Foreskin_Keratinocyte_Primary_Cells_skin03__H3K36me3	4.77782761326e-08	3.06235064453e-08	0.0593583132733
Stomach_Smooth_Muscle__H3K4me1	7.35339508849e-08	4.72441010882e-08	0.0597983744689
Fetal_Muscle_Trunk__H3K36me3	9.15341651732e-08	5.92133777457e-08	0.0610721020305
Primary_monocytes_from_peripheral_blood__H3K27ac	1.08437364626e-07	7.02533345905e-08	0.0613524369857
Brain_Hippocampus_Middle__H3K27ac	6.21893421907e-08	4.04138508846e-08	0.0619250287724
Artery-Coronary_ENTEX__H3K4me3	1.53711425919e-07	1.00363473341e-07	0.0628170691207
Esoph-Muscularis_ENTEX__H3K27ac	8.40294388561e-08	5.53102877135e-08	0.0643514180858
Primary_Natural_Killer_cells_from_peripheral_blood__H3K4me1	8.24405166041e-08	5.43285604659e-08	0.0645773841894
Fetal_Muscle_Leg__H3K36me3	8.0141103408e-08	5.29379564891e-08	0.0650296006961
Brain_Cingulate_Gyrus__H3K27ac	6.55569093099e-08	4.37190847212e-08	0.0668715640459
Brain_Anterior_Caudate__H3K9ac	1.64893782511e-07	1.10255729228e-07	0.0673845029519
Esoph-Muscularis_ENTEX__H3K36me3	7.57691585892e-08	5.10868464959e-08	0.0690180552582
Brain_Dorsolateral_Prefrontal_Cortex__H3K4me3	2.3303853886e-07	1.57568859735e-07	0.0695750804486
Ovary__DNase	1.74706972331e-07	1.18415022161e-07	0.0700554123356
Thyroid_gland_ENTEX__H3K27ac	4.44345515965e-08	3.03380674306e-08	0.0715086612696
Colon-Sigm_ENTEX__H3K27ac	8.6439568361e-08	6.04536146317e-08	0.076380114741
Primary_hematopoietic_stem_cells__H3K4me3	3.1054238518e-07	2.19634979043e-07	0.0786953065396
Brain_Inferior_Temporal_Lobe__H3K9ac	1.41326177441e-07	1.00661020723e-07	0.0801622287292
Brain_Cingulate_Gyrus__H3K4me3	2.23861564454e-07	1.61722110544e-07	0.0831431045598
Esophagus__H3K36me3	1.0699930933e-07	7.78569141682e-08	0.0846731827108
Brain_Substantia_Nigra__H3K4me3	2.10628187858e-07	1.54150531375e-07	0.0859098769206
Fetal_Stomach__H3K4me1	5.98574999477e-08	4.50372226755e-08	0.091912883677
Fetal_Kidney__H3K36me3	2.00896881665e-07	1.52548408018e-07	0.0939296089941
Brain_Angular_Gyrus__H3K4me1	7.02794780656e-08	5.41323532985e-08	0.0970938979596
NHLF_Lung_Fibroblast_Primary_Cells__H3K4me1	1.20339892135e-07	9.27325828815e-08	0.0971937032063
NHDF-Ad_Adult_Dermal_Fibroblast_Primary_Cells__DNase	1.43515400451e-07	1.10792430278e-07	0.0975990963034
Foreskin_Keratinocyte_Primary_Cells_skin02__H3K36me3	6.56884159162e-08	5.09088772592e-08	0.0984709010283
Small_Intestine__H3K36me3	1.74839820408e-07	1.35646657792e-07	0.0987102200193
Primary_monocytes_from_peripheral_blood__H3K4me1	4.84294024975e-08	3.75985863525e-08	0.0988617642946
Artery-Tibial_ENTEX__H3K36me3	6.38720216483e-08	4.96684242063e-08	0.0992270534062
Fetal_Adrenal_Gland__H3K36me3	5.47434191665e-08	4.25765394544e-08	0.0992625651377
Mammary_ENTEX__H3K36me3	6.27827482707e-08	4.90849276649e-08	0.100437315889
HMEC_Mammary_Epithelial_Primary_Cells__H3K4me3	3.2329433919e-07	2.54856175169e-07	0.102303227219
Primary_hematopoietic_stem_cells_G-CSF-mobilized_Male__H3K4me3	1.23498653344e-07	9.76159528116e-08	0.102909091963
Brain_Angular_Gyrus__H3K9ac	1.37665314712e-07	1.09379240715e-07	0.104086428474
Rectal_Smooth_Muscle__H3K36me3	1.44850974087e-07	1.16188638857e-07	0.106255972444
Pancreatic_Islets__H3K4me1	6.25321887919e-08	5.11542195514e-08	0.110773504709
Osteoblast_Primary_Cells__H3K36me3	4.92254006247e-08	4.03812018276e-08	0.111418733279
Uterus_ENTEX__H3K27ac	4.29960836144e-08	3.53567065139e-08	0.111979917763
Brain_Inferior_Temporal_Lobe__H3K4me1	7.59964930664e-08	6.26432166589e-08	0.11253356926
Breast_Myoepithelial_Primary_Cells__H3K4me3	2.2422914834e-07	1.85363969012e-07	0.113202859971
Artery-Tibial_ENTEX__H3K4me1	1.87490736699e-07	1.55932013599e-07	0.114606674352
Esoph-GJ_ENTEX__H3K27ac	6.09856304254e-08	5.15022965537e-08	0.118179973131
Fetal_Muscle_Leg__H3K4me3	3.06609862717e-07	2.65954789367e-07	0.124482981372
Fetal_Kidney__DNase	1.71939305732e-07	1.50476820765e-07	0.126596155261
Brain_Hippocampus_Middle__H3K4me1	4.17913844423e-08	3.71409006515e-08	0.130249619824
Aorta__H3K36me3	1.80261718216e-07	1.63971276698e-07	0.135807854852
HMEC_Mammary_Epithelial_Primary_Cells__H3K27ac	7.64737355026e-08	6.97223544405e-08	0.136357337774
Brain_Inferior_Temporal_Lobe__H3K4me3	1.51376198276e-07	1.40772283521e-07	0.141114238095
Brain_Dorsolateral_Prefrontal_Cortex__H3K9ac	1.58623103677e-07	1.50274218088e-07	0.145585174125
Stomach_Smooth_Muscle__H3K27ac	4.34866145564e-08	4.17623202837e-08	0.148870887776
Primary_hematopoietic_stem_cells_G-CSF-mobilized_Female__H3K36me3	4.31432113875e-08	4.14525098855e-08	0.148987330693
Cortex_derived_primary_cultured_neurospheres__H3K4me3	1.99685923908e-07	1.95400828144e-07	0.153407069946
Fetal_Muscle_Trunk__H3K27ac	6.84355772502e-08	6.7868586134e-08	0.156642213968
Nerve-Tibial_ENTEX__H3K4me1	4.46845600908e-08	4.43612421068e-08	0.156898125611
Stomach_Smooth_Muscle__H3K4me3	1.05610942988e-07	1.07154327498e-07	0.162165548687
Breast_variant_Human_Mammary_Epithelial_Cells_(vHMEC)__H3K4me1	4.81073692837e-08	4.90947699166e-08	0.163570736793
Primary_hematopoietic_stem_cells_G-CSF-mobilized_Female__H3K4me3	1.48375831558e-07	1.51630789196e-07	0.16390522527
Right_Ventricle__H3K36me3	7.51971273472e-08	7.69975291016e-08	0.164379298647
Brain_Substantia_Nigra__H3K27ac	3.71286321072e-08	3.82094085657e-08	0.165596328141
Artery-Coronary_ENTEX__H3K27ac	4.08025377321e-08	4.28263254218e-08	0.170359819217
Fetal_Muscle_Trunk__DNase	8.97697860923e-08	9.50669686701e-08	0.172513428967
Aorta_ENTEX__H3K36me3	3.71170630041e-08	3.93842267092e-08	0.17298505701
Nerve-Tibial_ENTEX__H3K27ac	2.99527751297e-08	3.19925250513e-08	0.174574064301
Breast_variant_Human_Mammary_Epithelial_Cells_(vHMEC)__DNase	1.00067745787e-07	1.07080881374e-07	0.175021423889
Esoph-Mucosa_ENTEX__H3K4me3	1.36047237676e-07	1.45893407826e-07	0.175536199092
Heart-LV_ENTEX__H3K36me3	6.10990349421e-08	6.55675843237e-08	0.175707492377
Testis_ENTEX__H3K4me3	8.49978469323e-08	9.1611732413e-08	0.176754298316
Gastric__H3K36me3	7.03783978015e-08	7.62323524769e-08	0.177949136448
Foreskin_Fibroblast_Primary_Cells_skin02__H3K4me3	6.03202371128e-08	6.55870100597e-08	0.178865318426
Aorta_ENTEX__H3K27ac	2.39265511604e-08	2.61766278605e-08	0.180347249212
Rectal_Smooth_Muscle__H3K4me1	5.76701285344e-08	6.33569030852e-08	0.181347389675
Brain_Dorsolateral_Prefrontal_Cortex__H3K4me1	6.13911211623e-08	6.7486073777e-08	0.181494124751
Foreskin_Melanocyte_Primary_Cells_skin03__H3K36me3	2.99601096019e-08	3.3267717851e-08	0.183906889334
Fetal_Brain_Male__H3K4me3	2.92372344235e-07	3.2828137646e-07	0.18656785326
Primary_hematopoietic_stem_cells_G-CSF-mobilized_Male__H3K36me3	3.24361403092e-08	3.70690898377e-08	0.190781913102
NHEK-Epidermal_Keratinocyte_Primary_Cells__H3K4me3	1.23000668838e-07	1.44518799418e-07	0.19735552167
Primary_hematopoietic_stem_cells_short_term_culture__H3K36me3	4.03596688795e-08	4.79670644206e-08	0.200060886856
Breast_Myoepithelial_Primary_Cells__H3K4me1	3.26953929501e-08	3.92694127569e-08	0.202537478967
Pancreatic_Islets__H3K36me3	8.57549272345e-08	1.03361988959e-07	0.203366562542
Brain_Cingulate_Gyrus__H3K4me1	3.80895912835e-08	4.66612448817e-08	0.207164182508
Foreskin_Melanocyte_Primary_Cells_skin03__H3K4me1	2.90965569462e-08	3.57064750312e-08	0.20756998355
Foreskin_Keratinocyte_Primary_Cells_skin03__H3K4me3	1.16044165408e-07	1.43128534706e-07	0.208749197206
Ovary__H3K27ac	7.12855302586e-08	8.99276484741e-08	0.213976693242
Osteoblast_Primary_Cells__H3K4me3	1.11473246229e-07	1.40746967836e-07	0.214176925094
Foreskin_Fibroblast_Primary_Cells_skin01__DNase	8.39712787502e-08	1.08818205203e-07	0.220156219225
Fetal_Lung__H3K4me1	3.53218592689e-08	4.58974110051e-08	0.220773697825
Aorta_ENTEX__H3K4me1	2.0169203724e-08	2.62859556933e-08	0.221451698189
Fetal_Stomach__H3K4me3	1.81693948783e-07	2.38426218133e-07	0.223013517947
Vagina_ENTEX__H3K4me3	1.56923268064e-07	2.06512573198e-07	0.223665338588
Spleen__H3K27ac	5.06347847621e-08	6.75502412184e-08	0.226751732041
Brain_Germinal_Matrix__H3K36me3	5.9212738501e-08	7.96136003167e-08	0.228513398693
Primary_mononuclear_cells_from_peripheral_blood__H3K36me3	3.49500585722e-08	4.70179274009e-08	0.228639523673
Cortex_derived_primary_cultured_neurospheres__H3K36me3	4.31255003177e-08	5.87156227885e-08	0.231327864757
HMEC_Mammary_Epithelial_Primary_Cells__H3K4me1	4.02087189539e-08	5.53107405549e-08	0.233625102522
Esophagus__H3K4me3	1.51281201359e-07	2.08178711652e-07	0.233708214984
Colon_Smooth_Muscle__H3K4me1	3.02515092742e-08	4.1976754935e-08	0.235555398061
Foreskin_Fibroblast_Primary_Cells_skin02__H3K27ac	4.59251326417e-08	6.47449013668e-08	0.239061622233
Lung__H3K36me3	5.44491147047e-08	7.92467167486e-08	0.246015042925
Stomach_Mucosa__H3K36me3	8.05172066002e-08	1.18348507777e-07	0.24814464726
Brain_Substantia_Nigra__H3K9ac	8.75696023514e-08	1.29044497967e-07	0.248695656614
Colon_Smooth_Muscle__H3K27ac	3.14815035266e-08	4.65608368522e-08	0.249476840481
Fetal_Muscle_Leg__DNase	6.00645299661e-08	8.95544269609e-08	0.25120449452
Foreskin_Keratinocyte_Primary_Cells_skin02__DNase	5.66122193822e-08	8.56875855817e-08	0.254408232263
Primary_Natural_Killer_cells_from_peripheral_blood__H3K27ac	4.60593677364e-08	7.03178941066e-08	0.256228625567
Pancreatic_Islets__H3K4me3	1.46520822658e-07	2.24211443689e-07	0.256718943258
Foreskin_Keratinocyte_Primary_Cells_skin02__H3K4me1	4.50204504341e-08	6.95518190274e-08	0.258720956953
Adipose_Nuclei__H3K36me3	3.23927241085e-08	5.22595606144e-08	0.267680569812
Primary_Natural_Killer_cells_from_peripheral_blood__DNase	8.9378292139e-08	1.44807341756e-07	0.268544119051
Thymus__H3K4me3	1.37505403922e-07	2.26156362646e-07	0.271590312457
Esophagus__H3K27ac	4.49679028182e-08	7.4156941975e-08	0.272128464192
Right_Atrium__H3K4me1	5.14373426161e-08	8.50001986689e-08	0.272541729237
Primary_neutrophils_from_peripheral_blood__H3K36me3	1.83308158466e-08	3.20815057348e-08	0.283870142798
Fetal_Brain_Female__H3K36me3	3.56210823015e-08	6.27213597558e-08	0.285042655145
Foreskin_Keratinocyte_Primary_Cells_skin03__H3K4me1	2.71955523811e-08	4.83792344887e-08	0.287012786386
Skeletal_Muscle_Male__H3K9ac	4.16241943698e-08	7.42235937541e-08	0.287468766726
NHLF_Lung_Fibroblast_Primary_Cells__H3K27ac	4.74356625267e-08	8.72056672777e-08	0.293237388579
HMEC_Mammary_Epithelial_Primary_Cells__H3K9ac	7.04735914149e-08	1.3050309251e-07	0.294593439315
Foreskin_Fibroblast_Primary_Cells_skin02__DNase	6.0423681741e-08	1.12598378733e-07	0.295761566437
Brain_Anterior_Caudate__H3K4me3	7.77882491724e-08	1.46339426732e-07	0.297515237175
Prostate_ENTEX__H3K4me3	1.12889604979e-07	2.13491918728e-07	0.29848009576
Gastric__H3K27ac	5.11618729549e-08	9.77123087277e-08	0.30027942985
Thyroid_gland_ENTEX__H3K4me3	7.98820522749e-08	1.58835050425e-07	0.307508646662
NHDF-Ad_Adult_Dermal_Fibroblast_Primary_Cells__H3K4me1	3.43050853612e-08	6.83923764571e-08	0.307977189266
Psoas_Muscle__H3K27ac	3.54330659102e-08	7.27446266232e-08	0.31309783294
Esoph-Mucosa_ENTEX__H3K4me1	2.52325296191e-08	5.20979335231e-08	0.31407626996
NHEK-Epidermal_Keratinocyte_Primary_Cells__H3K9ac	4.37475758951e-08	9.11722459527e-08	0.315672590791
Esophagus__H3K4me1	4.26188572161e-08	8.89173413717e-08	0.315859509253
Foreskin_Fibroblast_Primary_Cells_skin01__H3K4me3	3.95540199059e-08	8.52145799221e-08	0.321263109582
Pancreatic_Islets__H3K9ac	1.08059744112e-07	2.35265865236e-07	0.32300612023
Thymus__H3K4me1	2.98811783861e-08	6.5281187442e-08	0.323573103415
NHLF_Lung_Fibroblast_Primary_Cells__H3K36me3	4.95336020095e-08	1.08349396157e-07	0.323776059702
Ganglion_Eminence_derived_primary_cultured_neurospheres__H3K4me3	6.84309582238e-08	1.50048751445e-07	0.324174076304
Thymus__H3K36me3	3.20097683623e-08	7.18942996593e-08	0.328075420906
Esoph-Mucosa_ENTEX__H3K27ac	2.57743311804e-08	5.86329414804e-08	0.330117805665
Heart-Atrial_ENTEX__H3K4me3	9.50136403131e-08	2.17292902905e-07	0.330961157438
Skeletal_Muscle_Male__H3K4me3	5.95623166084e-08	1.3745231981e-07	0.332387251462
Pancreas__H3K27ac	5.18690069407e-08	1.20872990131e-07	0.333917980948
Liver__H3K27ac	1.78842005641e-08	4.27661961018e-08	0.337905769888
Fetal_Muscle_Leg__H3K4me1	1.9305901951e-08	4.68955020323e-08	0.340287292585
NHEK-Epidermal_Keratinocyte_Primary_Cells__H3K27ac	2.27570453499e-08	5.5400287463e-08	0.340618814347
Breast_variant_Human_Mammary_Epithelial_Cells_(vHMEC)__H3K4me3	8.71964166415e-08	2.14034615784e-07	0.3418593193
Brain_Hippocampus_Middle__H3K4me3	4.17917290569e-08	1.06823757687e-07	0.347816833702
NHEK-Epidermal_Keratinocyte_Primary_Cells__H3K36me3	1.91504967694e-08	4.99424409624e-08	0.350692565148
Foreskin_Keratinocyte_Primary_Cells_skin03__H3K27ac	2.28705389942e-08	5.98304253384e-08	0.3511357444
Rectal_Smooth_Muscle__H3K27ac	1.83411403814e-08	4.89005725493e-08	0.353804183773
Liver__H3K4me1	1.35440670618e-08	3.62875257648e-08	0.354483776318
Left_Ventricle__H3K4me3	9.31542304577e-08	2.60391566612e-07	0.36026643089
Brain_Anterior_Caudate__H3K27ac	1.42966772531e-08	4.33444917666e-08	0.370761040158
Heart-Atrial_ENTEX__H3K36me3	1.95078451277e-08	5.94275055512e-08	0.371356447596
Duodenum_Mucosa__H3K36me3	1.73167098407e-08	5.38748974898e-08	0.373944374618
Fetal_Kidney__H3K4me1	4.66589557032e-08	1.4654855903e-07	0.375096217538
Fetal_Intestine_Small__H3K36me3	1.01115815406e-08	3.33017741983e-08	0.380703022305
Sigmoid_Colon__H3K36me3	2.35446576514e-08	7.91594176086e-08	0.383067809527
Skeletal_Muscle_Male__H3K36me3	2.11277522652e-08	7.63368676479e-08	0.390978372124
Duodenum_Smooth_Muscle__H3K27ac	2.62838292769e-08	9.71963898396e-08	0.393418650711
Fetal_Thymus__H3K27ac	1.52053212479e-08	5.65933369366e-08	0.394089172088
Spleen__H3K36me3	1.58052599929e-08	6.43222333275e-08	0.402949489576
Foreskin_Fibroblast_Primary_Cells_skin01__H3K27ac	1.38881757276e-08	5.65476914624e-08	0.402995515382
Skeletal_Muscle_Female__H3K36me3	1.34752248919e-08	5.48669120893e-08	0.402996570523
Psoas_Muscle__H3K4me3	5.55283637522e-08	2.31497230967e-07	0.405216987801
Left_Ventricle__H3K36me3	1.65944297855e-08	7.1842853409e-08	0.408664264145
NHEK-Epidermal_Keratinocyte_Primary_Cells__H3K4me1	1.02982068439e-08	4.47219893788e-08	0.408940339516
Prostate_ENTEX__H3K27ac	1.30456870223e-08	5.67304280311e-08	0.409061715143
Stomach_Mucosa__H3K9ac	2.62924345961e-08	1.18017864515e-07	0.411851999666
Pancreas__DNase	2.84785109663e-08	1.32983808522e-07	0.415214959683
Uterus_ENTEX__H3K4me3	5.60499325608e-08	2.68237365573e-07	0.41724111086
Colonic_Mucosa__H3K36me3	1.66864425129e-08	8.42714640319e-08	0.421519316574
Foreskin_Fibroblast_Primary_Cells_skin02__H3K4me1	9.15860077438e-09	4.63985435284e-08	0.421761242466
Foreskin_Melanocyte_Primary_Cells_skin01__H3K36me3	1.82882419765e-08	9.27024089684e-08	0.421804591483
Right_Ventricle__H3K4me1	1.28598145847e-08	6.61229566654e-08	0.422898713076
Fetal_Intestine_Large__H3K36me3	8.82061112778e-09	4.80303147163e-08	0.427145293381
Skeletal_Muscle_Male__H3K4me1	7.89640027076e-09	4.46498279203e-08	0.429812418937
Primary_B_cells_from_cord_blood__H3K4me3	3.36265286533e-08	1.94704373958e-07	0.431441435168
Fetal_Thymus__H3K36me3	5.76454172871e-09	3.47398839375e-08	0.43410428851
Brain_Dorsolateral_Prefrontal_Cortex__H3K36me3	1.23284548714e-08	8.12599188816e-08	0.439705347122
Pancreas_ENTEX__H3K4me1	4.06090567226e-09	2.69895766799e-08	0.440200064707
Ovary__H3K36me3	1.01619248055e-08	7.23880926719e-08	0.444179419187
Fetal_Heart__DNase	8.27198242332e-09	6.56144460875e-08	0.449838443003
Stomach_ENTEX__H3K27ac	5.10573106334e-09	4.43362793942e-08	0.454159463235
Fetal_Muscle_Leg__H3K27ac	5.52717596368e-09	5.48031451606e-08	0.459832748381
Foreskin_Fibroblast_Primary_Cells_skin01__H3K4me1	3.69911705062e-09	4.13962732943e-08	0.464398423483
Foreskin_Melanocyte_Primary_Cells_skin01__DNase	7.13306893202e-09	8.14943151502e-08	0.465125746707
Fetal_Stomach__H3K27ac	5.37391663303e-09	6.27485897375e-08	0.465875492856
HMEC_Mammary_Epithelial_Primary_Cells__DNase	9.61358095095e-09	1.14494966267e-07	0.466542091141
Foreskin_Melanocyte_Primary_Cells_skin01__H3K4me1	9.33831421387e-09	1.1713986611e-07	0.468230233903
Skeletal_Muscle_Female__H3K4me3	9.00632746441e-09	1.16858156327e-07	0.46928369319
Pancreas_ENTEX__H3K27ac	2.37190916707e-09	3.35198540947e-08	0.471793857859
Adipose_Nuclei__H3K27ac	2.19126307266e-09	3.756171356e-08	0.476739828779
Fetal_Thymus__H3K4me3	9.9013497868e-09	1.74721586163e-07	0.477404315323
Primary_monocytes_from_peripheral_blood__H3K4me3	1.17276995032e-08	2.22743502491e-07	0.479004934506
Fetal_Heart__H3K36me3	6.92028633726e-09	1.34963999737e-07	0.479553173097
HMEC_Mammary_Epithelial_Primary_Cells__H3K36me3	3.98700988556e-09	7.83530241967e-08	0.479708496517
liver_ENTEX__H3K27ac	1.60013563739e-09	3.30619696267e-08	0.4806994973
Primary_hematopoietic_stem_cells_G-CSF-mobilized_Female__H3K27ac	2.84467393026e-09	5.95523153897e-08	0.480950710862
NHDF-Ad_Adult_Dermal_Fibroblast_Primary_Cells__H3K27ac	3.09537105149e-09	1.0175912281e-07	0.48786660162
Pancreas__H3K4me1	1.64213163985e-09	5.62644299989e-08	0.488358137705
Left_Ventricle__H3K4me1	1.73511101679e-09	6.26810305409e-08	0.488958050838
Brain_Inferior_Temporal_Lobe__H3K36me3	-4.31785352262e-10	7.01673652366e-08	0.502454935358
Right_Atrium__H3K27ac	-4.58417444234e-10	7.07433077202e-08	0.502585132454
Nerve-Tibial_ENTEX__H3K4me3	-1.99942159045e-09	2.11802641645e-07	0.503765967958
Right_Atrium__H3K36me3	-1.16545417823e-09	1.2185311258e-07	0.503815592799
Colon_Smooth_Muscle__H3K9ac	-2.22855575829e-09	1.20163121453e-07	0.507398394294
Brain_Substantia_Nigra__H3K4me1	-8.37165525641e-10	4.20029933296e-08	0.507950828893
Rectal_Smooth_Muscle__H3K4me3	-4.79051912179e-09	1.74046098828e-07	0.510979271306
NHLF_Lung_Fibroblast_Primary_Cells__H3K9ac	-9.9579502804e-09	2.43830807565e-07	0.516288111406
Primary_T_helper_memory_cells_from_peripheral_blood_2__H3K4me3	-8.66432623391e-09	1.71745139948e-07	0.520117602296
Skeletal_Muscle_Female__H3K27ac	-2.98109216651e-09	4.54036469957e-08	0.526174764686
Brain_Hippocampus_Middle__H3K36me3	-4.79108128516e-09	6.41809415871e-08	0.529753243397
Adipose_Nuclei__H3K4me3	-6.92375292414e-09	9.00668744149e-08	0.530637897446
Primary_hematopoietic_stem_cells__H3K4me1	-8.0303547904e-09	9.07946799687e-08	0.535238586271
Pancreas__H3K36me3	-7.06345295894e-09	7.78927151755e-08	0.536127290567
NHEK-Epidermal_Keratinocyte_Primary_Cells__DNase	-1.01444795133e-08	1.00908675907e-07	0.540038729182
Primary_hematopoietic_stem_cells__H3K36me3	-9.199903292e-09	8.92828907628e-08	0.54103525103
Cortex_derived_primary_cultured_neurospheres__H3K4me1	-5.28910004917e-09	4.77890948648e-08	0.544063312629
Primary_hematopoietic_stem_cells_G-CSF-mobilized_Female__DNase	-1.5560520952e-08	1.33976163597e-07	0.546230771603
Fetal_Kidney__H3K4me3	-2.67239655306e-08	2.25199483117e-07	0.547230793326
Primary_mononuclear_cells_from_peripheral_blood__H3K27ac	-2.04799674122e-08	1.61224782123e-07	0.55054065012
Pancreas__H3K4me3	-2.41921923589e-08	1.84203278041e-07	0.552244535521
Adipose_Nuclei__H3K4me1	-6.8423433335e-09	5.15112421177e-08	0.552836892381
Brain_Germinal_Matrix__H3K4me1	-1.31844714445e-08	9.55475989862e-08	0.554875253407
Primary_T_cells_from_peripheral_blood__H3K4me1	-7.35758503661e-09	4.90302419266e-08	0.55964222136
Skin_tissue_ENTEX__H3K4me3	-2.73148861977e-08	1.80443948635e-07	0.560160446366
Aorta__H3K4me3	-3.59850368175e-08	2.28619904576e-07	0.562535648001
Stomach_ENTEX__H3K4me3	-2.70595933931e-08	1.6569088667e-07	0.564864280045
Foreskin_Melanocyte_Primary_Cells_skin01__H3K4me3	-2.92226879768e-08	1.72202037528e-07	0.567376968007
Heart-Atrial_ENTEX__H3K27ac	-6.35344356751e-09	3.60813914145e-08	0.569886980963
Right_Ventricle__H3K4me3	-3.58613425031e-08	2.03123352583e-07	0.570068899269
Colon-TV_ENTEX__H3K36me3	-1.28838699601e-08	7.04660880451e-08	0.572537386128
Fetal_Muscle_Trunk__H3K4me1	-7.30316681064e-09	3.82916669178e-08	0.575629358231
Breast_variant_Human_Mammary_Epithelial_Cells_(vHMEC)__H3K36me3	-6.36131730731e-09	3.17447362896e-08	0.579412082065
Duodenum_Mucosa__H3K9ac	-2.70152653047e-08	1.27510300654e-07	0.583894725541
Fetal_Thymus__H3K4me1	-7.69867626539e-09	3.63037864571e-08	0.58397091139
Fetal_Thymus__DNase	-2.09629930867e-08	9.8716913753e-08	0.584084808322
Primary_mononuclear_cells_from_peripheral_blood__H3K4me1	-3.29313073038e-08	1.48668931192e-07	0.587651414174
Brain_Substantia_Nigra__H3K36me3	-2.33043659702e-08	1.02561979094e-07	0.589874545206
Spleen_ENTEX__H3K36me3	-7.14830658082e-09	3.04554866083e-08	0.592784352825
Stomach_Smooth_Muscle__H3K9ac	-3.84453928673e-08	1.46627845661e-07	0.603415247461
Brain_Angular_Gyrus__H3K36me3	-2.34244831799e-08	8.84267725412e-08	0.604457757653
Gastric__DNase	-4.74971754591e-08	1.78913390306e-07	0.604678525062
Primary_monocytes_from_peripheral_blood__DNase	-3.87696550957e-08	1.44822171412e-07	0.605536894471
Primary_T_regulatory_cells_from_peripheral_blood__H3K27ac	-1.62700982291e-08	6.03656773612e-08	0.606237395516
Primary_T_killer_naive_cells_from_peripheral_blood__H3K9ac	-4.58251577786e-08	1.69560160734e-07	0.606519493483
Colon_Smooth_Muscle__H3K4me3	-3.6735452325e-08	1.3228699255e-07	0.60937679666
Primary_mononuclear_cells_from_peripheral_blood__H3K9ac	-3.78509056675e-08	1.35233430465e-07	0.610220243943
Brain_Cingulate_Gyrus__H3K36me3	-2.22698414937e-08	7.84469903194e-08	0.611750341702
Breast_Myoepithelial_Primary_Cells__H3K9ac	-3.99500235216e-08	1.28917826667e-07	0.621676747116
Lung__H3K4me1	-2.31611913425e-08	7.40261247734e-08	0.622813557125
Fetal_Lung__H3K36me3	-1.69892274977e-08	5.14561335323e-08	0.629363919403
Fetal_Lung__DNase	-2.71568369514e-08	8.21504599099e-08	0.629516997677
Skeletal_Muscle_Female__H3K4me1	-1.19482535685e-08	3.55806641295e-08	0.631491979758
NHDF-Ad_Adult_Dermal_Fibroblast_Primary_Cells__H3K36me3	-4.28390406849e-08	1.25484387736e-07	0.633594775589
Brain_Anterior_Caudate__H3K4me1	-1.63202692558e-08	4.58748987086e-08	0.638988338643
Heart-LV_ENTEX__H3K4me3	-7.02302586099e-08	1.92802097204e-07	0.642168389561
Thyroid_gland_ENTEX__H3K36me3	-2.50006922062e-08	6.79064345456e-08	0.643624456226
Ganglion_Eminence_derived_primary_cultured_neurospheres__H3K4me1	-2.26429547472e-08	6.14488158321e-08	0.643744112361
Fetal_Stomach__DNase	-5.39054888038e-08	1.41169042276e-07	0.648713921898
Lung__H3K4me3	-7.41366163814e-08	1.93096046671e-07	0.649487236113
skeletal_muscle_ENTEX__H3K4me1	-9.32135921811e-09	2.39569441808e-08	0.65139447065
Primary_Natural_Killer_cells_from_peripheral_blood__H3K4me3	-7.94766498205e-08	2.01770376324e-07	0.653171281494
Foreskin_Melanocyte_Primary_Cells_skin03__H3K4me3	-6.65579940085e-08	1.68378302501e-07	0.653684979603
Primary_hematopoietic_stem_cells_G-CSF-mobilized_Male__H3K4me1	-1.7363503821e-08	4.3638202788e-08	0.654646892266
Adipose_Nuclei__H3K9ac	-5.22311989909e-08	1.2885986131e-07	0.657383751512
Mammary_ENTEX__H3K27ac	-1.77875918055e-08	4.2764452289e-08	0.661274290723
Ovary_ENTEX__H3K4me3	-9.75130051e-08	2.34228012052e-07	0.661410819408
Primary_T_killer_naive_cells_from_peripheral_blood__H3K27ac	-4.96129223585e-08	1.15185846405e-07	0.66666424811
Ganglion_Eminence_derived_primary_cultured_neurospheres__H3K36me3	-2.58628982683e-08	5.70269439809e-08	0.6749130713
Duodenum_Smooth_Muscle__H3K4me3	-3.60323593018e-08	7.83688362732e-08	0.677162635674
Primary_T_killer_memory_cells_from_peripheral_blood__H3K27ac	-4.42697700548e-08	9.55691559579e-08	0.678397505113
Primary_B_cells_from_cord_blood__H3K4me1	-2.07465862036e-08	4.41706294665e-08	0.68071241667
Primary_monocytes_from_peripheral_blood__H3K36me3	-1.56647598236e-08	3.27060269369e-08	0.684015164934
Breast_Myoepithelial_Primary_Cells__H3K36me3	-1.9696458148e-08	4.07266223847e-08	0.685674381084
Pancreas_ENTEX__H3K36me3	-2.56745818696e-08	5.19610434276e-08	0.689386504309
Mammary_ENTEX__H3K4me3	-6.5841360606e-08	1.32799345725e-07	0.689980763102
Stomach_Mucosa__H3K4me3	-1.07266062317e-07	2.14584331905e-07	0.691419632125
Foreskin_Melanocyte_Primary_Cells_skin01__H3K27ac	-6.9688643147e-08	1.38265166008e-07	0.692876933736
Small_Intestine__H3K4me1	-4.58946193075e-08	8.97887138763e-08	0.695373548456
Right_Atrium__H3K4me3	-9.47225621211e-08	1.80411930628e-07	0.700220539247
Gastric__H3K4me1	-4.66725424151e-08	8.87160455221e-08	0.700586840849
Small_Intestine__H3K27ac	-4.57777450191e-08	8.69840821534e-08	0.70065221219
Primary_hematopoietic_stem_cells_short_term_culture__H3K4me3	-8.39151248075e-08	1.57756277002e-07	0.702612384071
Primary_mononuclear_cells_from_peripheral_blood__H3K4me3	-1.19616770184e-07	2.24515572839e-07	0.702906078316
Primary_T_cells_from_peripheral_blood__DNase	-5.49987400116e-08	1.02756055098e-07	0.703756662603
Colonic_Mucosa__H3K9ac	-9.17502415013e-08	1.70007109614e-07	0.705292764676
Thymus__H3K27ac	-5.03177226023e-08	9.239563895e-08	0.706982164477
liver_ENTEX__H3K4me1	-9.11287472195e-08	1.65144393527e-07	0.709461602513
Liver__H3K9ac	-4.74769726154e-08	8.40272732564e-08	0.713969444801
Fetal_Heart__H3K9ac	-3.18825773586e-08	5.61319413187e-08	0.71498030647
Primary_T_regulatory_cells_from_peripheral_blood__H3K4me1	-2.94922532097e-08	5.14784703328e-08	0.716645360055
Primary_T_cells_from_cord_blood__H3K36me3	-5.24080438524e-08	8.99319533004e-08	0.719969937115
Primary_T_helper_memory_cells_from_peripheral_blood_2__H3K27ac	-4.7800263836e-08	8.07182892066e-08	0.723137073867
Ovary__H3K4me3	-1.13399768939e-07	1.90790867127e-07	0.723866616169
Primary_hematopoietic_stem_cells_G-CSF-mobilized_Male__DNase	-8.64430380921e-08	1.42102638955e-07	0.728510412488
Spleen__H3K4me3	-7.62658861573e-08	1.21960803077e-07	0.734123121908
Duodenum_Smooth_Muscle__H3K4me1	-4.20392746699e-08	6.69664494183e-08	0.734921450244
Rectal_Mucosa_Donor_31__H3K36me3	-3.84121971922e-08	6.04164670929e-08	0.737543409378
Primary_hematopoietic_stem_cells_G-CSF-mobilized_Female__H3K4me1	-2.46064567818e-08	3.82385619636e-08	0.740049652015
Primary_T_helper_cells_PMA-I_stimulated__H3K4me3	-5.67628111708e-08	8.70433037086e-08	0.742838607487
Stomach_Smooth_Muscle__H3K36me3	-4.89862389695e-08	7.38133350689e-08	0.746542909143
Colon-TV_ENTEX__H3K4me3	-1.14965685308e-07	1.72634254397e-07	0.747278291554
Psoas_Muscle__H3K4me1	-5.08970561421e-08	7.52443885533e-08	0.750614029761
Fetal_Adrenal_Gland__H3K4me1	-3.06831482783e-08	4.52214804611e-08	0.751275257597
Spleen_ENTEX__H3K4me1	-8.07385109779e-08	1.1685479271e-07	0.75519531204
Primary_T_helper_cells_from_peripheral_blood__H3K27ac	-5.45226932297e-08	7.75649613322e-08	0.758950131958
Esoph-Mucosa_ENTEX__H3K36me3	-5.33894822773e-08	7.52879057685e-08	0.760880443654
Vagina_ENTEX__H3K27ac	-3.38008773459e-08	4.70993432925e-08	0.763513660239
Primary_B_cells_from_peripheral_blood__H3K4me1	-2.72419379946e-08	3.7534327125e-08	0.766015413598
Duodenum_Smooth_Muscle__H3K36me3	-5.18924164065e-08	7.05162866362e-08	0.769101981953
Small_Intestine__H3K4me3	-1.78654644348e-07	2.42433437339e-07	0.769415246805
Heart-Atrial_ENTEX__H3K4me1	-1.64756343585e-07	2.20801156517e-07	0.772219201552
Fetal_Intestine_Small__H3K4me3	-1.679987707e-07	2.25126637852e-07	0.772239135665
Primary_T_helper_cells_from_peripheral_blood__H3K4me3	-1.31106416698e-07	1.74096831528e-07	0.774294893806
skeletal_muscle_ENTEX__H3K36me3	-2.63835733801e-08	3.44414408297e-08	0.778174198588
Fetal_Intestine_Large__H3K4me3	-1.79639703949e-07	2.34412731737e-07	0.778262799299
Colon-TV_ENTEX__H3K4me1	-9.47748300994e-08	1.23484900597e-07	0.778608259839
Primary_T_cells_from_peripheral_blood__H3K4me3	-1.40267502689e-07	1.8206768341e-07	0.779472841319
Primary_T_killer_memory_cells_from_peripheral_blood__H3K4me1	-3.97002299742e-08	5.14310220502e-08	0.779916764868
Placenta_Amnion__H3K4me3	-1.8578824007e-07	2.34062554138e-07	0.786330860018
Stomach_ENTEX__H3K4me1	-4.10711628727e-08	5.11416150477e-08	0.789037755654
Primary_T_regulatory_cells_from_peripheral_blood__H3K4me3	-9.88024759089e-08	1.22715615973e-07	0.789628729925
Spleen__H3K4me1	-4.5760914805e-08	5.60676284246e-08	0.792799556129
Brain_Anterior_Caudate__H3K36me3	-6.34201694019e-08	7.73862519878e-08	0.793757269298
Placenta_Amnion__H3K4me1	-4.40380064245e-08	5.33143300731e-08	0.795599921342
Rectal_Mucosa_Donor_29__H3K36me3	-5.36645433928e-08	6.45886097367e-08	0.796975611659
Heart-LV_ENTEX__H3K4me1	-5.87538504585e-08	7.05230869485e-08	0.797610098163
Primary_T_helper_cells_from_peripheral_blood__H3K4me1	-3.38946822989e-08	4.02048332078e-08	0.800399743404
Stomach_Mucosa__H3K4me1	-3.43739251757e-08	4.05522284152e-08	0.801682363918
Colon_Smooth_Muscle__H3K36me3	-6.33047268254e-08	7.41926862419e-08	0.803238976739
Placenta__H3K4me3	-2.01276658828e-07	2.35190490338e-07	0.803946541805
Primary_T_killer_memory_cells_from_peripheral_blood__H3K4me3	-1.43706519758e-07	1.67771280867e-07	0.804156529024
Fetal_Heart__H3K4me3	-8.22275767063e-08	9.56226715506e-08	0.805082647319
Primary_T_cells_effector_memory_enriched_from_peripheral_blood__H3K27ac	-5.93709892569e-08	6.89495817436e-08	0.805402542576
Primary_T_helper_naive_cells_from_peripheral_blood_1__H3K4me3	-1.38234068315e-07	1.60172839485e-07	0.805939689806
Primary_T_helper_naive_cells_from_peripheral_blood_1__H3K4me1	-4.08405940217e-08	4.63158724937e-08	0.811053179654
Colon-Sigm_ENTEX__H3K4me3	-2.31630454099e-07	2.6234485771e-07	0.811361211721
skeletal_muscle_ENTEX__H3K27ac	-1.7390328384e-08	1.93715055097e-08	0.815334511204
Mammary_ENTEX__H3K4me1	-9.89619207148e-08	1.0963861585e-07	0.81663598595
Psoas_Muscle__H3K36me3	-1.06661622096e-07	1.17838153428e-07	0.817307975206
Primary_T_helper_cells_from_peripheral_blood__H3K36me3	-3.76348290635e-08	4.14603371074e-08	0.817989792576
Fetal_Adrenal_Gland__H3K27ac	-3.6999034816e-08	4.06656774436e-08	0.818545091801
Primary_T_killer_naive_cells_from_peripheral_blood__H3K4me3	-1.91473556208e-07	2.10252472596e-07	0.81876904339
Liver__H3K36me3	-3.69610522377e-08	4.05733943362e-08	0.818843807031
Spleen_ENTEX__H3K27ac	-2.73819411294e-08	2.97819428869e-08	0.821060517062
Esoph-Muscularis_ENTEX__H3K4me1	-3.68109616991e-08	3.95482613156e-08	0.824017822558
Primary_B_cells_from_peripheral_blood__H3K4me3	-1.7280023534e-07	1.84723635733e-07	0.825222491761
Primary_T_killer_naive_cells_from_peripheral_blood__H3K4me1	-3.9475380505e-08	4.20766049294e-08	0.825923745256
Primary_T_helper_cells_PMA-I_stimulated__H3K4me1	-3.42317386199e-08	3.61916823488e-08	0.827886293826
Primary_T_helper_cells_PMA-I_stimulated__H3K36me3	-4.03194356417e-08	4.26013704604e-08	0.828036665039
Adrenal_gland_ENTEX__H3K27ac	-3.86206728203e-08	4.07485022577e-08	0.828379626205
Rectal_Smooth_Muscle__H3K9ac	-1.98315751137e-07	2.09217202131e-07	0.828408315115
Sigmoid_Colon__H3K4me1	-1.2358867333e-07	1.30019445577e-07	0.829081009947
Primary_T_helper_naive_cells_from_peripheral_blood_1__H3K27ac	-1.17598076397e-07	1.23606024718e-07	0.829297892161
Fetal_Heart__H3K4me1	-3.06052461575e-08	3.18003171132e-08	0.832080545675
Lung_ENTEX__H3K4me1	-4.34355685411e-08	4.50602660112e-08	0.832462973584
Prostate_ENTEX__H3K36me3	-4.12007250693e-07	4.25430493757e-07	0.8335896262
Fetal_Lung__H3K9ac	-1.31900149435e-07	1.36111143703e-07	0.833742894584
Primary_T_helper_memory_cells_from_peripheral_blood_1__H3K4me3	-1.36941957209e-07	1.39357885693e-07	0.837113547208
Primary_T_helper_17_cells_PMA-I_stimulated__H3K4me3	-1.13811709571e-07	1.15482615305e-07	0.837818370008
Primary_T_cells_effector_memory_enriched_from_peripheral_blood__H3K4me3	-1.55295277264e-07	1.56682617178e-07	0.839192740744
Right_Ventricle__H3K27ac	-5.91532940784e-08	5.93552377452e-08	0.840520091286
liver_ENTEX__H3K4me3	-8.81689351995e-08	8.84682852088e-08	0.840524604867
Primary_T_helper_naive_cells_from_peripheral_blood__H3K9ac	-1.52146456229e-07	1.51697530315e-07	0.842059762299
Placenta__H3K36me3	-5.14854649659e-08	5.07051265618e-08	0.845039957607
Primary_T_helper_naive_cells_from_peripheral_blood_2__H3K4me1	-4.29545787446e-08	4.12310570559e-08	0.851248150034
Psoas_Muscle__DNase	-1.01499217598e-07	9.60136367284e-08	0.854774634064
Primary_Natural_Killer_cells_from_peripheral_blood__H3K36me3	-4.84208245261e-08	4.55349856525e-08	0.856194331753
NHDF-Ad_Adult_Dermal_Fibroblast_Primary_Cells__H3K9ac	-1.59427685002e-07	1.48265853433e-07	0.858875876888
SI-Term-Ileum_ENTEX__H3K4me3	-1.39823602725e-07	1.29334489488e-07	0.860173831401
Adrenal_gland_ENTEX__H3K36me3	-5.58649901546e-08	5.02160765363e-08	0.867036694855
Liver__H3K4me3	-9.09218108159e-08	7.96673687479e-08	0.873120772517
Adrenal_gland_ENTEX__H3K4me3	-1.45915052983e-07	1.26016915894e-07	0.87654768322
Skeletal_Muscle_Female__H3K9ac	-1.21656723146e-07	1.04399468412e-07	0.878051254246
Primary_T_cells_from_cord_blood__DNase	-1.64531959737e-07	1.39276039988e-07	0.881265592037
Heart-LV_ENTEX__H3K27ac	-4.78078370715e-08	4.02240960957e-08	0.882689095904
NHLF_Lung_Fibroblast_Primary_Cells__H3K4me3	-3.07606282172e-07	2.57711191961e-07	0.883684436063
SI-Term-Ileum_ENTEX__H3K27ac	-5.60933374677e-08	4.69729869502e-08	0.883792620469
Duodenum_Mucosa__H3K4me1	-7.45551238764e-08	6.2023081484e-08	0.885328792344
Placenta_Amnion__H3K36me3	-6.92901029447e-08	5.63247953281e-08	0.890686695707
Colon-Sigm_ENTEX__H3K36me3	-9.99317479704e-08	8.0439635093e-08	0.892940695773
Fetal_Brain_Male__H3K36me3	-2.27897234082e-07	1.83343937184e-07	0.893066806986
Fetal_Kidney__H3K9ac	-2.64046977316e-07	2.12159177073e-07	0.893355099469
Lung_ENTEX__H3K4me3	-2.54797967637e-07	2.0341535807e-07	0.894824244221
Placenta_Amnion__H3K27ac	-1.51710329954e-07	1.20056676474e-07	0.896823223475
Primary_T_cells_effector_memory_enriched_from_peripheral_blood__H3K4me1	-8.38219599741e-08	6.5496207279e-08	0.899692026829
Primary_T_helper_naive_cells_from_peripheral_blood_2__H3K36me3	-6.66182051937e-08	5.20227199179e-08	0.899825840834
Primary_T_regulatory_cells_from_peripheral_blood__H3K36me3	-5.55750325301e-08	4.24933171881e-08	0.904538493702
Testis_ENTEX__H3K27ac	-4.00036253806e-08	3.01843427702e-08	0.907465900434
Sigmoid_Colon__H3K4me3	-3.47120605165e-07	2.59347037708e-07	0.909623574512
Primary_hematopoietic_stem_cells_short_term_culture__H3K4me1	-7.1506439413e-08	5.27670847104e-08	0.912312472017
Foreskin_Melanocyte_Primary_Cells_skin03__H3K27ac	-7.80150414202e-08	5.73624042238e-08	0.91309102811
Primary_T_helper_memory_cells_from_peripheral_blood_1__H3K4me1	-5.48667801815e-08	4.0251661457e-08	0.913573485633
Pancreas_ENTEX__H3K4me3	-2.18685036132e-07	1.59445705548e-07	0.914895557688
liver_ENTEX__H3K36me3	-8.2821989231e-08	5.94659146104e-08	0.91815442651
Rectal_Mucosa_Donor_31__H3K4me3	-1.94770498435e-07	1.39491452444e-07	0.918686384631
Lung_ENTEX__H3K27ac	-5.3912471464e-08	3.77200987545e-08	0.923537690175
Primary_T_cells_from_cord_blood__H3K4me3	-2.82515843029e-07	1.97431182927e-07	0.923778955242
Primary_B_cells_from_peripheral_blood__DNase	-1.48149943775e-07	1.02283737375e-07	0.926250369203
Primary_T_cells_from_peripheral_blood__H3K27ac	-9.02240588284e-08	6.12016393715e-08	0.929787449006
Colon-Sigm_ENTEX__H3K4me1	-4.99621518825e-07	3.37291979024e-07	0.930733086632
Primary_T_cells_from_cord_blood__H3K4me1	-1.02949874904e-07	6.92032270367e-08	0.931577807006
Fetal_Intestine_Large__H3K27ac	-7.70513450904e-08	5.17846848559e-08	0.931613689968
Primary_T_cells_from_peripheral_blood__H3K36me3	-6.63412205337e-08	4.45211714165e-08	0.93190168632
Primary_T_helper_naive_cells_from_peripheral_blood_2__H3K4me3	-2.29771544771e-07	1.53672586994e-07	0.932569121696
Left_Ventricle__H3K27ac	-7.0424969053e-08	4.6951191823e-08	0.933187781647
Fetal_Intestine_Small__H3K27ac	-8.22350811691e-08	5.43693783161e-08	0.934799908201
Fetal_Adrenal_Gland__DNase	-1.78072947617e-07	1.17462577748e-07	0.935239979098
Esoph-GJ_ENTEX__H3K4me3	-2.28616440521e-07	1.49140993044e-07	0.9373482751
Rectal_Mucosa_Donor_29__H3K4me1	-1.20967656569e-07	7.89126848872e-08	0.937353502304
Adrenal_gland_ENTEX__H3K4me1	-7.38066161561e-08	4.7918471739e-08	0.938250770026
Esoph-Muscularis_ENTEX__H3K4me3	-2.50818223799e-07	1.61836179626e-07	0.939408583755
Primary_T_helper_naive_cells_from_peripheral_blood_1__H3K36me3	-9.87713360481e-08	6.33485004112e-08	0.940522400951
Primary_T_helper_naive_cells_from_peripheral_blood_2__H3K27ac	-8.91521454585e-08	5.70209885597e-08	0.941032131488
Colonic_Mucosa__H3K4me1	-1.24552421554e-07	7.93931808589e-08	0.9416533121
Rectal_Mucosa_Donor_31__H3K9ac	-1.39687654716e-07	8.83560201445e-08	0.943056823537
Fetal_Adrenal_Gland__H3K4me3	-3.80369248385e-07	2.40309106263e-07	0.943270264233
Primary_B_cells_from_cord_blood__H3K36me3	-2.10546345666e-07	1.31011381812e-07	0.945982070646
Primary_T_killer_naive_cells_from_peripheral_blood__H3K36me3	-1.30454317077e-07	7.9549686356e-08	0.949488047476
Small_Intestine__DNase	-1.53835524792e-07	9.2782515476e-08	0.951343566339
Rectal_Mucosa_Donor_29__H3K27ac	-1.0863566379e-07	6.54954001323e-08	0.951409474789
Testis_ENTEX__H3K36me3	-4.50100796294e-07	2.71329936561e-07	0.951428894712
Fetal_Lung__H3K4me3	-2.56111285588e-07	1.52809830393e-07	0.953132191814
Gastric__H3K4me3	-2.54101247515e-07	1.51222366431e-07	0.953552001646
Primary_T_helper_17_cells_PMA-I_stimulated__H3K4me1	-7.99007362455e-08	4.71771590596e-08	0.954832363151
NHDF-Ad_Adult_Dermal_Fibroblast_Primary_Cells__H3K4me3	-3.75995386589e-07	2.17600032817e-07	0.957998690357
Rectal_Mucosa_Donor_31__H3K27ac	-1.05139630189e-07	6.08313574282e-08	0.958039835523
Nerve-Tibial_ENTEX__H3K36me3	-1.01476755627e-07	5.85575557159e-08	0.958446871121
Primary_T_helper_cells_PMA-I_stimulated__H3K27ac	-7.44851294905e-08	4.29148830879e-08	0.958686950282
Primary_T_helper_memory_cells_from_peripheral_blood_1__H3K27ac	-1.33143806986e-07	7.61276772401e-08	0.95985051598
Lung__H3K27ac	-1.19964113036e-07	6.70321449872e-08	0.963244944156
Ovary_ENTEX__H3K36me3	-3.81502826578e-07	2.12160664664e-07	0.963925667423
skeletal_muscle_ENTEX__H3K4me3	-1.26006920499e-07	6.91591705745e-08	0.965771313324
Primary_T_helper_memory_cells_from_peripheral_blood_2__H3K4me1	-6.97279019275e-08	3.81152183274e-08	0.966329992073
Placenta__H3K4me1	-8.64956294576e-08	4.7277009603e-08	0.966341334772
Colon-TV_ENTEX__H3K27ac	-7.58205784783e-08	4.13121535392e-08	0.966770061059
Fetal_Intestine_Small__H3K4me1	-8.14116798476e-08	4.40406187267e-08	0.967739237499
Rectal_Mucosa_Donor_29__H3K4me3	-2.3859297247e-07	1.28187809494e-07	0.96864743829
Duodenum_Mucosa__H3K4me3	-1.99693466638e-07	1.07024617606e-07	0.968969858213
Colonic_Mucosa__H3K4me3	-3.04817839777e-07	1.6143739363e-07	0.970497019236
Primary_T_helper_17_cells_PMA-I_stimulated__H3K36me3	-1.02146528151e-07	5.06943869382e-08	0.978044924797
Primary_T_killer_memory_cells_from_peripheral_blood__H3K36me3	-1.5517678371e-07	7.55715706149e-08	0.979981895339
Rectal_Mucosa_Donor_29__H3K9ac	-2.80667503411e-07	1.365828416e-07	0.980056878026
Primary_T_cells_effector_memory_enriched_from_peripheral_blood__H3K36me3	-1.15164449981e-07	5.53247624816e-08	0.981310839921
Primary_T_helper_17_cells_PMA-I_stimulated__H3K27ac	-1.50515326081e-07	7.03904296788e-08	0.983753493531
Fetal_Intestine_Large__H3K4me1	-9.46861142811e-08	4.36299091222e-08	0.985004572263
Primary_T_helper_memory_cells_from_peripheral_blood_1__H3K36me3	-1.33918642975e-07	6.11914339344e-08	0.98568410675
Placenta__DNase	-1.74185873362e-07	7.88614802133e-08	0.986404238173
Sigmoid_Colon__H3K27ac	-1.96007074985e-07	8.4969274325e-08	0.989466998437
Colonic_Mucosa__H3K27ac	-1.99436945236e-07	8.59621596265e-08	0.989831051079
Placenta__H3K27ac	-9.37349571377e-08	4.00269070033e-08	0.990404467659
Rectal_Mucosa_Donor_31__H3K4me1	-1.33633331668e-07	5.49859488113e-08	0.992457206196
Primary_B_cells_from_peripheral_blood__H3K27ac	-1.33364796007e-07	5.44134862815e-08	0.992876035314
SI-Term-Ileum_ENTEX__H3K36me3	-3.00361145756e-07	1.20613335473e-07	0.993617900516
Fetal_Intestine_Small__DNase	-3.45892297152e-07	1.33935118401e-07	0.995096146956
Primary_B_cells_from_peripheral_blood__H3K36me3	-8.73517524339e-08	3.32197642524e-08	0.995724618127
Vagina_ENTEX__H3K36me3	-4.22197705119e-07	1.60441241095e-07	0.995749289934
Fetal_Intestine_Large__DNase	-3.22363601343e-07	1.10010341389e-07	0.99830684025
SI-Term-Ileum_ENTEX__H3K4me1	-2.11419651911e-07	6.85276882591e-08	0.998982824998
Primary_T_helper_memory_cells_from_peripheral_blood_2__H3K36me3	-2.47264599825e-07	7.90484915049e-08	0.999120033878
