Name	Coefficient	Coefficient_std_error	Coefficient_P_value
Cortex_derived_primary_cultured_neurospheres__H3K36me3	2.7103050676e-07	8.696410378e-08	0.00091481300052
Colonic_Mucosa__H3K36me3	2.88695206119e-07	9.51090539227e-08	0.00120103476493
Fetal_Kidney__H3K4me1	4.45439454081e-07	1.53081185516e-07	0.00180815615385
Adipose_Nuclei__H3K9ac	4.91637353738e-07	1.76631165283e-07	0.00268952032302
Fetal_Brain_Female__H3K4me3	5.65571912028e-07	2.09430844396e-07	0.0034615722288
Ovary__H3K4me1	2.1875028358e-07	8.21780030064e-08	0.0038849556079
Cortex_derived_primary_cultured_neurospheres__H3K4me3	6.75654571071e-07	2.55953790642e-07	0.00414833384484
Foreskin_Fibroblast_Primary_Cells_skin02__H3K36me3	1.58610149096e-07	6.01526949878e-08	0.00418470580283
Adipose_Nuclei__H3K4me1	2.07178613028e-07	7.93266016255e-08	0.00450444320141
Ganglion_Eminence_derived_primary_cultured_neurospheres__H3K4me3	4.73090932333e-07	1.81733478786e-07	0.00461772944405
Fetal_Stomach__H3K4me1	1.48182478395e-07	5.72192473199e-08	0.00480254294937
Foreskin_Fibroblast_Primary_Cells_skin02__H3K4me1	1.45378467593e-07	5.63496344185e-08	0.00494092700083
Fetal_Muscle_Leg__DNase	2.94883005321e-07	1.14549631489e-07	0.00502242447416
Ovary__DNase	2.77736420665e-07	1.09709201641e-07	0.00567767266236
Ovary__H3K27ac	2.54417290646e-07	1.00564408447e-07	0.00570485000438
Aorta__H3K4me3	6.55409786517e-07	2.66956522108e-07	0.00704191572284
Placenta__H3K4me1	1.58172804929e-07	6.53066616579e-08	0.00771765237996
Nerve-Tibial_ENTEX__H3K4me1	1.29643678675e-07	5.35923385084e-08	0.00778009867335
Fetal_Muscle_Leg__H3K27ac	2.11353840969e-07	8.78380175687e-08	0.00806022022706
Fetal_Muscle_Leg__H3K4me1	1.54314970788e-07	6.44627946803e-08	0.00833603262327
Ganglion_Eminence_derived_primary_cultured_neurospheres__H3K4me1	1.93050545612e-07	8.09812806259e-08	0.00856533787798
Foreskin_Fibroblast_Primary_Cells_skin01__H3K36me3	1.05886138162e-07	4.53394227356e-08	0.00976100803972
Fetal_Muscle_Trunk__H3K36me3	1.81636034778e-07	7.80024534275e-08	0.0099402955994
Ganglion_Eminence_derived_primary_cultured_neurospheres__H3K36me3	1.98959141399e-07	8.56894232713e-08	0.0101201442536
Colonic_Mucosa__H3K4me1	2.57592439115e-07	1.12218253355e-07	0.0108534066685
Fetal_Muscle_Leg__H3K36me3	1.62781699073e-07	7.12269148117e-08	0.0111448121058
Adrenal_gland_ENTEX__H3K27ac	1.26422334144e-07	5.56245413622e-08	0.0115197263791
Fetal_Stomach__H3K36me3	1.11957218762e-07	4.93631154483e-08	0.0116635705762
NHLF_Lung_Fibroblast_Primary_Cells__H3K36me3	3.02674498259e-07	1.34975487806e-07	0.0124664588803
Adipose_Nuclei__H3K27ac	1.3889163489e-07	6.22055511626e-08	0.0127815558894
Brain_Germinal_Matrix__H3K4me3	4.73758348873e-07	2.13139218365e-07	0.0131158324103
Fetal_Brain_Female__H3K4me1	1.98121485745e-07	9.54101476469e-08	0.0189227451184
Foreskin_Fibroblast_Primary_Cells_skin02__H3K27ac	1.57651779858e-07	7.64898120982e-08	0.0196476057835
Fetal_Lung__H3K4me1	1.01130470911e-07	4.95123970009e-08	0.0205495787492
Aorta_ENTEX__H3K4me3	1.83488313903e-07	9.08938560339e-08	0.0217586977146
Fetal_Muscle_Trunk__DNase	2.52802409306e-07	1.25358366447e-07	0.0218666672358
Fetal_Adrenal_Gland__H3K4me1	1.16587082965e-07	5.80508007693e-08	0.0223023634843
Artery-Coronary_ENTEX__H3K4me3	2.67615799126e-07	1.36893642486e-07	0.0252963949305
Fetal_Brain_Female__DNase	2.26187565738e-07	1.20441909201e-07	0.0301919113296
Foreskin_Fibroblast_Primary_Cells_skin02__H3K4me3	1.61867210476e-07	8.86177629798e-08	0.0338816607202
Cortex_derived_primary_cultured_neurospheres__H3K4me1	1.03322622718e-07	5.66300435825e-08	0.0340367803071
Fetal_Adrenal_Gland__H3K36me3	9.39209586287e-08	5.1597844265e-08	0.0343604966155
Artery-Coronary_ENTEX__H3K27ac	1.02521279887e-07	5.675829152e-08	0.0354374266653
Foreskin_Fibroblast_Primary_Cells_skin01__H3K4me1	9.02535357026e-08	5.02848856141e-08	0.0363392625366
Placenta__DNase	1.77184455499e-07	9.87660754977e-08	0.0364081067262
Colonic_Mucosa__H3K9ac	2.70663747273e-07	1.51743745221e-07	0.0372370547212
NHLF_Lung_Fibroblast_Primary_Cells__H3K9ac	4.33703125909e-07	2.46889217176e-07	0.0394869523895
Foreskin_Melanocyte_Primary_Cells_skin01__H3K4me3	3.91240198884e-07	2.23919427346e-07	0.0402981604766
Adrenal_gland_ENTEX__H3K4me1	9.30061584791e-08	5.37964683034e-08	0.0419177489899
Ovary__H3K4me3	4.08017782403e-07	2.39235595432e-07	0.044050031928
Rectal_Smooth_Muscle__H3K36me3	2.85300756491e-07	1.69802151299e-07	0.0464596732371
Aorta__H3K27ac	1.4437988303e-07	8.63117737929e-08	0.0471861349207
Stomach_Mucosa__H3K36me3	2.30837417601e-07	1.3952021962e-07	0.0490120982519
Aorta__H3K36me3	3.19846496565e-07	1.93607170635e-07	0.0492633530126
Fetal_Muscle_Trunk__H3K27ac	1.76375172606e-07	1.07147346728e-07	0.0498716581192
Placenta_Amnion__H3K4me3	4.34347856891e-07	2.67222361364e-07	0.052036832967
Sigmoid_Colon__H3K27ac	1.47811394142e-07	9.18749404862e-08	0.0538264814497
Aorta__H3K4me1	2.1459167942e-07	1.34251794146e-07	0.0549740007327
NHDF-Ad_Adult_Dermal_Fibroblast_Primary_Cells__H3K4me1	1.17820415359e-07	7.42523272406e-08	0.0562838221557
Breast_Myoepithelial_Primary_Cells__H3K9ac	2.26997933819e-07	1.45153732218e-07	0.0589269904004
Lung__H3K4me1	1.35876500968e-07	8.74707387389e-08	0.0601645447001
Testis_ENTEX__H3K4me3	1.63491461072e-07	1.07069697375e-07	0.0633851121712
Fetal_Lung__H3K36me3	7.78250002045e-08	5.1999302204e-08	0.0672415641566
NHLF_Lung_Fibroblast_Primary_Cells__H3K4me1	1.52087938516e-07	1.03040887088e-07	0.0699724812808
Colon_Smooth_Muscle__H3K36me3	1.9218434212e-07	1.30649761946e-07	0.0706470671324
Colonic_Mucosa__H3K27ac	1.27366758883e-07	8.78446401248e-08	0.0735419096339
Foreskin_Keratinocyte_Primary_Cells_skin02__H3K36me3	9.37335344083e-08	6.56162331774e-08	0.0765723638011
Breast_Myoepithelial_Primary_Cells__H3K4me1	5.92725239539e-08	4.1664990986e-08	0.0774263930131
Lung__H3K27ac	1.28576707311e-07	9.05261845169e-08	0.0777563754855
Foreskin_Fibroblast_Primary_Cells_skin01__H3K27ac	1.00729472177e-07	7.12343135675e-08	0.0786723930918
Fetal_Kidney__H3K36me3	2.4778035396e-07	1.78871718455e-07	0.0829894658061
Placenta_Amnion__H3K36me3	9.91717726441e-08	7.16439311173e-08	0.0831438195243
Small_Intestine__H3K36me3	2.09396203671e-07	1.52123484415e-07	0.0843352462391
Fetal_Brain_Male__DNase	1.526144073e-07	1.11039605687e-07	0.084656570029
Stomach_Smooth_Muscle__H3K27ac	9.11541733705e-08	6.63463416139e-08	0.0847341778696
Right_Atrium__H3K27ac	1.33066451923e-07	9.6947102674e-08	0.0849434052448
Stomach_Smooth_Muscle__H3K36me3	1.29996265849e-07	9.76027244196e-08	0.0914478771368
Foreskin_Melanocyte_Primary_Cells_skin01__H3K36me3	1.64260106098e-07	1.2350160177e-07	0.0917551663472
Mammary_ENTEX__H3K27ac	7.55436452073e-08	5.68993993643e-08	0.0921435171219
Colon-TV_ENTEX__H3K36me3	1.09325645807e-07	8.2926902438e-08	0.093695345305
Spleen__H3K4me3	1.7585725232e-07	1.34332905043e-07	0.0952476599646
NHDF-Ad_Adult_Dermal_Fibroblast_Primary_Cells__DNase	1.59778796476e-07	1.24337188456e-07	0.0993884003401
Vagina_ENTEX__H3K27ac	6.68426866624e-08	5.21808930356e-08	0.100100324331
Fetal_Adrenal_Gland__H3K27ac	6.51438461682e-08	5.1663468061e-08	0.10366762917
Foreskin_Fibroblast_Primary_Cells_skin01__H3K4me3	1.28117904135e-07	1.02282219156e-07	0.105177087763
Small_Intestine__H3K27ac	1.27956972547e-07	1.05533736844e-07	0.112665384995
Colonic_Mucosa__H3K4me3	2.23204499884e-07	1.86726848336e-07	0.115974568648
Adipose_Nuclei__H3K36me3	8.64223320333e-08	7.31366984232e-08	0.118671346508
Esophagus__H3K4me1	9.95836370594e-08	8.4689537817e-08	0.119824003688
NHDF-Ad_Adult_Dermal_Fibroblast_Primary_Cells__H3K27ac	1.17125020822e-07	1.01368058903e-07	0.123954517265
Thymus__H3K36me3	1.1497922009e-07	9.97591664048e-08	0.124543877796
Stomach_Smooth_Muscle__H3K4me1	8.24487337552e-08	7.16853081578e-08	0.125041402366
Pancreas__H3K36me3	1.02499155489e-07	8.95566514419e-08	0.12620454073
Ovary__H3K36me3	8.94758397363e-08	7.85050657466e-08	0.12719605494
Rectal_Smooth_Muscle__H3K27ac	7.65483507476e-08	6.84413377823e-08	0.131686999217
Nerve-Tibial_ENTEX__H3K4me3	2.19875397547e-07	2.0443365415e-07	0.141067802572
Osteoblast_Primary_Cells__H3K4me3	1.97512991305e-07	1.87433676552e-07	0.145992886919
Fetal_Kidney__DNase	1.36984454409e-07	1.31559553975e-07	0.1488831733
Aorta_ENTEX__H3K36me3	5.05090198141e-08	4.96638340188e-08	0.154572401373
Aorta_ENTEX__H3K4me1	3.14564268167e-08	3.10538876752e-08	0.155539012568
Fetal_Heart__H3K4me1	3.92760845968e-08	3.89312132069e-08	0.156521254927
Osteoblast_Primary_Cells__H3K4me1	5.16154952362e-08	5.28321888299e-08	0.164291853745
Fetal_Brain_Male__H3K4me1	6.32719909863e-08	6.49032823445e-08	0.164813413515
Fetal_Lung__H3K9ac	1.53857105821e-07	1.58290138341e-07	0.165526702171
Spleen__H3K4me1	7.98010647888e-08	8.21789558204e-08	0.165758085823
Rectal_Mucosa_Donor_29__H3K27ac	6.92651097171e-08	7.15384538952e-08	0.166466738152
Fetal_Heart__DNase	7.62550482291e-08	7.88345705774e-08	0.166702214479
Spleen__H3K27ac	7.77646424538e-08	8.04862868436e-08	0.16697581053
Psoas_Muscle__DNase	1.16247589877e-07	1.20359990119e-07	0.167064002073
Fetal_Kidney__H3K9ac	2.02982298217e-07	2.11261378248e-07	0.16832355322
Sigmoid_Colon__H3K36me3	9.520831151e-08	9.9492214232e-08	0.169298181502
Primary_hematopoietic_stem_cells_short_term_culture__H3K4me1	5.37455211749e-08	5.62464790434e-08	0.169653419319
Rectal_Mucosa_Donor_31__H3K9ac	1.02261845229e-07	1.08342278284e-07	0.172616110291
Rectal_Smooth_Muscle__H3K4me3	1.81595424034e-07	1.93523970668e-07	0.174029357856
Colon_Smooth_Muscle__H3K4me1	4.77164034132e-08	5.10454463792e-08	0.174950132188
Stomach_Smooth_Muscle__H3K9ac	1.76049704169e-07	1.88947441272e-07	0.175735707321
NHLF_Lung_Fibroblast_Primary_Cells__DNase	1.10330760613e-07	1.18594579644e-07	0.176103037345
Right_Atrium__H3K4me1	9.97117707542e-08	1.078455892e-07	0.177592461346
Colon_Smooth_Muscle__H3K27ac	6.51859097502e-08	7.10906691503e-08	0.179586924536
Adrenal_gland_ENTEX__H3K36me3	5.9408296455e-08	6.51011298563e-08	0.180738578363
Fetal_Brain_Female__H3K36me3	8.86422174971e-08	9.83630206781e-08	0.183747850371
Fetal_Heart__H3K9ac	5.19413331564e-08	5.99809449277e-08	0.193254978744
Foreskin_Melanocyte_Primary_Cells_skin03__H3K36me3	4.10177765717e-08	4.73752741232e-08	0.193298395016
Pancreatic_Islets__H3K27ac	1.30293146e-07	1.54402812425e-07	0.199376013454
Fetal_Muscle_Trunk__H3K4me1	4.11628051549e-08	4.90580639491e-08	0.200716985389
Osteoblast_Primary_Cells__H3K27ac	5.33967797933e-08	6.41493100832e-08	0.202596464939
Uterus_ENTEX__H3K27ac	3.86083211347e-08	4.71388942067e-08	0.206383725257
Rectal_Mucosa_Donor_31__H3K4me1	5.80607257095e-08	7.09517065834e-08	0.206589154581
Aorta_ENTEX__H3K27ac	2.44759644644e-08	3.06320222609e-08	0.21213594321
Fetal_Brain_Male__H3K4me3	2.98717630253e-07	3.76762234619e-07	0.21393130186
NHDF-Ad_Adult_Dermal_Fibroblast_Primary_Cells__H3K9ac	1.3298949234e-07	1.68605189224e-07	0.215125343021
Rectal_Mucosa_Donor_31__H3K36me3	6.05902722758e-08	7.71434235774e-08	0.216102598261
Osteoblast_Primary_Cells__H3K36me3	3.83658952356e-08	4.90389190819e-08	0.217002676369
Fetal_Heart__H3K36me3	1.44760453882e-07	1.86618639991e-07	0.218962476823
Rectal_Mucosa_Donor_31__H3K27ac	6.10804903252e-08	8.02322818815e-08	0.223240237422
Ovary_ENTEX__H3K4me3	2.27249579105e-07	2.99516782971e-07	0.224009829862
Left_Ventricle__H3K4me3	1.93634375973e-07	2.56173439208e-07	0.224862917554
Esophagus__H3K36me3	6.43081680689e-08	8.58478712188e-08	0.226900125241
Rectal_Smooth_Muscle__H3K4me1	5.63498974915e-08	7.59298195675e-08	0.229003886583
NHLF_Lung_Fibroblast_Primary_Cells__H3K4me3	1.87155957539e-07	2.55080292284e-07	0.231561560786
Placenta__H3K4me3	1.7404121126e-07	2.37533436871e-07	0.231870118637
Artery-Tibial_ENTEX__H3K36me3	5.44023937971e-08	7.53026629915e-08	0.235008989335
Primary_hematopoietic_stem_cells__H3K4me1	8.44360893263e-08	1.19912258697e-07	0.240670013915
Rectal_Mucosa_Donor_29__H3K4me1	7.05629441567e-08	1.01539681443e-07	0.243549667751
Right_Atrium__H3K4me3	1.41685430031e-07	2.08161368749e-07	0.248045890984
Foreskin_Melanocyte_Primary_Cells_skin01__DNase	6.33733060342e-08	9.5915420192e-08	0.254395714897
Thyroid_gland_ENTEX__H3K4me1	2.87164210423e-08	4.37046832006e-08	0.255572478806
Stomach_Smooth_Muscle__H3K4me3	1.16295881127e-07	1.77603287103e-07	0.256296001603
Pancreas_ENTEX__H3K27ac	2.81256517526e-08	4.36285959462e-08	0.259573466392
Foreskin_Melanocyte_Primary_Cells_skin03__H3K4me3	1.44468311723e-07	2.26582926e-07	0.261868429919
Esoph-Mucosa_ENTEX__H3K36me3	5.41724553088e-08	8.59765451198e-08	0.264319776183
Brain_Germinal_Matrix__H3K36me3	7.95280897445e-08	1.28941969234e-07	0.268691810703
Esophagus__H3K4me3	1.41032826151e-07	2.30213029758e-07	0.270064217788
Esoph-Muscularis_ENTEX__H3K36me3	4.07459611614e-08	6.68252604183e-08	0.27101738893
Duodenum_Smooth_Muscle__H3K27ac	6.13293009775e-08	1.00890883199e-07	0.271634351434
Thyroid_gland_ENTEX__H3K36me3	7.95403063985e-08	1.30895133449e-07	0.271705055461
Fetal_Stomach__H3K27ac	4.23328769101e-08	7.33725220647e-08	0.281983852748
Gastric__H3K36me3	4.43748836015e-08	7.76881271542e-08	0.283934545772
Duodenum_Smooth_Muscle__H3K4me1	5.70087617348e-08	1.00007543198e-07	0.284323718274
Heart-LV_ENTEX__H3K36me3	4.67206526788e-08	8.28175265954e-08	0.286329538758
Primary_mononuclear_cells_from_peripheral_blood__H3K27ac	1.52493319488e-07	2.75940793677e-07	0.290258200581
Rectal_Mucosa_Donor_29__H3K36me3	4.44704016707e-08	8.19492263729e-08	0.293682655269
Thymus__H3K4me3	1.57536470378e-07	2.9489788253e-07	0.296599213465
NHLF_Lung_Fibroblast_Primary_Cells__H3K27ac	5.18263733276e-08	9.75492387067e-08	0.297610911807
Skeletal_Muscle_Female__H3K27ac	3.07226787654e-08	5.89409460827e-08	0.301098023434
Colon-Sigm_ENTEX__H3K36me3	5.1280798963e-08	9.97915853295e-08	0.303668299154
Primary_mononuclear_cells_from_peripheral_blood__H3K4me3	1.47417864936e-07	2.89629237744e-07	0.305380246956
Primary_neutrophils_from_peripheral_blood__H3K36me3	1.41704175431e-08	2.79869868958e-08	0.306315431457
Primary_neutrophils_from_peripheral_blood__H3K4me1	1.80889790668e-08	3.58737299436e-08	0.307046274572
Thymus__H3K27ac	8.24278069538e-08	1.63560285611e-07	0.307144817288
Brain_Hippocampus_Middle__H3K36me3	3.63361888679e-08	7.27097140022e-08	0.308627936884
Foreskin_Melanocyte_Primary_Cells_skin03__H3K4me1	1.97241403962e-08	4.04827952749e-08	0.31305022886
Esophagus__H3K27ac	3.80229230966e-08	7.93981189538e-08	0.316008631262
Placenta_Amnion__H3K4me1	2.82120248872e-08	6.00226489452e-08	0.319169296441
Foreskin_Melanocyte_Primary_Cells_skin01__H3K4me1	5.40582367971e-08	1.16493830573e-07	0.321308191885
Colon_Smooth_Muscle__H3K9ac	8.04334588658e-08	1.74550034738e-07	0.322469400732
Fetal_Lung__DNase	4.55963381309e-08	1.01296698853e-07	0.326309580707
Pancreas__DNase	7.3379765387e-08	1.68008616536e-07	0.331142010258
Testis_ENTEX__H3K27ac	1.80258297235e-08	4.13723936658e-08	0.331528274482
Fetal_Thymus__H3K36me3	1.97159872465e-08	4.65575963109e-08	0.335974295754
Sigmoid_Colon__H3K4me3	1.04172644194e-07	2.51168100122e-07	0.339161479505
Prostate_ENTEX__H3K4me3	9.65432857148e-08	2.34211318092e-07	0.340094258792
Pancreas__H3K4me1	2.97649890825e-08	7.24712627746e-08	0.340640994098
NHEK-Epidermal_Keratinocyte_Primary_Cells__H3K4me3	6.02421476031e-08	1.53855227537e-07	0.347695048917
Heart-Atrial_ENTEX__H3K36me3	2.24559511422e-08	6.13617867176e-08	0.357197512398
Fetal_Intestine_Small__H3K36me3	1.73334680815e-08	4.75344808317e-08	0.357686188913
Brain_Germinal_Matrix__H3K4me1	4.17710520205e-08	1.16670612356e-07	0.360162122637
Placenta__H3K27ac	1.61446633927e-08	4.61016863495e-08	0.36309550115
Adrenal_gland_ENTEX__H3K4me3	5.43802919895e-08	1.57287774952e-07	0.364769976
Spleen__H3K36me3	2.21976344741e-08	6.42355968857e-08	0.364834472999
Lung__H3K36me3	3.16484232936e-08	9.21475970539e-08	0.365628623628
Liver__H3K4me1	1.58929565136e-08	4.65380288381e-08	0.36636182604
Nerve-Tibial_ENTEX__H3K27ac	1.12467327743e-08	3.30908380811e-08	0.366975512114
Gastric__H3K4me3	7.2110737537e-08	2.26849118456e-07	0.37528808273
Foreskin_Keratinocyte_Primary_Cells_skin03__H3K36me3	1.03851123078e-08	3.35663550453e-08	0.378512237404
Fetal_Intestine_Large__H3K36me3	1.54860631998e-08	5.08848616864e-08	0.380436200545
Heart-Atrial_ENTEX__H3K4me3	6.37798261306e-08	2.12322440474e-07	0.381939327579
Pancreas_ENTEX__H3K4me1	1.03117691801e-08	3.49604007033e-08	0.384013863672
Duodenum_Mucosa__H3K36me3	1.76107035696e-08	6.09324370037e-08	0.386282969563
Left_Ventricle__H3K4me1	2.25903005336e-08	8.00611744877e-08	0.388909266973
Placenta__H3K36me3	2.07170150267e-08	7.49104544135e-08	0.391060120141
Primary_hematopoietic_stem_cells_short_term_culture__H3K36me3	1.25794110212e-08	4.55455425591e-08	0.391199486826
Skeletal_Muscle_Male__H3K9ac	2.03235587588e-08	7.63312231419e-08	0.395021469442
NHDF-Ad_Adult_Dermal_Fibroblast_Primary_Cells__H3K36me3	4.54284375964e-08	1.71334537083e-07	0.395449012165
Sigmoid_Colon__H3K4me1	4.26853454474e-08	1.70389517192e-07	0.40109406398
Fetal_Thymus__H3K4me3	5.47607042624e-08	2.29841795641e-07	0.40584208705
Artery-Tibial_ENTEX__H3K4me1	3.4367104152e-08	1.47273181092e-07	0.407742425982
Gastric__H3K27ac	2.76986094966e-08	1.20412864635e-07	0.40903410564
Thyroid_gland_ENTEX__H3K27ac	8.85335080982e-09	3.91670308983e-08	0.410584805959
Esoph-Mucosa_ENTEX__H3K27ac	1.42193945089e-08	6.40405690443e-08	0.412142426619
Duodenum_Mucosa__H3K9ac	3.12768044627e-08	1.55207485175e-07	0.420147527485
Lung_ENTEX__H3K36me3	1.03685850399e-08	5.39836371362e-08	0.423844065264
Pancreas__H3K27ac	2.64784657886e-08	1.46048358046e-07	0.428066325817
Small_Intestine__H3K4me3	4.67967153432e-08	2.71103721116e-07	0.431476817871
Primary_neutrophils_from_peripheral_blood__H3K4me3	1.76711735751e-08	1.15789926522e-07	0.439351308835
Skeletal_Muscle_Male__H3K4me1	7.85739407575e-09	5.28465061563e-08	0.440901761148
Esoph-Mucosa_ENTEX__H3K4me3	2.36755862293e-08	1.59555233614e-07	0.441019510959
Primary_T_killer_naive_cells_from_peripheral_blood__H3K9ac	2.98990130844e-08	2.03880817668e-07	0.441704353668
Psoas_Muscle__H3K4me3	4.26323623557e-08	2.92961079574e-07	0.442149265598
NHEK-Epidermal_Keratinocyte_Primary_Cells__H3K36me3	8.39914722862e-09	5.77739410657e-08	0.442205620816
Fetal_Stomach__H3K4me3	3.37892820876e-08	2.34194763246e-07	0.442640255777
Primary_T_killer_naive_cells_from_peripheral_blood__H3K4me3	3.01905496937e-08	2.2690970139e-07	0.447076546049
Rectal_Smooth_Muscle__H3K9ac	2.91759713463e-08	2.29413921222e-07	0.449400504462
Fetal_Kidney__H3K4me3	2.81399333226e-08	2.25582770306e-07	0.450363398631
Foreskin_Keratinocyte_Primary_Cells_skin02__H3K4me3	2.62182916687e-08	2.11180978371e-07	0.450597930351
liver_ENTEX__H3K4me1	2.15508269025e-08	1.76235266523e-07	0.451336886222
Esoph-Muscularis_ENTEX__H3K4me3	3.36232453738e-08	2.79193130191e-07	0.45207124019
Skeletal_Muscle_Female__H3K9ac	1.21132453427e-08	1.04191179465e-07	0.453723323538
Stomach_ENTEX__H3K27ac	4.93114184584e-09	4.91635098838e-08	0.460052741222
Rectal_Mucosa_Donor_29__H3K9ac	1.58109862208e-08	1.65072571429e-07	0.461846844299
Breast_variant_Human_Mammary_Epithelial_Cells_(vHMEC)__H3K4me3	1.55528005389e-08	2.34722138919e-07	0.473585225004
Rectal_Mucosa_Donor_31__H3K4me3	1.15002585978e-08	1.83536835785e-07	0.475018971158
HMEC_Mammary_Epithelial_Primary_Cells__H3K4me3	1.38760301873e-08	2.24227054573e-07	0.475327670064
liver_ENTEX__H3K36me3	3.12219890509e-09	5.94314736498e-08	0.479051428917
Breast_Myoepithelial_Primary_Cells__H3K36me3	2.73276597714e-09	5.26430346079e-08	0.479299703212
NHEK-Epidermal_Keratinocyte_Primary_Cells__H3K9ac	4.82559641429e-09	1.03355410381e-07	0.481380411267
Psoas_Muscle__H3K27ac	2.18425446021e-09	8.69472097517e-08	0.489978979069
Adipose_Nuclei__H3K4me3	3.06238982798e-09	1.4212537645e-07	0.49140461554
Skeletal_Muscle_Female__H3K36me3	1.25436754984e-09	6.68843632056e-08	0.492518566471
Pancreatic_Islets__H3K36me3	1.80509021967e-09	1.2408067985e-07	0.494196506584
Placenta_Amnion__H3K27ac	1.22078597891e-09	1.35782994423e-07	0.49641327264
Foreskin_Fibroblast_Primary_Cells_skin02__DNase	1.02164804219e-09	1.33581761039e-07	0.496948875182
Psoas_Muscle__H3K4me1	-2.32590623056e-09	8.40445621492e-08	0.511039190171
Mammary_ENTEX__H3K4me1	-5.3536741972e-09	1.10465301965e-07	0.519327075021
Fetal_Brain_Male__H3K36me3	-1.11384840502e-08	2.17811836008e-07	0.520392262953
Colon_Smooth_Muscle__H3K4me3	-9.59933209736e-09	1.73053056943e-07	0.522118167071
Fetal_Muscle_Leg__H3K4me3	-1.37428719676e-08	2.09961041541e-07	0.526093890169
Fetal_Adrenal_Gland__H3K4me3	-1.80631723832e-08	2.51630861158e-07	0.528613259259
Fetal_Intestine_Large__H3K4me3	-1.75190574391e-08	2.14341246212e-07	0.532571046637
Right_Ventricle__H3K36me3	-6.64190327259e-09	7.6320668579e-08	0.534674685405
Primary_T_helper_cells_from_peripheral_blood__H3K4me3	-1.88691787058e-08	2.13617901603e-07	0.535193377884
Colon-TV_ENTEX__H3K4me3	-2.36252188807e-08	2.12328380106e-07	0.544297832271
Skin_tissue_ENTEX__H3K4me3	-2.25027064937e-08	1.98994802628e-07	0.545017179952
Fetal_Intestine_Small__H3K4me3	-2.56305727298e-08	2.06983244292e-07	0.549274750332
Primary_T_killer_naive_cells_from_peripheral_blood__H3K27ac	-2.03839073206e-08	1.6411310198e-07	0.549424095966
Duodenum_Mucosa__H3K4me1	-9.29491529734e-09	6.82833304293e-08	0.554137881847
Fetal_Heart__H3K4me3	-1.41401298771e-08	1.02553243033e-07	0.554832713339
Primary_mononuclear_cells_from_peripheral_blood__H3K4me1	-2.59006266698e-08	1.80759177831e-07	0.5569686459
Primary_T_cells_effector_memory_enriched_from_peripheral_blood__H3K4me3	-2.91412552371e-08	1.96767935778e-07	0.558867922766
Esoph-GJ_ENTEX__H3K4me1	-8.9059541821e-09	5.74400154157e-08	0.561608225289
Rectal_Mucosa_Donor_29__H3K4me3	-2.46294364605e-08	1.56721978807e-07	0.562438135593
Spleen_ENTEX__H3K4me1	-2.02993456849e-08	1.27646434944e-07	0.563176557423
Primary_mononuclear_cells_from_peripheral_blood__H3K9ac	-2.7688302151e-08	1.71759503846e-07	0.564033595848
Colon-TV_ENTEX__H3K27ac	-8.19445898667e-09	4.99727568945e-08	0.565125975401
Lung_ENTEX__H3K4me3	-4.36777155486e-08	2.58854411478e-07	0.566997329286
Vagina_ENTEX__H3K4me3	-4.07845661333e-08	2.3308158443e-07	0.56945224214
Fetal_Thymus__DNase	-2.45710060595e-08	1.37658941236e-07	0.570831659286
Stomach_ENTEX__H3K4me1	-1.29927856226e-08	7.15270185507e-08	0.572070762588
Colon-Sigm_ENTEX__H3K4me3	-5.27053437714e-08	2.85168571563e-07	0.573315561467
Duodenum_Smooth_Muscle__H3K36me3	-1.70441884056e-08	9.17252755562e-08	0.573706175226
Thymus__H3K4me1	-1.7545325819e-08	8.97657484573e-08	0.577482322464
SI-Term-Ileum_ENTEX__H3K4me3	-3.32785667161e-08	1.68345749984e-07	0.578352231566
Fetal_Thymus__H3K4me1	-1.02108433645e-08	4.92030168331e-08	0.582199963969
Spleen_ENTEX__H3K27ac	-8.3718413301e-09	3.86926735314e-08	0.585649394461
Uterus_ENTEX__H3K4me3	-6.08468508172e-08	2.79880393675e-07	0.586052872196
Skeletal_Muscle_Female__H3K4me1	-9.77066645262e-09	4.3692462276e-08	0.588474907376
Nerve-Tibial_ENTEX__H3K36me3	-1.67953395392e-08	7.20467145167e-08	0.592164860689
Right_Ventricle__H3K4me1	-1.75429105709e-08	7.40161312634e-08	0.593677303887
NHDF-Ad_Adult_Dermal_Fibroblast_Primary_Cells__H3K4me3	-5.40695664604e-08	2.2595685746e-07	0.59456024105
Liver__H3K27ac	-1.41006557647e-08	5.39655836914e-08	0.603065478322
Pancreas_ENTEX__H3K36me3	-1.55341892961e-08	5.84034385282e-08	0.60487297561
Primary_T_helper_memory_cells_from_peripheral_blood_2__H3K4me3	-5.00264017912e-08	1.85039006555e-07	0.606556798487
Foreskin_Keratinocyte_Primary_Cells_skin02__H3K4me1	-2.19688958244e-08	7.42242912998e-08	0.61637727142
Stomach_Mucosa__H3K9ac	-3.68782360475e-08	1.19678444286e-07	0.621013751018
Gastric__H3K4me1	-3.4274454889e-08	1.05759621137e-07	0.627060825202
Right_Ventricle__H3K27ac	-2.23191531084e-08	6.74266058418e-08	0.629683059249
Brain_Substantia_Nigra__H3K36me3	-4.08325280305e-08	1.22445835119e-07	0.630611822742
Primary_hematopoietic_stem_cells_G-CSF-mobilized_Female__H3K4me3	-6.35865405781e-08	1.85716162408e-07	0.63396963983
Primary_T_helper_17_cells_PMA-I_stimulated__H3K4me3	-5.00648702044e-08	1.45743212059e-07	0.634394188869
Fetal_Thymus__H3K27ac	-2.50899105202e-08	7.18225055499e-08	0.636580018881
Fetal_Lung__H3K4me3	-7.14957512578e-08	2.03915100938e-07	0.637061506109
Skeletal_Muscle_Male__H3K36me3	-3.14878030818e-08	8.40279410651e-08	0.646069417041
Primary_T_regulatory_cells_from_peripheral_blood__H3K4me3	-4.98643821662e-08	1.32799203069e-07	0.646350865408
Pancreatic_Islets__H3K4me3	-8.87295998307e-08	2.34823071544e-07	0.647231678842
Lung_ENTEX__H3K4me1	-2.13398108614e-08	5.58940202671e-08	0.64869164969
Foreskin_Keratinocyte_Primary_Cells_skin03__H3K4me3	-5.92891606359e-08	1.53355447431e-07	0.650478515625
Foreskin_Melanocyte_Primary_Cells_skin03__H3K27ac	-2.786603925e-08	6.96088790567e-08	0.655540706124
Foreskin_Fibroblast_Primary_Cells_skin01__DNase	-5.74853089375e-08	1.42377025534e-07	0.656803226719
Liver__H3K4me3	-4.20373003974e-08	1.03747559737e-07	0.657330458502
Primary_T_helper_naive_cells_from_peripheral_blood_1__H3K27ac	-6.47012002839e-08	1.59308942649e-07	0.657678900982
Breast_Myoepithelial_Primary_Cells__H3K4me3	-6.94834815597e-08	1.64789316822e-07	0.663359893966
Primary_hematopoietic_stem_cells_short_term_culture__H3K4me3	-6.87932728631e-08	1.62810559894e-07	0.663682973391
Brain_Angular_Gyrus__H3K36me3	-3.90872651331e-08	9.17936939698e-08	0.66487920129
Colon-Sigm_ENTEX__H3K27ac	-3.53639145603e-08	8.244676254e-08	0.666013025415
Right_Ventricle__H3K4me3	-9.16457021708e-08	2.11353321346e-07	0.667715518893
Liver__H3K9ac	-4.46507915422e-08	1.02394342087e-07	0.668605933255
Primary_monocytes_from_peripheral_blood__H3K4me1	-1.77686010756e-08	4.06827344395e-08	0.668857383616
Primary_hematopoietic_stem_cells_G-CSF-mobilized_Male__H3K4me3	-5.05761032206e-08	1.1487505009e-07	0.670129421571
Spleen_ENTEX__H3K4me3	-4.09175886882e-08	9.20354796496e-08	0.6716901355
Colon-TV_ENTEX__H3K4me1	-6.07901727094e-08	1.36560704778e-07	0.671894784262
NHEK-Epidermal_Keratinocyte_Primary_Cells__H3K4me1	-2.23147922957e-08	4.85160954734e-08	0.677222570441
Left_Ventricle__H3K27ac	-2.71752163e-08	5.84510620282e-08	0.67900653624
Mammary_ENTEX__H3K4me3	-6.02532179745e-08	1.28211075683e-07	0.680805808224
Brain_Dorsolateral_Prefrontal_Cortex__H3K36me3	-3.72423798185e-08	7.9164800808e-08	0.680980064318
Left_Ventricle__H3K36me3	-4.67837701876e-08	9.92976351256e-08	0.681232072457
Brain_Cingulate_Gyrus__H3K36me3	-3.82427507231e-08	8.11256799556e-08	0.6813229049
Pancreas__H3K4me3	-1.18521255135e-07	2.48280986073e-07	0.683449747107
Brain_Angular_Gyrus__H3K4me3	-8.89785312728e-08	1.86378124241e-07	0.683464427022
Pancreas_ENTEX__H3K4me3	-8.55314306397e-08	1.68865916418e-07	0.693748908995
liver_ENTEX__H3K27ac	-2.32737592235e-08	4.56594997617e-08	0.694877707323
SI-Term-Ileum_ENTEX__H3K27ac	-2.86333004617e-08	5.49622909907e-08	0.698803602847
Fetal_Muscle_Trunk__H3K4me3	-1.32020681098e-07	2.53286060031e-07	0.698897254625
Primary_T_helper_naive_cells_from_peripheral_blood__H3K9ac	-9.2920670933e-08	1.75728631015e-07	0.70151876313
Primary_monocytes_from_peripheral_blood__H3K36me3	-1.89740575995e-08	3.53970990347e-08	0.704032561749
Mammary_ENTEX__H3K36me3	-2.97358532801e-08	5.46024702155e-08	0.706981565452
Fetal_Intestine_Small__H3K4me1	-2.8565130828e-08	5.00826107128e-08	0.715783311064
Fetal_Adrenal_Gland__DNase	-7.5151871855e-08	1.28569759353e-07	0.720565465511
Esoph-GJ_ENTEX__H3K27ac	-4.15094830785e-08	6.93193786955e-08	0.725351867531
Primary_T_helper_naive_cells_from_peripheral_blood_2__H3K4me3	-1.21243338166e-07	2.00638356742e-07	0.72717388667
Skeletal_Muscle_Male__H3K4me3	-8.98515356986e-08	1.48598341282e-07	0.727297674578
Colon-Sigm_ENTEX__H3K4me1	-1.72379130359e-07	2.84694793744e-07	0.727572426126
Primary_B_cells_from_cord_blood__H3K4me3	-1.71163951425e-07	2.72776787472e-07	0.734830048612
HMEC_Mammary_Epithelial_Primary_Cells__H3K9ac	-7.81441783714e-08	1.24382926465e-07	0.735081502225
Primary_monocytes_from_peripheral_blood__H3K4me3	-1.43918942734e-07	2.28357237247e-07	0.735729892579
Stomach_Mucosa__H3K4me1	-3.32240615121e-08	5.23602851352e-08	0.737131815985
Brain_Cingulate_Gyrus__H3K4me3	-1.01371029164e-07	1.58790314029e-07	0.738391885091
Foreskin_Keratinocyte_Primary_Cells_skin03__H3K4me1	-3.31468117532e-08	5.18378170862e-08	0.738729361964
Primary_Natural_Killer_cells_from_peripheral_blood__H3K4me3	-1.56681465073e-07	2.38260746856e-07	0.744604018526
Primary_hematopoietic_stem_cells__H3K4me3	-1.46626460046e-07	2.22850926844e-07	0.744717310312
Brain_Inferior_Temporal_Lobe__H3K4me3	-1.07991851372e-07	1.637763271e-07	0.745176101977
NHEK-Epidermal_Keratinocyte_Primary_Cells__H3K27ac	-4.19056124928e-08	6.29665431759e-08	0.747141624661
Esoph-Mucosa_ENTEX__H3K4me1	-3.59059097069e-08	5.38823158435e-08	0.747414764258
liver_ENTEX__H3K4me3	-7.10809376336e-08	1.05836357119e-07	0.749084541804
Psoas_Muscle__H3K36me3	-1.18009470937e-07	1.6837166418e-07	0.758313157516
Primary_hematopoietic_stem_cells_G-CSF-mobilized_Male__H3K4me1	-3.40879924917e-08	4.77390709868e-08	0.762401278639
Duodenum_Smooth_Muscle__H3K4me3	-7.7061361814e-08	1.0712019942e-07	0.764050136207
Pancreatic_Islets__H3K9ac	-1.89580444902e-07	2.62057563458e-07	0.765292293319
Esoph-Muscularis_ENTEX__H3K27ac	-5.27566138453e-08	7.28133180991e-08	0.765634766578
Fetal_Intestine_Large__H3K4me1	-3.95232600103e-08	5.43177389999e-08	0.766580190111
Primary_T_cells_from_peripheral_blood__DNase	-1.04890656849e-07	1.37261238738e-07	0.777616456176
Heart-Atrial_ENTEX__H3K4me1	-1.68447300635e-07	2.13019022056e-07	0.785458490958
Primary_Natural_Killer_cells_from_peripheral_blood__H3K4me1	-4.49818123684e-08	5.61872079264e-08	0.788309787509
Brain_Dorsolateral_Prefrontal_Cortex__H3K9ac	-1.23334336242e-07	1.53225994091e-07	0.789566453664
Brain_Dorsolateral_Prefrontal_Cortex__H3K27ac	-4.8458634491e-08	5.94657086498e-08	0.792435360648
Primary_hematopoietic_stem_cells_G-CSF-mobilized_Female__H3K36me3	-3.5529783416e-08	4.35149348519e-08	0.792891831327
Thyroid_gland_ENTEX__H3K4me3	-1.36041089164e-07	1.62506157556e-07	0.798744244219
Stomach_ENTEX__H3K4me3	-1.59896611606e-07	1.88085267862e-07	0.802373124211
Primary_B_cells_from_cord_blood__H3K4me1	-5.20851285061e-08	6.02957595012e-08	0.80615864024
Primary_hematopoietic_stem_cells__H3K36me3	-9.60462406588e-08	1.08649104896e-07	0.811652966598
Foreskin_Melanocyte_Primary_Cells_skin01__H3K27ac	-1.36179704886e-07	1.5359104636e-07	0.812363167809
Primary_monocytes_from_peripheral_blood__DNase	-1.39216464709e-07	1.56154631297e-07	0.813677421087
Fetal_Intestine_Large__H3K27ac	-4.70761897954e-08	5.25047719898e-08	0.81503589137
Lung_ENTEX__H3K27ac	-4.43490607247e-08	4.90688773535e-08	0.816952562237
skeletal_muscle_ENTEX__H3K36me3	-3.83926796669e-08	4.05222987865e-08	0.828294155469
Brain_Hippocampus_Middle__H3K4me3	-1.25552070012e-07	1.30566643838e-07	0.831873146455
HMEC_Mammary_Epithelial_Primary_Cells__H3K4me1	-6.00228420252e-08	6.24015530549e-08	0.831945202565
Small_Intestine__H3K4me1	-1.15632931946e-07	1.16801453954e-07	0.838911878682
Primary_T_helper_memory_cells_from_peripheral_blood_1__H3K4me3	-1.64427944951e-07	1.64832554993e-07	0.840750058047
Foreskin_Keratinocyte_Primary_Cells_skin03__H3K27ac	-6.63453555881e-08	6.65019306393e-08	0.840774368952
Primary_hematopoietic_stem_cells_G-CSF-mobilized_Female__H3K4me1	-4.28002863199e-08	4.2124257377e-08	0.845196841824
SI-Term-Ileum_ENTEX__H3K4me1	-8.47855247434e-08	8.16515020443e-08	0.850454089885
Esoph-GJ_ENTEX__H3K4me3	-2.28481634903e-07	2.19688109974e-07	0.850836394507
Primary_T_killer_memory_cells_from_peripheral_blood__H3K4me3	-2.05388285285e-07	1.96187089799e-07	0.852427173717
Heart-LV_ENTEX__H3K4me3	-1.985939299e-07	1.88968991611e-07	0.853355538141
Brain_Hippocampus_Middle__H3K27ac	-4.82697974728e-08	4.56809339743e-08	0.854669513912
Gastric__DNase	-1.78576144633e-07	1.67857795253e-07	0.856302520815
Brain_Hippocampus_Middle__H3K4me1	-4.36898594959e-08	4.10198095351e-08	0.856582787103
Primary_T_helper_cells_from_peripheral_blood__H3K27ac	-1.01422470525e-07	9.41856496557e-08	0.859223164684
Pancreatic_Islets__H3K4me1	-5.99811880398e-08	5.52487116743e-08	0.861184764321
Primary_T_cells_from_peripheral_blood__H3K4me3	-2.2649391102e-07	2.08392645071e-07	0.861450954627
Breast_variant_Human_Mammary_Epithelial_Cells_(vHMEC)__H3K4me1	-6.23089367426e-08	5.72152917524e-08	0.861928776069
Stomach_ENTEX__H3K36me3	-5.48578340586e-08	4.964787424e-08	0.865406821234
Primary_B_cells_from_peripheral_blood__DNase	-1.19048135479e-07	1.07598816347e-07	0.865724905774
Brain_Substantia_Nigra__H3K27ac	-4.62369881937e-08	4.1731702712e-08	0.866060096606
Primary_T_helper_memory_cells_from_peripheral_blood_1__H3K27ac	-1.13276588921e-07	1.00751322859e-07	0.869561060368
Brain_Anterior_Caudate__H3K36me3	-8.39244062858e-08	7.43582068143e-08	0.870477291167
Fetal_Intestine_Small__H3K27ac	-6.25733654918e-08	5.47355626334e-08	0.873520968644
Primary_T_helper_memory_cells_from_peripheral_blood_2__H3K27ac	-1.06121631481e-07	9.27065628728e-08	0.873834232965
Fetal_Stomach__DNase	-1.68712318076e-07	1.45914427629e-07	0.876208807317
Primary_T_killer_memory_cells_from_peripheral_blood__H3K27ac	-1.23558507782e-07	1.06749294383e-07	0.876458661668
Primary_T_cells_from_cord_blood__H3K4me1	-1.30004026982e-07	1.10575769282e-07	0.880142782471
Primary_B_cells_from_peripheral_blood__H3K4me3	-2.8948441251e-07	2.43737166045e-07	0.882522393575
Brain_Inferior_Temporal_Lobe__H3K36me3	-8.15562672515e-08	6.80629374295e-08	0.884589725515
Primary_Natural_Killer_cells_from_peripheral_blood__H3K27ac	-8.55097057322e-08	7.10419885484e-08	0.885637601478
Primary_hematopoietic_stem_cells_G-CSF-mobilized_Male__DNase	-2.11151138567e-07	1.72687582411e-07	0.889285084845
Brain_Cingulate_Gyrus__H3K4me1	-6.51741741317e-08	5.27802408187e-08	0.891551520998
Brain_Substantia_Nigra__H3K4me3	-2.00911365991e-07	1.61672786386e-07	0.893011475631
Primary_T_cells_from_cord_blood__H3K4me3	-2.73462749595e-07	2.20019993106e-07	0.89304757353
Brain_Cingulate_Gyrus__H3K9ac	-1.67600551102e-07	1.33608071327e-07	0.895155190031
Primary_T_helper_cells_PMA-I_stimulated__H3K4me3	-1.29567657691e-07	1.02301212139e-07	0.89733848302
Vagina_ENTEX__H3K36me3	-2.25873204781e-07	1.77285342076e-07	0.898679964775
Primary_hematopoietic_stem_cells_G-CSF-mobilized_Male__H3K36me3	-5.13482391495e-08	4.01316319118e-08	0.899638673948
Primary_T_cells_effector_memory_enriched_from_peripheral_blood__H3K27ac	-1.06908428995e-07	8.28058002205e-08	0.901661018433
Heart-Atrial_ENTEX__H3K27ac	-5.3754663066e-08	4.11091744173e-08	0.904496757025
Primary_T_regulatory_cells_from_peripheral_blood__H3K4me1	-7.66118314998e-08	5.84742593635e-08	0.904932601285
Primary_monocytes_from_peripheral_blood__H3K27ac	-1.05660193079e-07	7.85688502834e-08	0.910656735994
Primary_T_cells_effector_memory_enriched_from_peripheral_blood__H3K4me1	-1.1522731524e-07	8.566558848e-08	0.910700762084
Primary_B_cells_from_cord_blood__H3K36me3	-2.10753101409e-07	1.55984719777e-07	0.911670503009
Brain_Anterior_Caudate__H3K27ac	-7.0264270615e-08	5.14903232452e-08	0.913812355049
Brain_Dorsolateral_Prefrontal_Cortex__H3K4me3	-2.38715284895e-07	1.71416592256e-07	0.918130083752
HMEC_Mammary_Epithelial_Primary_Cells__DNase	-1.44010290066e-07	1.02979855902e-07	0.919008258181
Primary_B_cells_from_peripheral_blood__H3K27ac	-1.04458319674e-07	7.38104035652e-08	0.921498714319
Right_Atrium__H3K36me3	-1.85637087739e-07	1.28709527634e-07	0.92539039257
Brain_Cingulate_Gyrus__H3K27ac	-6.91226265503e-08	4.77601840781e-08	0.926091524392
Breast_variant_Human_Mammary_Epithelial_Cells_(vHMEC)__H3K36me3	-6.40775199899e-08	4.42264102677e-08	0.92631053143
Esoph-Muscularis_ENTEX__H3K4me1	-7.34610664824e-08	5.04583205253e-08	0.927286572974
Skeletal_Muscle_Female__H3K4me3	-1.83946036315e-07	1.26306868116e-07	0.927350992851
Lung__H3K4me3	-3.2129261265e-07	2.18496273189e-07	0.929282993897
Primary_T_cells_from_cord_blood__DNase	-2.4529710577e-07	1.65271082307e-07	0.931123481582
HMEC_Mammary_Epithelial_Primary_Cells__H3K27ac	-9.87787523255e-08	6.64604500137e-08	0.931397292997
Duodenum_Mucosa__H3K4me3	-1.79925206162e-07	1.20798135612e-07	0.931818183995
skeletal_muscle_ENTEX__H3K4me1	-4.04455091959e-08	2.64883816887e-08	0.93660893422
Primary_mononuclear_cells_from_peripheral_blood__H3K36me3	-7.75096678409e-08	4.973071748e-08	0.940452962101
Primary_T_killer_naive_cells_from_peripheral_blood__H3K4me1	-9.00644179431e-08	5.7518098734e-08	0.941307526718
Ovary_ENTEX__H3K36me3	-3.03000764641e-07	1.92779759843e-07	0.941995234122
Breast_variant_Human_Mammary_Epithelial_Cells_(vHMEC)__DNase	-1.69760992519e-07	1.07144843203e-07	0.943449385054
Brain_Inferior_Temporal_Lobe__H3K27ac	-7.34828513173e-08	4.63678222159e-08	0.943491968401
Prostate_ENTEX__H3K36me3	-4.61486927525e-07	2.90294933563e-07	0.944050748081
Primary_T_helper_memory_cells_from_peripheral_blood_2__H3K36me3	-1.69235229208e-07	1.05962093761e-07	0.944881623812
SI-Term-Ileum_ENTEX__H3K36me3	-2.08894194411e-07	1.30612143754e-07	0.94512828517
Primary_T_helper_17_cells_PMA-I_stimulated__H3K27ac	-1.42463005336e-07	8.81445797825e-08	0.946979040295
skeletal_muscle_ENTEX__H3K27ac	-3.97544138093e-08	2.4389557286e-08	0.948446805314
Testis_ENTEX__H3K36me3	-3.61984613258e-07	2.21400714854e-07	0.94897284603
Primary_B_cells_from_peripheral_blood__H3K4me1	-7.1769389474e-08	4.37386451895e-08	0.949587700248
Primary_T_cells_from_peripheral_blood__H3K4me1	-1.06182248996e-07	6.4678759936e-08	0.949672507745
Primary_T_regulatory_cells_from_peripheral_blood__H3K27ac	-9.27202422691e-08	5.60047882452e-08	0.951096249792
Primary_B_cells_from_peripheral_blood__H3K36me3	-6.24082869482e-08	3.7470511544e-08	0.952096537005
Brain_Anterior_Caudate__H3K4me1	-9.17654431327e-08	5.50050683615e-08	0.952372785427
Primary_T_helper_naive_cells_from_peripheral_blood_1__H3K4me3	-2.75578955386e-07	1.65074956197e-07	0.952482626905
Brain_Dorsolateral_Prefrontal_Cortex__H3K4me1	-1.18522292212e-07	6.90286982735e-08	0.95701043687
Fetal_Intestine_Large__DNase	-2.04455526363e-07	1.17976985929e-07	0.958453227528
Primary_Natural_Killer_cells_from_peripheral_blood__DNase	-2.26009353631e-07	1.30219474087e-07	0.958683002146
Primary_T_helper_naive_cells_from_peripheral_blood_2__H3K27ac	-1.26042498952e-07	7.24003905385e-08	0.959150243591
Small_Intestine__DNase	-2.11876733919e-07	1.21675595212e-07	0.959186671009
Primary_hematopoietic_stem_cells_G-CSF-mobilized_Female__DNase	-2.51316555939e-07	1.42986764349e-07	0.960594000766
Prostate_ENTEX__H3K27ac	-1.17304052988e-07	6.59120832534e-08	0.962437860284
Heart-LV_ENTEX__H3K4me1	-1.29425266866e-07	7.1977717032e-08	0.963921767405
Brain_Anterior_Caudate__H3K4me3	-2.281524234e-07	1.26225471835e-07	0.964657750492
Brain_Angular_Gyrus__H3K27ac	-1.03067570614e-07	5.66511603006e-08	0.965570009109
Primary_Natural_Killer_cells_from_peripheral_blood__H3K36me3	-8.8217060108e-08	4.81804614691e-08	0.966447614323
Liver__H3K36me3	-8.3331764877e-08	4.54946290133e-08	0.96650071169
Primary_T_killer_naive_cells_from_peripheral_blood__H3K36me3	-1.52703218872e-07	8.28377104867e-08	0.967364846425
Foreskin_Keratinocyte_Primary_Cells_skin02__DNase	-1.77447751916e-07	9.59897397364e-08	0.967743045941
Brain_Angular_Gyrus__H3K9ac	-2.32485785715e-07	1.24674911096e-07	0.968890785753
Brain_Anterior_Caudate__H3K9ac	-1.98813845356e-07	1.06488757163e-07	0.969048770518
Primary_T_helper_17_cells_PMA-I_stimulated__H3K4me1	-1.06131162806e-07	5.47964220085e-08	0.973616722907
Heart-LV_ENTEX__H3K27ac	-9.85426802439e-08	5.07776218815e-08	0.973850928262
Spleen_ENTEX__H3K36me3	-6.71504082237e-08	3.43285219327e-08	0.974773975383
Primary_T_killer_memory_cells_from_peripheral_blood__H3K4me1	-1.42858909014e-07	7.14148825184e-08	0.977271892446
Primary_hematopoietic_stem_cells_G-CSF-mobilized_Female__H3K27ac	-1.40913666029e-07	6.91271897238e-08	0.979248497687
Brain_Substantia_Nigra__H3K4me1	-9.55406129845e-08	4.68418195316e-08	0.97930707721
skeletal_muscle_ENTEX__H3K4me3	-1.90232829004e-07	9.22434903516e-08	0.980409933405
Fetal_Intestine_Small__DNase	-3.18245235079e-07	1.53677091785e-07	0.980814513424
Primary_T_helper_naive_cells_from_peripheral_blood_2__H3K4me1	-1.13382210545e-07	5.43340162125e-08	0.981545214935
Primary_T_helper_memory_cells_from_peripheral_blood_2__H3K4me1	-9.85817763354e-08	4.71711470885e-08	0.981685461557
Primary_T_helper_memory_cells_from_peripheral_blood_1__H3K36me3	-1.47151381672e-07	6.99679355449e-08	0.982272619919
Brain_Inferior_Temporal_Lobe__H3K9ac	-2.22134611346e-07	1.05231642408e-07	0.982610010555
Primary_T_helper_naive_cells_from_peripheral_blood_1__H3K4me1	-1.34066175413e-07	6.30961869458e-08	0.983197948945
Stomach_Mucosa__H3K4me3	-4.4085214439e-07	1.98748111567e-07	0.986727528776
Primary_T_cells_from_cord_blood__H3K36me3	-2.17594399682e-07	9.68500201624e-08	0.987670878692
Primary_T_helper_17_cells_PMA-I_stimulated__H3K36me3	-1.24636973956e-07	5.43883140291e-08	0.989036011113
Primary_T_helper_memory_cells_from_peripheral_blood_1__H3K4me1	-1.12754684159e-07	4.89422390475e-08	0.989383954908
HMEC_Mammary_Epithelial_Primary_Cells__H3K36me3	-1.90289165677e-07	8.19968301704e-08	0.989848190444
NHEK-Epidermal_Keratinocyte_Primary_Cells__DNase	-2.15791241163e-07	9.24387812186e-08	0.990213215036
Brain_Angular_Gyrus__H3K4me1	-1.36773268551e-07	5.84881273291e-08	0.990318797989
Primary_T_helper_cells_from_peripheral_blood__H3K4me1	-1.22251219207e-07	5.14258963985e-08	0.991278412395
Brain_Substantia_Nigra__H3K9ac	-2.8695074103e-07	1.20098826874e-07	0.991559478857
Primary_T_cells_from_peripheral_blood__H3K27ac	-1.72199024666e-07	7.19481421729e-08	0.991652959882
Primary_T_helper_naive_cells_from_peripheral_blood_1__H3K36me3	-1.85885090489e-07	7.65450476206e-08	0.992418042597
Primary_T_helper_cells_PMA-I_stimulated__H3K4me1	-1.12840834556e-07	4.4395580443e-08	0.994484468242
Primary_T_regulatory_cells_from_peripheral_blood__H3K36me3	-1.06769663064e-07	4.13375210113e-08	0.995100963851
Brain_Inferior_Temporal_Lobe__H3K4me1	-1.72772492628e-07	6.48505326769e-08	0.996141010465
Primary_T_helper_cells_PMA-I_stimulated__H3K27ac	-1.22228126908e-07	4.43103411579e-08	0.997096243955
Primary_T_cells_from_peripheral_blood__H3K36me3	-1.40079380764e-07	4.74548598851e-08	0.998420591656
Primary_T_cells_effector_memory_enriched_from_peripheral_blood__H3K36me3	-1.63052271918e-07	5.39982549928e-08	0.998734389941
Primary_T_helper_cells_from_peripheral_blood__H3K36me3	-1.36392992786e-07	4.48144970625e-08	0.998830788949
Primary_T_helper_cells_PMA-I_stimulated__H3K36me3	-1.49045793349e-07	4.85891222027e-08	0.998920613176
Primary_T_helper_naive_cells_from_peripheral_blood_2__H3K36me3	-1.82926760725e-07	5.48050733928e-08	0.999577732731
Primary_T_killer_memory_cells_from_peripheral_blood__H3K36me3	-3.16082318854e-07	8.51659098008e-08	0.999896930291
