Name	Coefficient	Coefficient_std_error	Coefficient_P_value
Fetal_Brain_Female__H3K4me3	1.00992483681e-06	2.13952893424e-07	1.1774042864e-06
Fetal_Brain_Female__H3K4me1	3.79201601384e-07	9.26681351748e-08	2.13798574155e-05
Fetal_Brain_Female__DNase	4.98494019938e-07	1.24159377809e-07	2.97288681883e-05
Fetal_Brain_Male__H3K4me1	2.38191764522e-07	6.08324211994e-08	4.510108669e-05
Cortex_derived_primary_cultured_neurospheres__H3K4me3	1.06545530335e-06	2.74183092538e-07	5.09702062552e-05
Fetal_Brain_Male__DNase	4.53066930687e-07	1.18704500064e-07	6.76069982132e-05
Ganglion_Eminence_derived_primary_cultured_neurospheres__H3K4me3	6.63707753536e-07	1.7475014994e-07	7.29229107072e-05
Brain_Germinal_Matrix__H3K4me3	8.42281033443e-07	2.33613387636e-07	0.00015580715482
Ganglion_Eminence_derived_primary_cultured_neurospheres__H3K4me1	2.92512532866e-07	8.16442612689e-08	0.000169985578097
Brain_Cingulate_Gyrus__H3K9ac	4.69591540117e-07	1.39172345979e-07	0.000370189418253
Brain_Cingulate_Gyrus__H3K4me3	5.44558047833e-07	1.61665608633e-07	0.00037799845735
Brain_Dorsolateral_Prefrontal_Cortex__H3K4me3	6.14671689623e-07	1.82923782357e-07	0.000389344065588
Brain_Angular_Gyrus__H3K4me3	6.10779954292e-07	1.84135831907e-07	0.000454935703419
Brain_Inferior_Temporal_Lobe__H3K4me3	4.73924933499e-07	1.43988449632e-07	0.000498433644412
Brain_Dorsolateral_Prefrontal_Cortex__H3K27ac	2.10826153253e-07	6.48147864123e-08	0.000571474472765
Brain_Inferior_Temporal_Lobe__H3K27ac	1.43618290511e-07	4.5695120675e-08	0.000836221332822
Cortex_derived_primary_cultured_neurospheres__H3K4me1	1.90228562131e-07	6.15826000189e-08	0.00100416209802
Cortex_derived_primary_cultured_neurospheres__H3K36me3	3.00071527791e-07	1.00587205762e-07	0.00142626803589
Brain_Hippocampus_Middle__H3K4me3	3.6191619122e-07	1.23734574285e-07	0.00172261386426
Fetal_Stomach__H3K4me1	1.55537858177e-07	5.41408959216e-08	0.00203403291315
Fetal_Brain_Female__H3K36me3	3.4987336938e-07	1.24647057409e-07	0.00250094219216
Aorta_ENTEX__H3K4me1	9.11536361661e-08	3.28012838318e-08	0.00272661581629
Ganglion_Eminence_derived_primary_cultured_neurospheres__H3K36me3	2.26455273393e-07	8.25754412246e-08	0.00304955779336
Fetal_Intestine_Large__H3K36me3	1.65127722637e-07	6.04775810814e-08	0.00316291806078
Brain_Anterior_Caudate__H3K4me3	3.90919541487e-07	1.43178520415e-07	0.00316388752316
Brain_Cingulate_Gyrus__H3K27ac	1.49856268168e-07	5.58736009816e-08	0.00365853282009
Brain_Anterior_Caudate__H3K27ac	1.40631792504e-07	5.25846505847e-08	0.00374328170846
Brain_Dorsolateral_Prefrontal_Cortex__H3K4me1	2.13328887927e-07	7.98882619426e-08	0.00378871436698
Brain_Dorsolateral_Prefrontal_Cortex__H3K9ac	4.82610612518e-07	1.85934460786e-07	0.00472136063215
Artery-Coronary_ENTEX__H3K4me3	3.04216334923e-07	1.18625276606e-07	0.00516600143962
Brain_Angular_Gyrus__H3K27ac	1.55836942599e-07	6.07721842695e-08	0.00516949377063
Nerve-Tibial_ENTEX__H3K4me1	1.26777474461e-07	4.97012174211e-08	0.00537392034968
Brain_Germinal_Matrix__H3K36me3	4.31932718019e-07	1.71946335444e-07	0.00600210590788
Brain_Dorsolateral_Prefrontal_Cortex__H3K36me3	2.62691219495e-07	1.05629416764e-07	0.00644283679472
Brain_Angular_Gyrus__H3K9ac	3.37129615531e-07	1.38184844713e-07	0.00734972435054
Brain_Germinal_Matrix__H3K4me1	2.42604394473e-07	1.02157394662e-07	0.00877899462562
Colon_Smooth_Muscle__H3K4me3	3.59313828658e-07	1.52212899746e-07	0.00912268993415
Aorta_ENTEX__H3K27ac	7.40809955283e-08	3.27728333335e-08	0.0118970045018
Fetal_Muscle_Trunk__H3K27ac	1.78624359422e-07	8.01328350882e-08	0.0129035194033
Fetal_Heart__DNase	2.18395113386e-07	9.87684101667e-08	0.0135115541652
Brain_Inferior_Temporal_Lobe__H3K9ac	2.45677800185e-07	1.12766300731e-07	0.0146790045059
Brain_Angular_Gyrus__H3K4me1	1.47017064117e-07	6.78259711566e-08	0.0150959765183
Colonic_Mucosa__H3K36me3	2.02117591774e-07	9.40503921976e-08	0.0158158097703
Brain_Cingulate_Gyrus__H3K36me3	1.79886764846e-07	8.40937524185e-08	0.0162129094817
Artery-Coronary_ENTEX__H3K27ac	1.12396412733e-07	5.27562369685e-08	0.016565764234
Pancreatic_Islets__H3K36me3	2.11724965153e-07	9.96838975876e-08	0.0168365957449
Brain_Substantia_Nigra__H3K4me3	3.30306555502e-07	1.57164053353e-07	0.0177912139111
Colon_Smooth_Muscle__H3K27ac	1.1726401418e-07	5.5941529935e-08	0.0180327185472
Fetal_Muscle_Leg__H3K4me1	1.11552191744e-07	5.36693356585e-08	0.0188312560831
Brain_Hippocampus_Middle__H3K27ac	1.03547341087e-07	4.98604827904e-08	0.0189127053265
Brain_Inferior_Temporal_Lobe__H3K4me1	1.52655602669e-07	7.35139636677e-08	0.0189214419009
Fetal_Muscle_Leg__H3K27ac	1.3984907021e-07	6.76446542563e-08	0.0193478828216
Brain_Cingulate_Gyrus__H3K4me1	1.22902455709e-07	6.15850348524e-08	0.0229857681047
Rectal_Smooth_Muscle__H3K4me1	1.87476762806e-07	9.39432819821e-08	0.0229866819956
Brain_Anterior_Caudate__H3K4me1	1.25791092223e-07	6.34620731362e-08	0.0237314531382
Nerve-Tibial_ENTEX__H3K4me3	3.61386646012e-07	1.83236942957e-07	0.0242912890201
Fetal_Muscle_Leg__DNase	1.65350225844e-07	8.39995355482e-08	0.024507224881
Fetal_Stomach__H3K4me3	5.23749761217e-07	2.69392796825e-07	0.0259364999303
Foreskin_Melanocyte_Primary_Cells_skin01__H3K4me1	2.3869140396e-07	1.23498675503e-07	0.0266338311327
Fetal_Brain_Male__H3K4me3	8.18004401524e-07	4.23293803062e-07	0.0266504947358
Fetal_Stomach__H3K36me3	1.04995881095e-07	5.46216210717e-08	0.0272877642492
Brain_Anterior_Caudate__H3K36me3	1.54558436629e-07	8.15617952257e-08	0.0290471472788
Aorta__H3K4me1	3.18890139233e-07	1.69540464453e-07	0.0299921679107
Fetal_Adrenal_Gland__H3K4me1	1.00043902444e-07	5.3737002929e-08	0.0313204319091
Fetal_Adrenal_Gland__H3K27ac	8.54844648888e-08	4.74079747513e-08	0.035681046568
Rectal_Smooth_Muscle__H3K27ac	1.24240412702e-07	6.90304685162e-08	0.0359468265285
Fetal_Heart__H3K9ac	1.32635085711e-07	7.37183977859e-08	0.0359925118446
Left_Ventricle__H3K4me3	4.55273218445e-07	2.55395518351e-07	0.0373240719737
Fetal_Muscle_Trunk__DNase	1.79164618475e-07	1.01209659917e-07	0.0383442175849
Testis_ENTEX__H3K27ac	7.90968069899e-08	4.46978936663e-08	0.0383979915455
Aorta_ENTEX__H3K4me3	1.50680429969e-07	8.51744460222e-08	0.0384402419397
Fetal_Lung__H3K4me1	9.64967831252e-08	5.47237771459e-08	0.0389213381515
Brain_Substantia_Nigra__H3K27ac	8.70426662313e-08	4.95061347464e-08	0.0393550589329
Aorta__H3K4me3	5.1286303029e-07	2.93613832388e-07	0.0403424049833
Foreskin_Melanocyte_Primary_Cells_skin03__H3K27ac	1.3464668776e-07	7.76132514709e-08	0.0413844437335
Fetal_Intestine_Small__H3K36me3	7.90026563073e-08	4.62686333637e-08	0.0438666563689
Nerve-Tibial_ENTEX__H3K27ac	5.78767577681e-08	3.41358534266e-08	0.0449919201516
Colon_Smooth_Muscle__H3K4me1	1.15697683778e-07	6.91135516723e-08	0.0470630272777
Right_Atrium__H3K4me1	1.88456519729e-07	1.14204700261e-07	0.0494546677667
Brain_Anterior_Caudate__H3K9ac	1.94695299456e-07	1.17993102798e-07	0.04946567887
NHDF-Ad_Adult_Dermal_Fibroblast_Primary_Cells__DNase	1.74506538574e-07	1.0696827222e-07	0.0514044516674
Brain_Hippocampus_Middle__H3K36me3	1.19318577661e-07	7.3926634876e-08	0.053262262301
Pancreatic_Islets__H3K4me1	1.0878530866e-07	6.8412105432e-08	0.0559008296191
Colon_Smooth_Muscle__H3K9ac	2.32696114034e-07	1.47565646251e-07	0.0574093880032
Brain_Substantia_Nigra__H3K36me3	2.09589740221e-07	1.34373704361e-07	0.0594091735364
Foreskin_Melanocyte_Primary_Cells_skin01__H3K4me3	3.62959370642e-07	2.37511973906e-07	0.0632348031473
Aorta__H3K27ac	1.15593412929e-07	7.71919505711e-08	0.0671341847395
Duodenum_Smooth_Muscle__H3K27ac	1.64969723439e-07	1.1038723e-07	0.0675272133973
Right_Atrium__H3K27ac	1.44799614391e-07	9.83464826397e-08	0.070464331876
Foreskin_Melanocyte_Primary_Cells_skin03__H3K4me1	6.50087313346e-08	4.42101254074e-08	0.0707201046326
Right_Ventricle__H3K27ac	8.47809240644e-08	5.80644905291e-08	0.0721290213056
Fetal_Adrenal_Gland__H3K36me3	7.57261021093e-08	5.25952779613e-08	0.0749635536052
Brain_Inferior_Temporal_Lobe__H3K36me3	1.28828237855e-07	9.01848774506e-08	0.0765753680457
Stomach_Smooth_Muscle__H3K4me1	1.10894934514e-07	7.83407945814e-08	0.0784543550875
Fetal_Heart__H3K4me1	6.72883590162e-08	4.75769153523e-08	0.0786359079472
Brain_Substantia_Nigra__H3K9ac	1.86603720646e-07	1.32747400488e-07	0.0799058304834
Right_Ventricle__H3K4me1	1.13281765377e-07	8.0961116599e-08	0.0808747104986
Fetal_Heart__H3K36me3	2.25563516732e-07	1.64017612955e-07	0.0845285872481
Duodenum_Mucosa__H3K36me3	9.15757048936e-08	6.79928714035e-08	0.089015443924
Fetal_Brain_Male__H3K36me3	3.44964479093e-07	2.58165512702e-07	0.0907396006641
Small_Intestine__H3K36me3	2.4267445494e-07	1.82780218678e-07	0.0921411855986
Fetal_Stomach__H3K27ac	8.93990120575e-08	6.77332775565e-08	0.0934394813392
Fetal_Muscle_Trunk__H3K4me1	6.29737193289e-08	4.84068571759e-08	0.0966419626001
Brain_Hippocampus_Middle__H3K4me1	5.65668897569e-08	4.40520084406e-08	0.0995546525983
Stomach_Smooth_Muscle__H3K4me3	1.67271135155e-07	1.32907015105e-07	0.104095083324
Foreskin_Melanocyte_Primary_Cells_skin01__H3K27ac	2.16880810829e-07	1.72621689636e-07	0.104486624469
Fetal_Muscle_Trunk__H3K36me3	9.28762435772e-08	7.40120626929e-08	0.104761196174
Fetal_Kidney__H3K36me3	3.0708402792e-07	2.45290131673e-07	0.105299206328
Right_Atrium__H3K4me3	2.50569019044e-07	2.03743571313e-07	0.10938124728
Foreskin_Melanocyte_Primary_Cells_skin01__DNase	1.04567486523e-07	8.68263386407e-08	0.114231201208
NHLF_Lung_Fibroblast_Primary_Cells__DNase	1.34002184629e-07	1.13207998472e-07	0.11826963284
Colon-Sigm_ENTEX__H3K36me3	9.2205207812e-08	7.9593074581e-08	0.123338658003
Fetal_Muscle_Leg__H3K36me3	7.66595605712e-08	6.63808203761e-08	0.124076946418
Stomach_Smooth_Muscle__H3K27ac	7.88771062257e-08	6.83119885924e-08	0.12411488646
Left_Ventricle__H3K27ac	5.80947593485e-08	5.04504806264e-08	0.124759096823
Esoph-GJ_ENTEX__H3K27ac	8.99854336172e-08	7.90377695014e-08	0.127453416178
Fetal_Adrenal_Gland__DNase	1.52897895357e-07	1.35572695044e-07	0.129703739207
Aorta_ENTEX__H3K36me3	5.45510134105e-08	4.85396745909e-08	0.130539643584
Heart-LV_ENTEX__H3K4me1	9.58235892921e-08	8.56877471722e-08	0.131721980563
Colon-Sigm_ENTEX__H3K4me3	3.13806804971e-07	2.8103757005e-07	0.132082502323
Foreskin_Melanocyte_Primary_Cells_skin01__H3K36me3	9.76672664824e-08	8.76834557593e-08	0.132669204004
HMEC_Mammary_Epithelial_Primary_Cells__H3K36me3	8.5104140394e-08	7.74122690097e-08	0.135805005037
Fetal_Kidney__H3K4me1	2.17203302372e-07	2.00442056716e-07	0.139266348929
Adrenal_gland_ENTEX__H3K27ac	5.18988706775e-08	4.80934155564e-08	0.140265709166
Primary_hematopoietic_stem_cells__H3K4me3	2.5982010886e-07	2.4759903585e-07	0.147006616316
Placenta_Amnion__H3K36me3	6.80455385894e-08	6.50079943786e-08	0.147613052911
Stomach_Smooth_Muscle__H3K9ac	2.00888044695e-07	2.01162609972e-07	0.158985743274
Esoph-Mucosa_ENTEX__H3K36me3	8.33156580649e-08	8.36974856722e-08	0.15976164136
Foreskin_Melanocyte_Primary_Cells_skin03__H3K36me3	3.85640484965e-08	3.91528343554e-08	0.162321403184
Esoph-Muscularis_ENTEX__H3K27ac	7.11163365919e-08	7.40551777267e-08	0.168448220382
Artery-Tibial_ENTEX__H3K4me1	1.29465207717e-07	1.36575611766e-07	0.171580517629
Thyroid_gland_ENTEX__H3K36me3	6.62294683749e-08	7.00398840174e-08	0.172177218008
Colon-Sigm_ENTEX__H3K27ac	7.04435812673e-08	7.45075586981e-08	0.172213189237
Placenta__H3K4me1	4.7142080252e-08	5.00817388532e-08	0.173274858025
Pancreatic_Islets__H3K9ac	1.99946725997e-07	2.22535598291e-07	0.184461329433
Right_Ventricle__H3K36me3	6.64386214747e-08	7.41726925887e-08	0.185198796024
Fetal_Muscle_Leg__H3K4me3	2.34071507142e-07	2.62007811504e-07	0.185827908468
Prostate_ENTEX__H3K4me3	2.22914191866e-07	2.50871907314e-07	0.187120387662
Heart-LV_ENTEX__H3K27ac	4.48545044148e-08	5.3556777035e-08	0.201152097507
Rectal_Smooth_Muscle__H3K36me3	1.46049014515e-07	1.74576707755e-07	0.201411716916
NHLF_Lung_Fibroblast_Primary_Cells__H3K36me3	1.19948560546e-07	1.44473785018e-07	0.203200289547
Foreskin_Fibroblast_Primary_Cells_skin02__H3K4me3	6.36229683959e-08	7.78673675223e-08	0.206944659134
Stomach_Smooth_Muscle__H3K36me3	6.92824758485e-08	8.71638497851e-08	0.213349413751
Rectal_Mucosa_Donor_31__H3K36me3	6.22724917377e-08	7.95162634821e-08	0.216771989975
Duodenum_Smooth_Muscle__H3K4me1	8.07136748087e-08	1.03284731003e-07	0.217263751543
Spleen_ENTEX__H3K4me1	1.07425507354e-07	1.38453205854e-07	0.21890473083
Heart-LV_ENTEX__H3K36me3	5.25476647859e-08	6.83126067121e-08	0.220880310773
Foreskin_Melanocyte_Primary_Cells_skin03__H3K4me3	1.46300254341e-07	1.91323320152e-07	0.222232401153
Right_Atrium__H3K36me3	1.31341185695e-07	1.7455461058e-07	0.225894430106
Fetal_Heart__H3K4me3	8.3450396929e-08	1.14722339843e-07	0.233486828784
Pancreatic_Islets__H3K27ac	1.01371924541e-07	1.40755287952e-07	0.235701005966
Skeletal_Muscle_Female__H3K4me3	8.23150752487e-08	1.149520727e-07	0.236970452452
Heart-Atrial_ENTEX__H3K27ac	3.35830070098e-08	4.72434497641e-08	0.238588591503
Testis_ENTEX__H3K4me3	8.63931261701e-08	1.24098067523e-07	0.243161755353
Vagina_ENTEX__H3K27ac	3.46662631979e-08	5.03683594831e-08	0.245646182456
Foreskin_Fibroblast_Primary_Cells_skin02__DNase	7.28818253788e-08	1.07007052751e-07	0.247906113724
Vagina_ENTEX__H3K36me3	1.22657918791e-07	1.82317297196e-07	0.250546270859
Fetal_Muscle_Trunk__H3K4me3	1.9488292459e-07	2.89781006329e-07	0.250627012459
Brain_Substantia_Nigra__H3K4me1	3.39414462541e-08	5.14151428283e-08	0.254580411666
Skin_tissue_ENTEX__H3K4me3	1.2236202695e-07	1.87827718361e-07	0.257375170281
Nerve-Tibial_ENTEX__H3K36me3	4.78766988169e-08	7.43670831996e-08	0.259856183186
Pancreas_ENTEX__H3K36me3	3.44042075241e-08	5.38488648077e-08	0.261442980367
NHDF-Ad_Adult_Dermal_Fibroblast_Primary_Cells__H3K36me3	1.03206437174e-07	1.62615507083e-07	0.262823329511
Pancreatic_Islets__H3K4me3	1.52995028455e-07	2.42862340939e-07	0.264358399962
Colon_Smooth_Muscle__H3K36me3	5.88740187654e-08	9.47917907896e-08	0.267270948894
Foreskin_Keratinocyte_Primary_Cells_skin02__H3K36me3	3.95310392902e-08	6.38807197607e-08	0.26801555274
Heart-Atrial_ENTEX__H3K4me3	1.25095309022e-07	2.07063764362e-07	0.27287559456
Breast_Myoepithelial_Primary_Cells__H3K36me3	2.86315302898e-08	4.74128299708e-08	0.272962621145
Fetal_Lung__DNase	6.58326631206e-08	1.09734590141e-07	0.27427768765
Osteoblast_Primary_Cells__H3K36me3	2.48030753584e-08	4.14312784708e-08	0.27470121719
Brain_Angular_Gyrus__H3K36me3	5.63133785033e-08	9.48879479754e-08	0.276432523295
Sigmoid_Colon__H3K36me3	6.13686027256e-08	1.06506754047e-07	0.282241871236
Foreskin_Fibroblast_Primary_Cells_skin02__H3K4me1	3.05501693778e-08	5.32480688265e-08	0.283074277922
Duodenum_Smooth_Muscle__H3K4me3	5.21593742384e-08	9.12987288593e-08	0.283896627433
Ovary__H3K4me1	4.70230504249e-08	8.23808677208e-08	0.284067401089
Esoph-GJ_ENTEX__H3K4me3	8.71091862116e-08	1.52630883926e-07	0.284095422289
Esoph-GJ_ENTEX__H3K4me1	3.20682158597e-08	5.82882030617e-08	0.291102594016
Psoas_Muscle__H3K27ac	4.42071811044e-08	8.38469264137e-08	0.299014595037
Placenta__H3K4me3	1.13997696122e-07	2.19659684577e-07	0.301889387027
Aorta__H3K36me3	9.63711700754e-08	1.86348755111e-07	0.30252401931
Fetal_Kidney__DNase	7.42408387443e-08	1.4361787452e-07	0.302601416519
Esoph-Muscularis_ENTEX__H3K4me3	9.00092261662e-08	1.7632310475e-07	0.304857993413
Rectal_Smooth_Muscle__H3K9ac	1.31672693137e-07	2.59260101921e-07	0.305769193598
Spleen__H3K4me3	6.50012082992e-08	1.29232585431e-07	0.307489704133
Artery-Tibial_ENTEX__H3K36me3	2.84181169086e-08	6.0465750028e-08	0.319182150066
Foreskin_Fibroblast_Primary_Cells_skin01__H3K4me3	4.97058086004e-08	1.07339755671e-07	0.321657136655
Placenta__H3K36me3	3.03284186346e-08	7.14794960551e-08	0.335675210732
Rectal_Smooth_Muscle__H3K4me3	7.65107895043e-08	1.84172687343e-07	0.338913713539
Adrenal_gland_ENTEX__H3K4me3	5.69230374912e-08	1.51024085117e-07	0.353118892634
Right_Ventricle__H3K4me3	7.3556860262e-08	2.00729070791e-07	0.357015229801
Foreskin_Keratinocyte_Primary_Cells_skin03__H3K36me3	1.17034439398e-08	3.23451263085e-08	0.358739456532
Heart-Atrial_ENTEX__H3K4me1	9.20804622435e-08	2.6340429602e-07	0.363327547735
Left_Ventricle__H3K4me1	2.36522105724e-08	7.11937320036e-08	0.369860357454
Colon-TV_ENTEX__H3K36me3	3.13780752611e-08	9.61154311787e-08	0.372037262745
HMEC_Mammary_Epithelial_Primary_Cells__H3K4me1	1.84932678634e-08	5.77936974675e-08	0.374488856636
Adipose_Nuclei__H3K27ac	1.59975207638e-08	5.05860897415e-08	0.375908856025
Breast_variant_Human_Mammary_Epithelial_Cells_(vHMEC)__DNase	3.53848767961e-08	1.13371257041e-07	0.377476540467
Uterus_ENTEX__H3K4me3	7.45560881999e-08	2.40310647783e-07	0.378185884519
NHLF_Lung_Fibroblast_Primary_Cells__H3K4me1	2.6931266607e-08	9.12939873449e-08	0.383998862978
Placenta_Amnion__H3K4me1	1.6926840226e-08	5.87055598572e-08	0.386545337512
Osteoblast_Primary_Cells__H3K4me1	1.21395224719e-08	4.46209033292e-08	0.392788291445
Skeletal_Muscle_Female__H3K4me1	1.06721360141e-08	4.0871557941e-08	0.39700229751
Esoph-Muscularis_ENTEX__H3K4me1	1.26713160743e-08	4.86440742231e-08	0.397242746085
Small_Intestine__H3K4me1	2.79113678478e-08	1.11130127329e-07	0.400845465078
Foreskin_Fibroblast_Primary_Cells_skin02__H3K36me3	1.3644966105e-08	5.67715805205e-08	0.4050300367
Breast_Myoepithelial_Primary_Cells__H3K4me3	3.69272965756e-08	1.55516710909e-07	0.406154217308
Stomach_Mucosa__H3K36me3	3.52914974575e-08	1.48632840656e-07	0.406157428545
Fetal_Intestine_Small__H3K4me3	4.77007283419e-08	2.01922376817e-07	0.406625937844
Fetal_Adrenal_Gland__H3K4me3	5.3241169227e-08	2.50950064789e-07	0.415991722191
Breast_variant_Human_Mammary_Epithelial_Cells_(vHMEC)__H3K4me3	4.41052822346e-08	2.10429250476e-07	0.416991217061
Primary_hematopoietic_stem_cells_G-CSF-mobilized_Female__H3K36me3	9.51230722692e-09	4.54122661128e-08	0.417042396406
Lung__H3K4me1	1.55964901088e-08	7.50888547153e-08	0.417728827155
Colon-TV_ENTEX__H3K4me1	2.49072801459e-08	1.29722125573e-07	0.423869194474
Primary_T_killer_memory_cells_from_peripheral_blood__H3K27ac	2.28891234531e-08	1.31106211257e-07	0.430703031059
Fetal_Lung__H3K36me3	9.79196618083e-09	6.05501785033e-08	0.435764534165
Primary_neutrophils_from_peripheral_blood__H3K4me3	1.26390185081e-08	8.04526311975e-08	0.437583458883
Osteoblast_Primary_Cells__H3K4me3	2.58940247803e-08	1.77669703429e-07	0.442062339083
Heart-Atrial_ENTEX__H3K36me3	6.91097128594e-09	5.42376694249e-08	0.449303939435
Skeletal_Muscle_Female__H3K27ac	5.36325042964e-09	4.2538931304e-08	0.449834839312
Fetal_Intestine_Large__H3K4me3	2.46600641022e-08	2.01981628567e-07	0.451413621619
Placenta__H3K27ac	5.05343307451e-09	4.21748611388e-08	0.452312482133
Heart-LV_ENTEX__H3K4me3	2.28669331028e-08	1.93632371776e-07	0.452996360024
Duodenum_Smooth_Muscle__H3K36me3	9.67021372977e-09	9.6065007194e-08	0.459908901396
Ovary__H3K4me3	2.13707949018e-08	2.14009791795e-07	0.460228149929
Thymus__H3K4me3	1.798657563e-08	1.93446008951e-07	0.46295979543
liver_ENTEX__H3K36me3	6.06098817247e-09	7.23410553699e-08	0.466614276017
Left_Ventricle__H3K36me3	6.77076160669e-09	9.60524767704e-08	0.4719017365
Lung_ENTEX__H3K36me3	3.09985708934e-09	4.80133756215e-08	0.474261225208
Placenta_Amnion__H3K4me3	1.46129074076e-08	2.80667860217e-07	0.479238542428
Adipose_Nuclei__H3K36me3	2.62607089324e-09	7.63722477289e-08	0.486285014097
Adipose_Nuclei__H3K4me1	1.57551958215e-09	5.62509087881e-08	0.48882757244
Pancreas__H3K4me3	3.75344917796e-09	2.53534402601e-07	0.49409407614
Foreskin_Fibroblast_Primary_Cells_skin01__H3K36me3	-4.79973117286e-10	4.38961924062e-08	0.504362058392
Small_Intestine__H3K27ac	-1.63658916801e-09	1.06480483831e-07	0.506131441988
NHLF_Lung_Fibroblast_Primary_Cells__H3K9ac	-6.85589874419e-09	2.5429579146e-07	0.510754313156
Ovary__H3K36me3	-2.88626453877e-09	8.31430955449e-08	0.513846269778
Esoph-Muscularis_ENTEX__H3K36me3	-1.91230300402e-09	5.4928213298e-08	0.51388620512
Primary_hematopoietic_stem_cells_G-CSF-mobilized_Female__H3K4me3	-6.59707836973e-09	1.59375234036e-07	0.516508851725
Primary_hematopoietic_stem_cells_short_term_culture__H3K36me3	-2.0052328633e-09	4.73845218037e-08	0.51687752529
NHEK-Epidermal_Keratinocyte_Primary_Cells__H3K36me3	-2.1227298226e-09	4.92415337985e-08	0.517192487623
liver_ENTEX__H3K4me1	-9.34599035847e-09	1.75972705435e-07	0.521178049123
Thymus__H3K4me1	-4.47526305001e-09	7.44830336056e-08	0.523955764225
Fetal_Thymus__H3K36me3	-2.68021145623e-09	4.07559810985e-08	0.526216507243
Foreskin_Fibroblast_Primary_Cells_skin01__DNase	-7.58897874605e-09	1.15008368559e-07	0.526305640698
Primary_monocytes_from_peripheral_blood__H3K4me1	-3.1267881051e-09	3.80130718497e-08	0.532778270362
Primary_T_killer_naive_cells_from_peripheral_blood__H3K9ac	-1.98553568874e-08	2.1804932524e-07	0.536277150906
Breast_Myoepithelial_Primary_Cells__H3K9ac	-1.24593889855e-08	1.33437618579e-07	0.537196136747
Small_Intestine__H3K4me3	-3.8934473205e-08	2.70602134265e-07	0.557202732933
Ovary__DNase	-1.77254004313e-08	1.21125293894e-07	0.558173260207
Ovary__H3K27ac	-1.34781955073e-08	8.91347266248e-08	0.560095559622
Esophagus__H3K36me3	-1.19962428791e-08	7.7941663726e-08	0.561160871528
Placenta__DNase	-1.37138747914e-08	8.47225229381e-08	0.564295142536
Stomach_ENTEX__H3K36me3	-8.72769865999e-09	5.29065650249e-08	0.565513990457
Lung__H3K36me3	-1.41073634061e-08	8.33418554894e-08	0.567208277026
Testis_ENTEX__H3K36me3	-6.11380970381e-08	3.34317709221e-07	0.57255165229
Foreskin_Keratinocyte_Primary_Cells_skin02__H3K4me1	-1.39473201709e-08	7.2577142743e-08	0.576196398644
Primary_hematopoietic_stem_cells__H3K4me1	-1.95188779448e-08	1.01026308301e-07	0.576601137481
Psoas_Muscle__H3K4me3	-4.54123353773e-08	2.30118223444e-07	0.578220629311
Gastric__H3K36me3	-1.50643276694e-08	7.54823980825e-08	0.579093136576
Ovary_ENTEX__H3K4me3	-4.8046127039e-08	2.33435922314e-07	0.581534819138
Foreskin_Fibroblast_Primary_Cells_skin02__H3K27ac	-1.66667588625e-08	7.57531105911e-08	0.587069946201
NHDF-Ad_Adult_Dermal_Fibroblast_Primary_Cells__H3K9ac	-4.49690347285e-08	1.77584298863e-07	0.59995337095
Colon-Sigm_ENTEX__H3K4me1	-8.62344059747e-08	3.19361607791e-07	0.606428029715
Skeletal_Muscle_Male__H3K4me1	-1.28457462186e-08	4.73576618023e-08	0.606900461566
Fetal_Thymus__H3K4me3	-4.35722593949e-08	1.60209121848e-07	0.607177899465
Prostate_ENTEX__H3K36me3	-1.12130183469e-07	4.08484718191e-07	0.608150859414
Spleen_ENTEX__H3K4me3	-2.01648205434e-08	7.13360288001e-08	0.611286517851
Fetal_Thymus__H3K4me1	-1.11984712536e-08	3.92795949759e-08	0.612214857272
Lung__H3K4me3	-7.61639443884e-08	2.57334479037e-07	0.616374481275
Uterus_ENTEX__H3K27ac	-1.27348112949e-08	4.30055516407e-08	0.616430844808
Fetal_Intestine_Large__H3K27ac	-1.5543270837e-08	5.18727643616e-08	0.617774966099
Primary_hematopoietic_stem_cells_G-CSF-mobilized_Male__H3K36me3	-1.23728216775e-08	4.12029540367e-08	0.61802189591
Thymus__H3K36me3	-2.58111992495e-08	8.55099532345e-08	0.618616882041
Fetal_Thymus__H3K27ac	-1.93720416895e-08	5.98970863772e-08	0.626812204069
Osteoblast_Primary_Cells__H3K27ac	-1.62362943583e-08	4.8996480561e-08	0.629820036706
HMEC_Mammary_Epithelial_Primary_Cells__H3K27ac	-2.39323869271e-08	7.07553848132e-08	0.632409288289
Breast_Myoepithelial_Primary_Cells__H3K4me1	-1.51768496083e-08	4.25801201487e-08	0.639240869894
Fetal_Kidney__H3K9ac	-9.06496269671e-08	2.46733525514e-07	0.643339255671
Primary_hematopoietic_stem_cells_G-CSF-mobilized_Female__H3K27ac	-3.00031994135e-08	7.61659422203e-08	0.653179518882
Esoph-Mucosa_ENTEX__H3K4me1	-2.29386660744e-08	5.73634981054e-08	0.655378514071
HMEC_Mammary_Epithelial_Primary_Cells__H3K4me3	-7.55338694515e-08	1.86164468323e-07	0.657532185145
NHDF-Ad_Adult_Dermal_Fibroblast_Primary_Cells__H3K27ac	-4.46695359067e-08	1.05745406801e-07	0.663642695279
Primary_B_cells_from_peripheral_blood__DNase	-5.10568072195e-08	1.18138236806e-07	0.66719416168
Mammary_ENTEX__H3K4me1	-6.49836111838e-08	1.48545800017e-07	0.669112978826
Psoas_Muscle__DNase	-4.68968910711e-08	1.04372558623e-07	0.673400319965
Primary_B_cells_from_peripheral_blood__H3K4me1	-2.02356212382e-08	4.42044736299e-08	0.676442286915
Primary_B_cells_from_peripheral_blood__H3K4me3	-1.02834232849e-07	2.21765305101e-07	0.678571334658
Fetal_Stomach__DNase	-7.54962498183e-08	1.62795239896e-07	0.678586471138
Foreskin_Fibroblast_Primary_Cells_skin01__H3K4me1	-2.09784876971e-08	4.49463067822e-08	0.679659023909
Skeletal_Muscle_Male__H3K36me3	-3.60313348836e-08	7.65127295944e-08	0.681150881982
Primary_B_cells_from_cord_blood__H3K4me1	-2.86686823532e-08	5.87875569734e-08	0.687106718165
Primary_Natural_Killer_cells_from_peripheral_blood__H3K4me1	-3.36688211912e-08	6.82749989667e-08	0.689041552066
Primary_hematopoietic_stem_cells__H3K36me3	-5.54949717429e-08	1.12017836152e-07	0.689845310314
NHDF-Ad_Adult_Dermal_Fibroblast_Primary_Cells__H3K4me1	-3.11261502274e-08	6.24071414699e-08	0.691025563765
Liver__H3K36me3	-2.50797443564e-08	5.00439048456e-08	0.691868917535
Primary_neutrophils_from_peripheral_blood__H3K36me3	-1.59079170569e-08	3.10295577752e-08	0.695908839476
Liver__H3K4me1	-2.26271713987e-08	4.29864953521e-08	0.700687410567
Vagina_ENTEX__H3K4me3	-1.24932341018e-07	2.36514029085e-07	0.701327996475
Adrenal_gland_ENTEX__H3K4me1	-2.56083421605e-08	4.83804216236e-08	0.701705515497
Primary_monocytes_from_peripheral_blood__H3K36me3	-1.74973433344e-08	3.28323290357e-08	0.702959089073
Adipose_Nuclei__H3K4me3	-5.14178900205e-08	9.50374632116e-08	0.705755718192
Adrenal_gland_ENTEX__H3K36me3	-3.16312995024e-08	5.72372120993e-08	0.709743391273
Psoas_Muscle__H3K4me1	-4.89119286833e-08	8.84939991129e-08	0.709770585838
Foreskin_Keratinocyte_Primary_Cells_skin03__H3K4me1	-2.79051142155e-08	4.76023689097e-08	0.721133712999
Skeletal_Muscle_Male__H3K9ac	-4.63205149514e-08	7.82085518356e-08	0.723164825089
Fetal_Intestine_Small__H3K27ac	-3.32625665527e-08	5.60127582264e-08	0.723690136403
Stomach_ENTEX__H3K4me1	-4.10209224244e-08	6.87711040019e-08	0.724574317845
HMEC_Mammary_Epithelial_Primary_Cells__H3K9ac	-6.97378717388e-08	1.16074418167e-07	0.726014434663
skeletal_muscle_ENTEX__H3K4me1	-1.54284382543e-08	2.48805674641e-08	0.732404002339
Primary_hematopoietic_stem_cells_short_term_culture__H3K4me3	-1.1992746402e-07	1.93260930557e-07	0.732551094234
Fetal_Kidney__H3K4me3	-1.63847048079e-07	2.61148594648e-07	0.734804502283
Foreskin_Keratinocyte_Primary_Cells_skin02__H3K4me3	-1.15747350007e-07	1.79947036759e-07	0.739962596757
Mammary_ENTEX__H3K36me3	-3.50532656868e-08	5.39592927606e-08	0.742032521084
skeletal_muscle_ENTEX__H3K4me3	-5.28957646415e-08	8.11178993381e-08	0.742826826996
Primary_B_cells_from_cord_blood__H3K4me3	-1.76127712722e-07	2.69193520629e-07	0.743534017706
Esoph-Mucosa_ENTEX__H3K4me3	-8.92972545028e-08	1.34271275971e-07	0.746991082527
Pancreas__H3K36me3	-5.45478709352e-08	8.17748589648e-08	0.747629711533
Rectal_Mucosa_Donor_29__H3K36me3	-5.73489126388e-08	8.52991364997e-08	0.749312228016
Spleen__H3K36me3	-4.33280703117e-08	6.3218151864e-08	0.753445990329
HMEC_Mammary_Epithelial_Primary_Cells__DNase	-7.2075927791e-08	1.03964282562e-07	0.755931776508
liver_ENTEX__H3K27ac	-2.60634589845e-08	3.63740455236e-08	0.763171014553
Duodenum_Mucosa__H3K9ac	-1.15093615696e-07	1.5476939152e-07	0.771454621416
Primary_monocytes_from_peripheral_blood__H3K27ac	-5.3334247975e-08	7.16005255842e-08	0.771829760068
Primary_hematopoietic_stem_cells_G-CSF-mobilized_Male__DNase	-1.16547694639e-07	1.56070038889e-07	0.772397387643
NHLF_Lung_Fibroblast_Primary_Cells__H3K27ac	-6.94140760202e-08	9.27603842211e-08	0.772865200157
Esoph-Mucosa_ENTEX__H3K27ac	-5.09150970389e-08	6.70726876729e-08	0.776104610623
SI-Term-Ileum_ENTEX__H3K27ac	-4.16881573024e-08	5.48202985573e-08	0.776507511036
Foreskin_Keratinocyte_Primary_Cells_skin02__DNase	-6.82685782269e-08	8.93263971471e-08	0.777643794462
Breast_variant_Human_Mammary_Epithelial_Cells_(vHMEC)__H3K4me1	-4.21626546446e-08	5.45539073049e-08	0.780198041144
Primary_monocytes_from_peripheral_blood__H3K4me3	-1.63203140726e-07	2.08640315173e-07	0.782958076621
Fetal_Intestine_Large__H3K4me1	-3.97335432667e-08	4.88025553838e-08	0.792226020316
Primary_T_helper_memory_cells_from_peripheral_blood_2__H3K27ac	-7.00526459457e-08	8.59858291566e-08	0.792377943123
Esophagus__H3K4me1	-7.5373201745e-08	8.85555287183e-08	0.802654359855
Primary_T_cells_from_peripheral_blood__H3K4me3	-1.94209683857e-07	2.23785625673e-07	0.807258505142
Primary_hematopoietic_stem_cells_G-CSF-mobilized_Female__H3K4me1	-3.53981911177e-08	4.0314114412e-08	0.810044284809
Breast_variant_Human_Mammary_Epithelial_Cells_(vHMEC)__H3K36me3	-3.86331043605e-08	4.20739384069e-08	0.820747979782
Skeletal_Muscle_Male__H3K4me3	-1.22116179398e-07	1.32513378805e-07	0.821615323002
skeletal_muscle_ENTEX__H3K27ac	-2.31851141711e-08	2.42845601285e-08	0.830141998674
Spleen_ENTEX__H3K27ac	-3.7383909943e-08	3.90823172538e-08	0.830600969106
Sigmoid_Colon__H3K4me1	-1.34240046756e-07	1.3919640054e-07	0.832575557219
Skeletal_Muscle_Female__H3K9ac	-1.0147865689e-07	1.01062770155e-07	0.842338438969
Foreskin_Keratinocyte_Primary_Cells_skin03__H3K4me3	-1.48762789491e-07	1.46944461924e-07	0.844320427345
Primary_neutrophils_from_peripheral_blood__H3K4me1	-3.60687287846e-08	3.44109957176e-08	0.852720895272
Gastric__H3K4me3	-2.29881930006e-07	2.16568399852e-07	0.855762942946
Sigmoid_Colon__H3K4me3	-2.62965195643e-07	2.47411953215e-07	0.856078127213
Primary_hematopoietic_stem_cells_short_term_culture__H3K4me1	-6.15462018934e-08	5.77576105717e-08	0.856696544842
Skeletal_Muscle_Female__H3K36me3	-6.23117217323e-08	5.81852158595e-08	0.857897338925
SI-Term-Ileum_ENTEX__H3K36me3	-1.70886775566e-07	1.59393892977e-07	0.858163261759
Liver__H3K4me3	-9.01782334011e-08	8.40927029835e-08	0.858222371378
Adipose_Nuclei__H3K9ac	-1.38726899215e-07	1.27391365995e-07	0.861919079094
Sigmoid_Colon__H3K27ac	-1.10556534075e-07	1.01478723496e-07	0.862023423769
NHEK-Epidermal_Keratinocyte_Primary_Cells__H3K4me1	-4.94441053866e-08	4.52302394809e-08	0.862839274031
Stomach_Mucosa__H3K4me1	-5.23519536666e-08	4.74434952674e-08	0.865086064796
Fetal_Lung__H3K4me3	-2.07927458645e-07	1.83675654863e-07	0.871190355922
Rectal_Mucosa_Donor_29__H3K4me1	-1.1709572351e-07	1.03167699342e-07	0.871813122111
Primary_mononuclear_cells_from_peripheral_blood__H3K4me3	-3.13727836145e-07	2.71483974639e-07	0.876078315784
Primary_Natural_Killer_cells_from_peripheral_blood__H3K4me3	-2.57870232496e-07	2.19409175186e-07	0.880061393129
Colonic_Mucosa__H3K4me3	-2.21239693355e-07	1.85810376283e-07	0.883109321276
Spleen__H3K4me1	-7.59223135565e-08	6.37531672785e-08	0.883149471976
Fetal_Lung__H3K9ac	-1.5318815679e-07	1.28601047844e-07	0.883210306465
Foreskin_Fibroblast_Primary_Cells_skin01__H3K27ac	-8.03387408319e-08	6.68120901551e-08	0.885406960091
SI-Term-Ileum_ENTEX__H3K4me3	-1.78299723284e-07	1.47193186939e-07	0.887115782736
NHLF_Lung_Fibroblast_Primary_Cells__H3K4me3	-3.25359153648e-07	2.67099040149e-07	0.888411147567
Spleen__H3K27ac	-8.65220020433e-08	7.06546472409e-08	0.889632537111
Duodenum_Mucosa__H3K4me1	-8.19345029708e-08	6.61506089858e-08	0.892254170453
Primary_B_cells_from_peripheral_blood__H3K27ac	-9.8838003252e-08	7.95611695227e-08	0.892935110774
NHEK-Epidermal_Keratinocyte_Primary_Cells__H3K4me3	-1.68844791857e-07	1.34910932371e-07	0.894629024004
liver_ENTEX__H3K4me3	-1.05755911229e-07	8.42344543868e-08	0.895350384966
NHEK-Epidermal_Keratinocyte_Primary_Cells__DNase	-1.14541853273e-07	9.10608847799e-08	0.895778821384
Ovary_ENTEX__H3K36me3	-2.75345223069e-07	2.18858122825e-07	0.895822053588
Colonic_Mucosa__H3K27ac	-1.25468845272e-07	9.92638580269e-08	0.896883772897
Stomach_ENTEX__H3K27ac	-7.53060703302e-08	5.86577670843e-08	0.900397694451
Pancreas_ENTEX__H3K4me3	-1.70697771039e-07	1.320332613e-07	0.901966653882
Prostate_ENTEX__H3K27ac	-6.71159166564e-08	5.13489370711e-08	0.904403088453
Esophagus__H3K27ac	-9.3561811438e-08	7.02485813064e-08	0.908548155066
Primary_T_cells_from_cord_blood__DNase	-2.35865557197e-07	1.73659025995e-07	0.912801590916
Stomach_Mucosa__H3K4me3	-2.39345452915e-07	1.7426422149e-07	0.915195765245
Primary_B_cells_from_cord_blood__H3K36me3	-2.26603197712e-07	1.64713930595e-07	0.915548603872
Primary_monocytes_from_peripheral_blood__DNase	-1.88770037397e-07	1.36683173398e-07	0.916372413309
Primary_T_cells_from_cord_blood__H3K4me3	-4.12146729583e-07	2.93434886199e-07	0.919923832615
Fetal_Intestine_Small__H3K4me1	-6.72225861771e-08	4.7658634898e-08	0.920804204551
Primary_T_killer_naive_cells_from_peripheral_blood__H3K4me3	-3.36785110783e-07	2.38641599848e-07	0.920915873714
Colonic_Mucosa__H3K4me1	-1.47508227846e-07	1.04474607922e-07	0.921011041565
Lung_ENTEX__H3K4me3	-3.45720147432e-07	2.36389205876e-07	0.928198418698
Stomach_ENTEX__H3K4me3	-2.2025581823e-07	1.49033309561e-07	0.930282268812
Stomach_Mucosa__H3K9ac	-1.83675830772e-07	1.22049586961e-07	0.933828695087
Psoas_Muscle__H3K36me3	-2.28269533986e-07	1.51666388286e-07	0.933847809529
Colon-TV_ENTEX__H3K4me3	-2.61567054166e-07	1.73347897988e-07	0.934339607407
Primary_hematopoietic_stem_cells_G-CSF-mobilized_Male__H3K4me3	-1.62057250529e-07	1.07062088977e-07	0.93494590663
Esophagus__H3K4me3	-3.84179478822e-07	2.52449700253e-07	0.935971156276
Mammary_ENTEX__H3K4me3	-2.2349095572e-07	1.45821176641e-07	0.937317361294
Gastric__H3K4me1	-1.33775701986e-07	8.667104787e-08	0.938643763118
Pancreas_ENTEX__H3K4me1	-5.30430518672e-08	3.43651027199e-08	0.938647065765
Colon-TV_ENTEX__H3K27ac	-6.93644406827e-08	4.4658408344e-08	0.939814995492
Colonic_Mucosa__H3K9ac	-3.15415752836e-07	2.01536793597e-07	0.941214752528
Primary_mononuclear_cells_from_peripheral_blood__H3K4me1	-2.64604179743e-07	1.68031747001e-07	0.942340298566
Primary_hematopoietic_stem_cells_G-CSF-mobilized_Male__H3K4me1	-7.01756917515e-08	4.41462468745e-08	0.944039590375
SI-Term-Ileum_ENTEX__H3K4me1	-1.24712839102e-07	7.79405945722e-08	0.945211932862
Thyroid_gland_ENTEX__H3K27ac	-5.22529465678e-08	3.16919154095e-08	0.950403482366
Primary_T_regulatory_cells_from_peripheral_blood__H3K4me3	-2.11848521677e-07	1.27928887421e-07	0.951137732446
Lung_ENTEX__H3K27ac	-6.56873584905e-08	3.96204386339e-08	0.951332787238
Lung__H3K27ac	-1.23263592461e-07	7.40093021101e-08	0.952094959299
Primary_T_helper_17_cells_PMA-I_stimulated__H3K4me3	-2.27290207306e-07	1.36098174111e-07	0.952544865705
NHDF-Ad_Adult_Dermal_Fibroblast_Primary_Cells__H3K4me3	-3.54731980603e-07	2.11009944719e-07	0.953629709112
Placenta_Amnion__H3K27ac	-2.10386128369e-07	1.24065544526e-07	0.955034895195
Pancreas__H3K4me1	-1.09285484059e-07	6.44370667153e-08	0.955057381655
Primary_T_cells_from_peripheral_blood__H3K4me1	-1.03204002915e-07	6.03957499936e-08	0.95625560795
NHEK-Epidermal_Keratinocyte_Primary_Cells__H3K27ac	-9.93741878772e-08	5.79569183361e-08	0.956792693095
Spleen_ENTEX__H3K36me3	-5.80575731096e-08	3.33733503304e-08	0.95903876382
NHEK-Epidermal_Keratinocyte_Primary_Cells__H3K9ac	-1.65790023912e-07	9.37605787054e-08	0.961488552
Liver__H3K27ac	-8.0201925031e-08	4.51575974728e-08	0.962137249495
Lung_ENTEX__H3K4me1	-8.55634449794e-08	4.77025608786e-08	0.963568398598
Fetal_Thymus__DNase	-1.77829766698e-07	9.84672134504e-08	0.964539227365
Primary_T_cells_effector_memory_enriched_from_peripheral_blood__H3K4me3	-3.06538561611e-07	1.68665053051e-07	0.965425092411
Thyroid_gland_ENTEX__H3K4me3	-2.52089223749e-07	1.37892374369e-07	0.966237174798
Thymus__H3K27ac	-2.05372904705e-07	1.09567269177e-07	0.969562352901
Primary_T_cells_from_peripheral_blood__DNase	-2.20384418534e-07	1.16245683116e-07	0.971010081816
Primary_mononuclear_cells_from_peripheral_blood__H3K9ac	-2.65297546289e-07	1.39893731289e-07	0.971047865872
Duodenum_Mucosa__H3K4me3	-2.01000280982e-07	1.04549973976e-07	0.972730340267
Fetal_Intestine_Large__DNase	-2.15256324078e-07	1.11714829065e-07	0.973000058953
skeletal_muscle_ENTEX__H3K36me3	-6.75648756913e-08	3.45971853598e-08	0.974584332642
Primary_Natural_Killer_cells_from_peripheral_blood__DNase	-3.11978471916e-07	1.59015038998e-07	0.975115450305
Mammary_ENTEX__H3K27ac	-9.99314689049e-08	5.00448697714e-08	0.977078576723
Foreskin_Keratinocyte_Primary_Cells_skin03__H3K27ac	-1.22032097147e-07	6.10069679424e-08	0.977265935925
Primary_T_helper_17_cells_PMA-I_stimulated__H3K27ac	-1.71728682673e-07	8.5365243649e-08	0.977873857612
Primary_mononuclear_cells_from_peripheral_blood__H3K27ac	-3.58586517651e-07	1.7810990317e-07	0.977957826116
Primary_T_helper_memory_cells_from_peripheral_blood_1__H3K36me3	-1.53489659955e-07	7.5266954718e-08	0.979288467393
Primary_T_helper_memory_cells_from_peripheral_blood_2__H3K36me3	-2.32369743208e-07	1.11932732403e-07	0.981051946488
Primary_T_cells_effector_memory_enriched_from_peripheral_blood__H3K27ac	-1.68981262924e-07	7.87132791503e-08	0.984095191549
Fetal_Intestine_Small__DNase	-3.33460032859e-07	1.51513678961e-07	0.986126947048
Thyroid_gland_ENTEX__H3K4me1	-7.77972412244e-08	3.52706701995e-08	0.986298213087
Primary_T_helper_naive_cells_from_peripheral_blood__H3K9ac	-3.08615704337e-07	1.39198852782e-07	0.986691362072
Primary_hematopoietic_stem_cells_G-CSF-mobilized_Female__DNase	-2.83325199053e-07	1.27431214859e-07	0.986904162135
Gastric__H3K27ac	-2.38825584121e-07	1.07015276136e-07	0.987182475411
Small_Intestine__DNase	-2.61951982165e-07	1.16873817889e-07	0.987497421582
Primary_T_cells_from_cord_blood__H3K36me3	-2.31421889901e-07	1.02028303825e-07	0.988341875747
Primary_T_killer_memory_cells_from_peripheral_blood__H3K4me3	-4.17735078022e-07	1.80475498183e-07	0.98968356842
Rectal_Mucosa_Donor_29__H3K27ac	-1.74616892441e-07	7.50587966181e-08	0.990001427525
Primary_T_helper_cells_from_peripheral_blood__H3K4me3	-4.35740287556e-07	1.85631267473e-07	0.990546084386
Primary_T_helper_memory_cells_from_peripheral_blood_2__H3K4me3	-3.79592229137e-07	1.60890552988e-07	0.990845758975
Gastric__DNase	-4.17983696778e-07	1.73589097956e-07	0.991977523543
Primary_T_helper_cells_from_peripheral_blood__H3K27ac	-2.10512440228e-07	8.65134603949e-08	0.992518868477
Primary_Natural_Killer_cells_from_peripheral_blood__H3K36me3	-1.22603660256e-07	5.00533241142e-08	0.992846487851
Primary_T_helper_naive_cells_from_peripheral_blood_1__H3K36me3	-1.95748947065e-07	7.95716526007e-08	0.993053801516
Rectal_Mucosa_Donor_29__H3K9ac	-3.74704343209e-07	1.51277506242e-07	0.993374172985
Primary_mononuclear_cells_from_peripheral_blood__H3K36me3	-1.16744390959e-07	4.65321484737e-08	0.993944568942
Primary_T_killer_memory_cells_from_peripheral_blood__H3K36me3	-2.46363496042e-07	9.4809201041e-08	0.995318654779
Rectal_Mucosa_Donor_31__H3K9ac	-2.95462451461e-07	1.13601974145e-07	0.995350435062
Primary_T_helper_naive_cells_from_peripheral_blood_1__H3K4me1	-1.39523052096e-07	5.30214749663e-08	0.995748858448
Primary_T_helper_naive_cells_from_peripheral_blood_1__H3K27ac	-3.22642097256e-07	1.221704884e-07	0.995865899138
Primary_T_helper_naive_cells_from_peripheral_blood_2__H3K4me1	-1.18301899535e-07	4.43294578166e-08	0.996192696704
Primary_T_cells_effector_memory_enriched_from_peripheral_blood__H3K4me1	-1.95805482951e-07	7.33499426863e-08	0.996201448791
Rectal_Mucosa_Donor_31__H3K27ac	-1.75012955907e-07	6.4878714579e-08	0.996507309956
Primary_T_regulatory_cells_from_peripheral_blood__H3K36me3	-1.03868313097e-07	3.78354581797e-08	0.996976886152
Primary_Natural_Killer_cells_from_peripheral_blood__H3K27ac	-2.20927042116e-07	7.84826103305e-08	0.997560992679
Primary_T_helper_naive_cells_from_peripheral_blood_1__H3K4me3	-4.37793126639e-07	1.5523521312e-07	0.997600254835
Pancreas_ENTEX__H3K27ac	-1.11759674666e-07	3.95543783668e-08	0.997639428084
Primary_T_cells_from_cord_blood__H3K4me1	-2.17908545541e-07	7.62606511371e-08	0.997864484098
Primary_T_helper_cells_from_peripheral_blood__H3K36me3	-1.32009711803e-07	4.61458582857e-08	0.997886502645
Primary_B_cells_from_peripheral_blood__H3K36me3	-1.02217478402e-07	3.5653008026e-08	0.99792814083
Primary_T_cells_from_peripheral_blood__H3K36me3	-1.3676097501e-07	4.72891601305e-08	0.998086103522
Rectal_Mucosa_Donor_31__H3K4me3	-4.04197453693e-07	1.39608008331e-07	0.998105602841
Primary_T_helper_memory_cells_from_peripheral_blood_1__H3K27ac	-2.63539839218e-07	8.86249809823e-08	0.998528606239
Primary_T_cells_effector_memory_enriched_from_peripheral_blood__H3K36me3	-1.80826030758e-07	6.05354570216e-08	0.998591855242
Primary_T_killer_memory_cells_from_peripheral_blood__H3K4me1	-1.66348774876e-07	5.55241890718e-08	0.998632130854
Primary_T_helper_cells_PMA-I_stimulated__H3K4me1	-1.12047067553e-07	3.73814046655e-08	0.998638539521
Primary_T_helper_cells_PMA-I_stimulated__H3K27ac	-1.27457018232e-07	4.246842304e-08	0.998655492455
Primary_T_helper_17_cells_PMA-I_stimulated__H3K4me1	-1.52820802607e-07	5.08701825232e-08	0.998668306397
Primary_T_helper_naive_cells_from_peripheral_blood_2__H3K4me3	-3.87494233217e-07	1.28794672492e-07	0.998687814499
Primary_T_killer_naive_cells_from_peripheral_blood__H3K4me1	-1.4546536125e-07	4.81679576037e-08	0.998735964498
Primary_T_helper_17_cells_PMA-I_stimulated__H3K36me3	-1.74693714478e-07	5.75299741446e-08	0.998803561837
Liver__H3K9ac	-2.55304349979e-07	8.37158146626e-08	0.998854477982
Rectal_Mucosa_Donor_29__H3K4me3	-3.91773037661e-07	1.27621923458e-07	0.998928968331
Primary_T_helper_cells_from_peripheral_blood__H3K4me1	-1.37159209838e-07	4.43246914266e-08	0.999014009322
Primary_T_helper_cells_PMA-I_stimulated__H3K4me3	-2.91845746449e-07	9.36957999435e-08	0.999079720535
Primary_T_regulatory_cells_from_peripheral_blood__H3K27ac	-1.70790598543e-07	5.37777237433e-08	0.999253038529
Primary_T_helper_cells_PMA-I_stimulated__H3K36me3	-1.58787461406e-07	4.9935415844e-08	0.999263260242
Primary_T_killer_naive_cells_from_peripheral_blood__H3K36me3	-3.18610848914e-07	9.91388228464e-08	0.999345011094
Primary_T_helper_memory_cells_from_peripheral_blood_1__H3K4me1	-1.37979823344e-07	4.23388164378e-08	0.99944086091
Primary_T_helper_memory_cells_from_peripheral_blood_1__H3K4me3	-4.91297953789e-07	1.48888137825e-07	0.999516195069
Pancreas__DNase	-5.14025099704e-07	1.55753320205e-07	0.999517008584
Primary_T_killer_naive_cells_from_peripheral_blood__H3K27ac	-3.7869632693e-07	1.14287383422e-07	0.999539392712
Rectal_Mucosa_Donor_31__H3K4me1	-2.05437012178e-07	6.09389221412e-08	0.999625786197
Primary_T_regulatory_cells_from_peripheral_blood__H3K4me1	-1.60829993217e-07	4.5927231536e-08	0.999768974833
Pancreas__H3K27ac	-3.99321375279e-07	1.1338604309e-07	0.999785674964
Primary_T_cells_from_peripheral_blood__H3K27ac	-2.37573656826e-07	6.66067798106e-08	0.99981932262
Primary_T_helper_memory_cells_from_peripheral_blood_2__H3K4me1	-1.41824531184e-07	3.94811701211e-08	0.999836055315
Primary_T_helper_naive_cells_from_peripheral_blood_2__H3K27ac	-2.33750702837e-07	6.30313473644e-08	0.99989574782
Primary_T_helper_naive_cells_from_peripheral_blood_2__H3K36me3	-2.44652759119e-07	6.11125817185e-08	0.999968769139
