Name	Coefficient	Coefficient_std_error	Coefficient_P_value
Fetal_Brain_Female__H3K4me3	8.75117863218e-07	1.89939895793e-07	2.03925458486e-06
Brain_Germinal_Matrix__H3K4me3	7.58301447091e-07	1.797153254e-07	1.2244462587e-05
Fetal_Brain_Male__H3K4me1	2.17576112901e-07	5.65295038902e-08	5.93259760949e-05
Fetal_Brain_Female__H3K4me1	3.28573178308e-07	8.64627038956e-08	7.22977377531e-05
Artery-Coronary_ENTEX__H3K27ac	1.58181773354e-07	4.32346767372e-08	0.000126759669596
Fetal_Brain_Female__H3K36me3	3.03497506613e-07	9.61712520867e-08	0.000800285172281
Fetal_Brain_Female__DNase	3.20807834305e-07	1.07522992174e-07	0.00142429789225
Fetal_Lung__H3K36me3	1.45491322944e-07	5.17816027376e-08	0.00247930255312
Fetal_Muscle_Leg__H3K4me3	6.72512669848e-07	2.45573127108e-07	0.00308560060191
Ovary__H3K4me1	1.86522319479e-07	6.81601909616e-08	0.00310455882814
Artery-Tibial_ENTEX__H3K36me3	1.58050706403e-07	5.7811273248e-08	0.00312937580506
Fetal_Muscle_Trunk__DNase	2.84742803323e-07	1.06418710069e-07	0.00372885001522
Brain_Germinal_Matrix__H3K36me3	3.29618311429e-07	1.2373549793e-07	0.00386208924642
Fetal_Muscle_Leg__H3K27ac	1.8856699185e-07	7.19545304945e-08	0.00438823159208
Artery-Coronary_ENTEX__H3K4me3	2.86552772529e-07	1.09848099027e-07	0.00454530688366
Fetal_Muscle_Trunk__H3K27ac	2.15081030879e-07	8.48733664551e-08	0.0056361770904
Ovary__H3K36me3	2.03703938925e-07	8.09856199779e-08	0.00594638821732
Fetal_Muscle_Leg__DNase	2.29954059906e-07	9.26754790805e-08	0.00654552571333
Ganglion_Eminence_derived_primary_cultured_neurospheres__H3K4me3	4.45165452352e-07	1.80573675441e-07	0.00684522827197
Ganglion_Eminence_derived_primary_cultured_neurospheres__H3K36me3	1.83892367334e-07	7.48319422017e-08	0.0069972465578
Brain_Germinal_Matrix__H3K4me1	2.33046975969e-07	9.85404935851e-08	0.0090153544693
Cortex_derived_primary_cultured_neurospheres__H3K4me3	5.74208491863e-07	2.45388802544e-07	0.0096420073558
Brain_Hippocampus_Middle__H3K4me3	3.14105248949e-07	1.34985571296e-07	0.00998385014991
Brain_Anterior_Caudate__H3K4me3	3.05237025619e-07	1.40922496432e-07	0.0151558921585
Fetal_Brain_Male__DNase	2.4633389345e-07	1.14233465596e-07	0.0155259326861
Fetal_Stomach__H3K4me1	1.19432568606e-07	5.73021151102e-08	0.0185682125303
Breast_Myoepithelial_Primary_Cells__H3K36me3	8.73175261053e-08	4.36620805883e-08	0.0227583378868
Right_Atrium__H3K4me3	4.14084044971e-07	2.07185519692e-07	0.0228250241727
Cortex_derived_primary_cultured_neurospheres__H3K36me3	1.60844247991e-07	8.3250165587e-08	0.0266760999484
Aorta__H3K4me1	2.43276327815e-07	1.28277192042e-07	0.0289476838515
Cortex_derived_primary_cultured_neurospheres__H3K4me1	9.75863724542e-08	5.19084625663e-08	0.0300560569595
Aorta_ENTEX__H3K4me3	1.56698182898e-07	8.5946384823e-08	0.0341359059691
Fetal_Muscle_Leg__H3K4me1	1.05391956611e-07	5.95799116076e-08	0.0384538099998
Fetal_Muscle_Leg__H3K36me3	1.16271442095e-07	6.59958413791e-08	0.0390515873905
Brain_Inferior_Temporal_Lobe__H3K4me1	1.18355001493e-07	6.72112867376e-08	0.0391243320079
Fetal_Heart__DNase	1.28845333486e-07	7.34536815352e-08	0.0397064178024
Lung__H3K4me1	1.50749796793e-07	8.60459235334e-08	0.0398895630978
Primary_hematopoietic_stem_cells__H3K4me3	4.04403245813e-07	2.33193008448e-07	0.041441327895
Psoas_Muscle__H3K27ac	1.48219787389e-07	8.91126162902e-08	0.0481275771095
Right_Atrium__H3K4me1	1.64428493968e-07	1.01132532579e-07	0.0519885059567
Fetal_Muscle_Trunk__H3K36me3	1.29417831635e-07	7.97501661331e-08	0.0523170722607
Esoph-GJ_ENTEX__H3K4me1	8.29886218138e-08	5.12660874999e-08	0.0527470836401
Brain_Hippocampus_Middle__H3K27ac	7.08640396895e-08	4.48325286205e-08	0.056980310572
Aorta_ENTEX__H3K27ac	4.59354370603e-08	2.99100805879e-08	0.0622956257473
Brain_Inferior_Temporal_Lobe__H3K4me3	2.67375334541e-07	1.74971230476e-07	0.0632425808014
Right_Atrium__H3K27ac	1.30641354645e-07	8.63210996716e-08	0.0650846278079
Right_Ventricle__H3K4me1	1.12830296055e-07	7.5007157859e-08	0.0662571676798
Fetal_Lung__H3K4me1	6.87350562183e-08	4.57264600139e-08	0.0663964406265
Testis_ENTEX__H3K4me3	1.52441391041e-07	1.01652551825e-07	0.0668549133048
Brain_Hippocampus_Middle__H3K4me1	5.7663708337e-08	3.84822131523e-08	0.0670080654403
Brain_Inferior_Temporal_Lobe__H3K9ac	1.72219571356e-07	1.17108947179e-07	0.0707006398124
Foreskin_Melanocyte_Primary_Cells_skin01__H3K4me3	3.43451536103e-07	2.33585951102e-07	0.0707344009024
Brain_Angular_Gyrus__H3K4me3	2.61409693095e-07	1.84984253361e-07	0.0788064514584
Stomach_Smooth_Muscle__H3K4me1	8.02368949192e-08	5.71513720644e-08	0.080168885844
NHLF_Lung_Fibroblast_Primary_Cells__H3K4me1	1.23702092212e-07	8.85846718083e-08	0.0812928646622
NHDF-Ad_Adult_Dermal_Fibroblast_Primary_Cells__H3K4me1	9.029441214e-08	6.51491368279e-08	0.082878821983
Brain_Inferior_Temporal_Lobe__H3K27ac	6.11165331191e-08	4.41766433761e-08	0.0832622300656
Skeletal_Muscle_Female__H3K27ac	6.9121244347e-08	5.01982538241e-08	0.0842615167993
Brain_Cingulate_Gyrus__H3K4me1	7.25788445664e-08	5.33246616861e-08	0.0867450519026
Brain_Substantia_Nigra__H3K27ac	5.84930234594e-08	4.33874698497e-08	0.0888043079296
Left_Ventricle__H3K27ac	6.51364481432e-08	4.8867725092e-08	0.0912801037748
Brain_Substantia_Nigra__H3K9ac	1.78423853717e-07	1.33969785208e-07	0.0914594091392
Heart-Atrial_ENTEX__H3K36me3	8.16882804341e-08	6.25307064772e-08	0.095713268827
Adipose_Nuclei__H3K4me1	7.65842446837e-08	5.89706932438e-08	0.0970263473615
Primary_hematopoietic_stem_cells_G-CSF-mobilized_Female__H3K4me3	2.09576609361e-07	1.61833755227e-07	0.0976580936173
Skeletal_Muscle_Female__H3K4me1	5.51778348978e-08	4.28298093645e-08	0.098819998685
Left_Ventricle__H3K4me1	8.90867008425e-08	6.95150640542e-08	0.100001106604
Psoas_Muscle__H3K4me1	1.12565638177e-07	8.88914175226e-08	0.102697944476
Fetal_Adrenal_Gland__H3K4me1	6.43074748826e-08	5.08138757094e-08	0.102837208299
Brain_Dorsolateral_Prefrontal_Cortex__H3K27ac	7.15016009387e-08	5.87913665217e-08	0.111955858632
Fetal_Muscle_Trunk__H3K4me3	3.24170021656e-07	2.76491547625e-07	0.120510026935
Skeletal_Muscle_Male__H3K4me1	6.33710095584e-08	5.45794383957e-08	0.122804999452
Brain_Substantia_Nigra__H3K4me1	5.3003173726e-08	4.59599002353e-08	0.124404255695
Brain_Inferior_Temporal_Lobe__H3K36me3	9.32756402897e-08	8.11979914591e-08	0.125330944042
Stomach_Smooth_Muscle__H3K4me3	1.35840068076e-07	1.18829694233e-07	0.126488328082
Heart-LV_ENTEX__H3K36me3	7.56432863341e-08	6.68750074355e-08	0.129003464453
Brain_Cingulate_Gyrus__H3K4me3	2.22169213167e-07	1.96584395867e-07	0.129207199831
Stomach_Smooth_Muscle__H3K36me3	9.84402507634e-08	8.80045486634e-08	0.131659382261
Brain_Angular_Gyrus__H3K27ac	6.22494759229e-08	5.58661123927e-08	0.132583441189
Brain_Cingulate_Gyrus__H3K27ac	5.46984924236e-08	4.932237285e-08	0.133715174377
Aorta_ENTEX__H3K4me1	3.20744167986e-08	2.90466291887e-08	0.134744767656
Brain_Angular_Gyrus__H3K9ac	1.40521558336e-07	1.27810272289e-07	0.13578497023
Ganglion_Eminence_derived_primary_cultured_neurospheres__H3K4me1	8.17669052586e-08	7.74285328837e-08	0.145477102053
Brain_Dorsolateral_Prefrontal_Cortex__H3K9ac	1.80458520776e-07	1.70920003615e-07	0.145528220442
Skeletal_Muscle_Female__H3K9ac	1.19417842581e-07	1.13495761299e-07	0.146358744569
NHDF-Ad_Adult_Dermal_Fibroblast_Primary_Cells__H3K27ac	1.06552872236e-07	1.01292977956e-07	0.146416399735
Brain_Dorsolateral_Prefrontal_Cortex__H3K4me3	2.15634357331e-07	2.05156755913e-07	0.146612945437
Nerve-Tibial_ENTEX__H3K4me3	1.94850628376e-07	1.85612267509e-07	0.146911392668
Fetal_Heart__H3K9ac	6.59135137412e-08	6.48418684255e-08	0.154689234634
Brain_Anterior_Caudate__H3K4me1	5.53854699987e-08	5.50507045537e-08	0.157188294572
Colon_Smooth_Muscle__H3K36me3	8.22107163237e-08	8.26787777113e-08	0.160028976916
Artery-Tibial_ENTEX__H3K4me1	1.46120123102e-07	1.47458241869e-07	0.160860994682
Fetal_Brain_Male__H3K4me3	3.59847341911e-07	3.63156015996e-07	0.160869864949
Brain_Angular_Gyrus__H3K4me1	5.83311474011e-08	5.91137226769e-08	0.161879779161
NHDF-Ad_Adult_Dermal_Fibroblast_Primary_Cells__H3K36me3	1.41321106261e-07	1.43560819071e-07	0.162459719822
Adipose_Nuclei__H3K27ac	4.1113518825e-08	4.24444875045e-08	0.166361887435
Vagina_ENTEX__H3K27ac	4.62734349381e-08	4.80976810715e-08	0.168006704819
Fetal_Stomach__H3K36me3	4.74045085618e-08	4.96864894875e-08	0.170023496387
Aorta_ENTEX__H3K36me3	4.08414827903e-08	4.34186743664e-08	0.173443856097
Duodenum_Smooth_Muscle__H3K36me3	9.5738597485e-08	1.02034051297e-07	0.174045011166
Foreskin_Melanocyte_Primary_Cells_skin01__H3K4me1	1.11904008921e-07	1.19736730477e-07	0.175001414707
Left_Ventricle__H3K4me3	2.38362677701e-07	2.58443081682e-07	0.178185428027
Skeletal_Muscle_Female__H3K4me3	1.13079831851e-07	1.23546760222e-07	0.180022427423
Foreskin_Fibroblast_Primary_Cells_skin01__H3K4me3	9.4249248141e-08	1.04114554548e-07	0.182667629917
Brain_Anterior_Caudate__H3K9ac	1.05867139727e-07	1.1828918971e-07	0.185397351523
Duodenum_Smooth_Muscle__H3K27ac	7.24915566203e-08	8.11821410262e-08	0.18594209408
NHDF-Ad_Adult_Dermal_Fibroblast_Primary_Cells__H3K9ac	1.66193796841e-07	1.8929512427e-07	0.189982355468
Skeletal_Muscle_Male__H3K4me3	1.32189936058e-07	1.52442039019e-07	0.192930233912
Breast_Myoepithelial_Primary_Cells__H3K4me1	3.70779179933e-08	4.30363833616e-08	0.194468097206
Brain_Cingulate_Gyrus__H3K9ac	1.16795479591e-07	1.3608665865e-07	0.19537903186
Fetal_Adrenal_Gland__H3K36me3	4.84473731172e-08	5.70158838041e-08	0.197741186323
Fetal_Intestine_Large__H3K36me3	4.59043563957e-08	5.41475969317e-08	0.198284846586
Liver__H3K27ac	3.66599652051e-08	4.36897259456e-08	0.20070713641
Fetal_Lung__DNase	7.49388620042e-08	8.9388201998e-08	0.200916255512
Thyroid_gland_ENTEX__H3K36me3	8.20521893956e-08	9.80318320705e-08	0.201297585742
Foreskin_Melanocyte_Primary_Cells_skin03__H3K4me1	3.62699199895e-08	4.39880240944e-08	0.204816175353
Foreskin_Melanocyte_Primary_Cells_skin03__H3K27ac	5.99832610463e-08	7.30266177902e-08	0.2057123617
Uterus_ENTEX__H3K27ac	3.2012377962e-08	3.91764637764e-08	0.20692623794
Skeletal_Muscle_Male__H3K9ac	7.41877839902e-08	9.18174659184e-08	0.20954757473
Fetal_Stomach__H3K4me3	1.96899773147e-07	2.45865573502e-07	0.211611212481
Aorta__H3K36me3	1.27552453638e-07	1.59323384695e-07	0.211684984192
Stomach_Smooth_Muscle__H3K27ac	4.07387693895e-08	5.10684693818e-08	0.212514053861
Ovary__H3K27ac	6.68587150144e-08	8.4031865003e-08	0.213122032118
Thymus__H3K4me3	1.78663376158e-07	2.27527177777e-07	0.21615651716
Liver__H3K4me1	3.09521369135e-08	3.99171165792e-08	0.219048672937
Ovary__DNase	7.76010941967e-08	1.01152341723e-07	0.221490070186
Testis_ENTEX__H3K27ac	2.3047555317e-08	3.17435896381e-08	0.233902881041
Nerve-Tibial_ENTEX__H3K27ac	2.14181070574e-08	2.95554459859e-08	0.234325570033
Esoph-Muscularis_ENTEX__H3K27ac	4.31204197069e-08	6.03653218251e-08	0.237513317087
Placenta__H3K4me3	1.46972758865e-07	2.0587289176e-07	0.237644356332
Fetal_Heart__H3K36me3	1.01281345225e-07	1.42260900784e-07	0.23825070545
Fetal_Kidney__H3K4me1	9.82668304589e-08	1.38094381419e-07	0.238358790857
Fetal_Lung__H3K9ac	9.59324862706e-08	1.35583032527e-07	0.23961074594
Placenta_Amnion__H3K36me3	4.72553978468e-08	6.70501975563e-08	0.24047469412
Lung_ENTEX__H3K27ac	3.2474558501e-08	4.62451440743e-08	0.24126900921
NHLF_Lung_Fibroblast_Primary_Cells__H3K27ac	5.84279689285e-08	8.44129348437e-08	0.244415779706
Fetal_Adrenal_Gland__H3K27ac	3.30645555555e-08	4.81121019346e-08	0.245965786033
NHDF-Ad_Adult_Dermal_Fibroblast_Primary_Cells__DNase	7.61908009813e-08	1.13896301009e-07	0.251764049658
Brain_Anterior_Caudate__H3K36me3	5.71998285224e-08	8.56017186101e-08	0.252000133928
Fetal_Kidney__H3K36me3	1.23631205125e-07	1.87872918899e-07	0.255250554652
Adrenal_gland_ENTEX__H3K4me3	9.50315073083e-08	1.45196691728e-07	0.256394259046
Fetal_Heart__H3K4me1	2.0234208199e-08	3.10205582747e-08	0.257109048456
Colon-Sigm_ENTEX__H3K4me3	1.79791623732e-07	2.82370000568e-07	0.262152471767
Fetal_Kidney__DNase	7.46452200193e-08	1.17279855151e-07	0.262234756985
Adipose_Nuclei__H3K36me3	4.50722774082e-08	7.0965908418e-08	0.262673194704
Psoas_Muscle__H3K4me3	1.50835388649e-07	2.3841792534e-07	0.26348071923
Foreskin_Melanocyte_Primary_Cells_skin01__DNase	5.48104831243e-08	8.8267240116e-08	0.267312755878
Lung_ENTEX__H3K4me1	3.2002604069e-08	5.20961766135e-08	0.26950904096
Foreskin_Keratinocyte_Primary_Cells_skin03__H3K36me3	2.17737568887e-08	3.62527755408e-08	0.27405009587
Thyroid_gland_ENTEX__H3K4me3	8.42528898774e-08	1.41592481633e-07	0.275909075833
Brain_Dorsolateral_Prefrontal_Cortex__H3K4me1	3.97543227526e-08	7.03057330527e-08	0.28588412313
Esoph-Muscularis_ENTEX__H3K36me3	3.13734724026e-08	5.75769355039e-08	0.292912341251
Adipose_Nuclei__H3K4me3	5.5764751685e-08	1.02590181716e-07	0.293369353113
Heart-Atrial_ENTEX__H3K4me3	1.15469627375e-07	2.13941761406e-07	0.29469349296
Right_Atrium__H3K36me3	7.91678007508e-08	1.47787027014e-07	0.296086949963
Brain_Substantia_Nigra__H3K4me3	7.83973520172e-08	1.47505181604e-07	0.297540050129
Brain_Dorsolateral_Prefrontal_Cortex__H3K36me3	4.62458250202e-08	8.74542219905e-08	0.298471970237
Aorta__H3K27ac	3.90214497895e-08	7.5344648696e-08	0.302261908509
Primary_neutrophils_from_peripheral_blood__H3K4me3	5.57236186968e-08	1.09906930553e-07	0.306074840002
Small_Intestine__H3K4me1	5.85656693919e-08	1.16690751178e-07	0.307873208689
Fetal_Stomach__H3K27ac	3.1530000328e-08	6.32615048596e-08	0.309098471218
Adipose_Nuclei__H3K9ac	6.31738925542e-08	1.33149745064e-07	0.317586855983
Brain_Cingulate_Gyrus__H3K36me3	4.9540607703e-08	1.08149471878e-07	0.323449152154
Pancreatic_Islets__H3K4me1	2.73919142709e-08	6.02951242706e-08	0.324807416966
Spleen__H3K4me3	5.79034254102e-08	1.32173362614e-07	0.330661626722
Foreskin_Keratinocyte_Primary_Cells_skin02__H3K36me3	3.06750087073e-08	7.05161592023e-08	0.331778746099
Heart-Atrial_ENTEX__H3K4me1	9.4456059263e-08	2.27064252076e-07	0.338709303208
Foreskin_Melanocyte_Primary_Cells_skin03__H3K36me3	1.7637341397e-08	4.39278073863e-08	0.344023281562
Right_Ventricle__H3K36me3	3.13310696373e-08	7.92344285366e-08	0.346265582094
Ovary__H3K4me3	7.32805321669e-08	1.89150217435e-07	0.349222738086
Brain_Hippocampus_Middle__H3K36me3	3.41071722098e-08	8.92210718522e-08	0.351127921006
Nerve-Tibial_ENTEX__H3K4me1	1.59077212475e-08	4.20509475711e-08	0.352605217105
Uterus_ENTEX__H3K4me3	9.66225270349e-08	2.58580355727e-07	0.354326642419
Thymus__H3K27ac	4.21432902232e-08	1.18771206119e-07	0.361359412305
NHLF_Lung_Fibroblast_Primary_Cells__H3K9ac	7.37087422135e-08	2.30772597853e-07	0.37471164737
Primary_B_cells_from_peripheral_blood__H3K4me3	6.6486564165e-08	2.0835134035e-07	0.374822336654
Colon-Sigm_ENTEX__H3K4me1	9.34634975891e-08	3.10169863607e-07	0.381581417875
Primary_B_cells_from_cord_blood__H3K4me3	7.50170013176e-08	2.54535449165e-07	0.384103420987
Pancreas__H3K4me1	2.03790475566e-08	7.01411672439e-08	0.385700307602
Primary_hematopoietic_stem_cells_G-CSF-mobilized_Male__H3K4me3	3.16166905742e-08	1.11731839862e-07	0.388600150812
Placenta__H3K36me3	1.93789133811e-08	6.85146518468e-08	0.38864846255
Lung__H3K27ac	2.18494743555e-08	8.14719027495e-08	0.394278780906
Pancreatic_Islets__H3K36me3	2.50600657048e-08	9.4122496332e-08	0.395023539128
Fetal_Muscle_Trunk__H3K4me1	1.27925291899e-08	5.08419959283e-08	0.400669936882
Nerve-Tibial_ENTEX__H3K36me3	1.48034233004e-08	6.38906804903e-08	0.408385803638
Fetal_Heart__H3K4me3	1.95982329869e-08	8.52745695649e-08	0.409113855779
Rectal_Smooth_Muscle__H3K27ac	1.17127778333e-08	5.23437831925e-08	0.411469553537
Pancreatic_Islets__H3K4me3	4.76339058998e-08	2.31326882863e-07	0.418428264403
Pancreas__DNase	3.16274873535e-08	1.5646906807e-07	0.419906561828
Esoph-GJ_ENTEX__H3K27ac	1.21851412169e-08	6.07737404848e-08	0.420544738789
Colon_Smooth_Muscle__H3K27ac	1.1036864976e-08	5.59407602978e-08	0.421798117419
Duodenum_Smooth_Muscle__H3K4me3	1.64052919497e-08	8.35397268285e-08	0.422157496958
NHLF_Lung_Fibroblast_Primary_Cells__H3K4me3	4.83512262378e-08	2.60519545527e-07	0.42638103513
Colon_Smooth_Muscle__H3K4me3	2.48880078526e-08	1.35060775265e-07	0.426899781755
Brain_Anterior_Caudate__H3K27ac	9.34543899531e-09	5.15719487508e-08	0.428100717174
Foreskin_Melanocyte_Primary_Cells_skin01__H3K27ac	2.83841751372e-08	1.57928183474e-07	0.428682909672
Vagina_ENTEX__H3K36me3	2.90885614583e-08	1.6195241713e-07	0.428728679102
liver_ENTEX__H3K27ac	6.04625077099e-09	3.69918381032e-08	0.435082762403
Right_Ventricle__H3K27ac	1.12850029849e-08	7.25223619416e-08	0.438171317554
Liver__H3K4me3	1.23117906099e-08	8.08362964452e-08	0.4394731006
Left_Ventricle__H3K36me3	1.12206308658e-08	8.25695224259e-08	0.445952883181
Placenta_Amnion__H3K4me1	7.05103146334e-09	5.20348746826e-08	0.446105957946
Foreskin_Keratinocyte_Primary_Cells_skin03__H3K4me1	6.56522474615e-09	5.02219395915e-08	0.447996729161
Right_Ventricle__H3K4me3	2.48539026174e-08	1.9145786069e-07	0.44835680988
Esoph-Muscularis_ENTEX__H3K4me3	2.19898634656e-08	1.72983781373e-07	0.449422333209
Liver__H3K9ac	9.80211175627e-09	7.77171669827e-08	0.449816315668
Colon_Smooth_Muscle__H3K4me1	5.67507763743e-09	4.75687304694e-08	0.452517775102
Colon-Sigm_ENTEX__H3K27ac	7.59199739476e-09	6.52664793064e-08	0.45369825032
Brain_Substantia_Nigra__H3K36me3	1.81263420765e-08	1.61325289038e-07	0.455269396265
Adrenal_gland_ENTEX__H3K27ac	4.25026078219e-09	4.60824313118e-08	0.463256977915
Brain_Angular_Gyrus__H3K36me3	8.78202666311e-09	9.64680137431e-08	0.463732138912
Fetal_Thymus__H3K36me3	3.63254293928e-09	4.15929389207e-08	0.465202391481
Lung_ENTEX__H3K36me3	3.83509380611e-09	5.59144055495e-08	0.472658525266
Thymus__H3K4me1	5.06785567995e-09	8.01733829075e-08	0.47479916346
Ovary_ENTEX__H3K4me3	1.43905947293e-08	2.53411116465e-07	0.477357218497
Fetal_Thymus__H3K27ac	3.36387563318e-09	6.42633085772e-08	0.479126819797
Heart-LV_ENTEX__H3K4me1	3.26664211107e-09	7.1591793665e-08	0.481803087745
Aorta__H3K4me3	8.79592095082e-09	2.44306258225e-07	0.485639717857
Heart-Atrial_ENTEX__H3K27ac	1.13111240723e-09	3.66067987887e-08	0.487675055354
Primary_B_cells_from_cord_blood__H3K4me1	1.55618557412e-09	5.1669988655e-08	0.487986558664
Osteoblast_Primary_Cells__H3K27ac	1.33788002587e-09	5.09590787115e-08	0.489527369544
Rectal_Smooth_Muscle__H3K4me1	1.21741999016e-09	6.52440045293e-08	0.492556371604
Osteoblast_Primary_Cells__H3K4me1	7.96508078185e-10	4.54523561621e-08	0.493009284599
Spleen_ENTEX__H3K4me1	2.08096092442e-09	1.35629581425e-07	0.493879279747
Fetal_Thymus__H3K4me3	-5.32300278923e-10	1.72944805832e-07	0.501227887422
Foreskin_Fibroblast_Primary_Cells_skin02__H3K36me3	-1.45850517198e-09	5.70053948924e-08	0.510205979707
NHLF_Lung_Fibroblast_Primary_Cells__H3K36me3	-3.51794877691e-09	1.36581300221e-07	0.510274490998
Placenta_Amnion__H3K27ac	-3.26654943583e-09	1.17247623824e-07	0.511113198488
Thyroid_gland_ENTEX__H3K27ac	-1.17785733467e-09	3.53656451737e-08	0.513284367709
Gastric__DNase	-5.79484542503e-09	1.7338156341e-07	0.513331166641
Mammary_ENTEX__H3K4me1	-4.043573724e-09	1.10707856299e-07	0.514568016902
Placenta__DNase	-3.7102295243e-09	7.9956776641e-08	0.518505453447
Lung__H3K4me3	-1.15780482495e-08	2.02578025396e-07	0.522788550379
Esoph-Mucosa_ENTEX__H3K27ac	-3.63050588112e-09	5.93447654991e-08	0.524390683123
Prostate_ENTEX__H3K4me3	-1.51922490731e-08	2.35999733271e-07	0.525663787749
Foreskin_Keratinocyte_Primary_Cells_skin02__H3K4me1	-5.37676266776e-09	7.23138211166e-08	0.529635319316
Foreskin_Melanocyte_Primary_Cells_skin03__H3K4me3	-1.72600521549e-08	2.19270011959e-07	0.531370729519
NHDF-Ad_Adult_Dermal_Fibroblast_Primary_Cells__H3K4me3	-2.071675187e-08	2.45664063619e-07	0.533602810025
Primary_mononuclear_cells_from_peripheral_blood__H3K4me3	-2.03761499456e-08	2.39027868892e-07	0.533967056662
Primary_mononuclear_cells_from_peripheral_blood__H3K27ac	-1.91090720108e-08	2.05388951575e-07	0.537063496966
Foreskin_Fibroblast_Primary_Cells_skin02__H3K27ac	-6.59517795041e-09	7.06091556667e-08	0.537208695671
NHLF_Lung_Fibroblast_Primary_Cells__DNase	-9.85966842834e-09	1.05028937528e-07	0.537396064265
NHEK-Epidermal_Keratinocyte_Primary_Cells__H3K36me3	-5.85160459318e-09	6.11347977884e-08	0.53812710422
Esophagus__H3K4me1	-9.68574883982e-09	8.71701545491e-08	0.544236682079
Primary_hematopoietic_stem_cells_short_term_culture__H3K4me3	-1.88459688177e-08	1.69057044275e-07	0.54438094062
Thymus__H3K36me3	-1.19946751714e-08	1.01032203924e-07	0.547251921805
Mammary_ENTEX__H3K27ac	-5.70749181185e-09	4.46297328449e-08	0.550880172459
Primary_hematopoietic_stem_cells_G-CSF-mobilized_Male__DNase	-1.98910024843e-08	1.46381883867e-07	0.554043633623
Foreskin_Fibroblast_Primary_Cells_skin02__H3K4me3	-1.18780908971e-08	8.04225376072e-08	0.558708674284
Primary_T_helper_cells_from_peripheral_blood__H3K4me3	-2.3623983982e-08	1.57419297698e-07	0.559645481132
NHEK-Epidermal_Keratinocyte_Primary_Cells__H3K4me3	-2.24505510255e-08	1.44982715996e-07	0.561530152561
Pancreas_ENTEX__H3K4me1	-5.36029527495e-09	3.12994033775e-08	0.567989825148
Fetal_Adrenal_Gland__DNase	-1.9449676384e-08	1.07968632826e-07	0.571479421683
Skeletal_Muscle_Female__H3K36me3	-1.18245917854e-08	6.55844828592e-08	0.571539733733
Psoas_Muscle__DNase	-2.06074758143e-08	1.08345476133e-07	0.575424395634
Mammary_ENTEX__H3K36me3	-9.3869301152e-09	4.53487059633e-08	0.581992900677
Esoph-GJ_ENTEX__H3K4me3	-3.89295029174e-08	1.8134011586e-07	0.584990316446
Foreskin_Melanocyte_Primary_Cells_skin01__H3K36me3	-2.34980548566e-08	1.05810730989e-07	0.587872753584
skeletal_muscle_ENTEX__H3K4me1	-6.35026035028e-09	2.52294747349e-08	0.599363545392
Stomach_ENTEX__H3K4me3	-3.99987772305e-08	1.54039155406e-07	0.602439404307
Foreskin_Fibroblast_Primary_Cells_skin02__H3K4me1	-1.54220201653e-08	5.23814138575e-08	0.615780663159
Small_Intestine__H3K27ac	-2.96655117704e-08	9.95197442577e-08	0.617181502406
liver_ENTEX__H3K36me3	-1.72809559161e-08	5.75462075594e-08	0.61802470539
Primary_T_helper_memory_cells_from_peripheral_blood_2__H3K27ac	-2.68961471104e-08	8.60348903291e-08	0.622714954677
Stomach_Mucosa__H3K4me1	-1.45695795995e-08	4.57700606439e-08	0.6248793391
Esoph-Muscularis_ENTEX__H3K4me1	-1.45884497411e-08	4.47712471903e-08	0.627728869788
Rectal_Smooth_Muscle__H3K4me3	-5.14544669066e-08	1.57470130792e-07	0.628074156169
Duodenum_Mucosa__H3K9ac	-4.8504402551e-08	1.47147459735e-07	0.629160700227
Duodenum_Smooth_Muscle__H3K4me1	-2.89842663714e-08	8.37402841445e-08	0.63537408874
Fetal_Intestine_Small__H3K36me3	-1.40637361769e-08	3.99658259234e-08	0.637541137622
Colon-Sigm_ENTEX__H3K36me3	-2.81127066013e-08	7.73040796711e-08	0.641945515039
Foreskin_Fibroblast_Primary_Cells_skin02__DNase	-3.91387397598e-08	1.07346301924e-07	0.642295959573
Rectal_Smooth_Muscle__H3K36me3	-5.93754710009e-08	1.58218892306e-07	0.646271730596
Adrenal_gland_ENTEX__H3K4me1	-1.9299606643e-08	5.14193277858e-08	0.64629529381
skeletal_muscle_ENTEX__H3K27ac	-8.75560679631e-09	2.28972450063e-08	0.648912801339
Foreskin_Fibroblast_Primary_Cells_skin01__H3K36me3	-1.79678167972e-08	4.5959310854e-08	0.652083097484
Placenta_Amnion__H3K4me3	-1.03476531508e-07	2.46819844201e-07	0.662479303598
Spleen_ENTEX__H3K4me3	-3.86983006701e-08	9.14784621121e-08	0.663863978767
Foreskin_Fibroblast_Primary_Cells_skin01__H3K4me1	-1.82909587103e-08	4.31894439145e-08	0.66403668636
Primary_hematopoietic_stem_cells_G-CSF-mobilized_Female__H3K4me1	-1.62661102717e-08	3.83498111015e-08	0.66427214889
Primary_T_cells_from_cord_blood__DNase	-6.0812795289e-08	1.41903491176e-07	0.665874769289
Thyroid_gland_ENTEX__H3K4me1	-1.61715167757e-08	3.70533643565e-08	0.668740714338
Primary_B_cells_from_peripheral_blood__DNase	-4.43465683946e-08	1.01168691743e-07	0.669431100643
Foreskin_Fibroblast_Primary_Cells_skin01__DNase	-5.0192676612e-08	1.14277215827e-07	0.669748418751
Breast_Myoepithelial_Primary_Cells__H3K9ac	-6.24985611602e-08	1.40502319216e-07	0.671775901918
Stomach_Smooth_Muscle__H3K9ac	-7.18352887806e-08	1.59891744422e-07	0.673383186567
Primary_T_regulatory_cells_from_peripheral_blood__H3K36me3	-1.87464246969e-08	4.10134918469e-08	0.676193033325
Adrenal_gland_ENTEX__H3K36me3	-2.49327288178e-08	5.22575749744e-08	0.683358901529
NHEK-Epidermal_Keratinocyte_Primary_Cells__H3K27ac	-3.11422395704e-08	6.41710358231e-08	0.686268420565
Skin_tissue_ENTEX__H3K4me3	-8.54257188169e-08	1.72324799854e-07	0.689955792064
Foreskin_Keratinocyte_Primary_Cells_skin03__H3K27ac	-3.48370355701e-08	6.83397733927e-08	0.694890976628
skeletal_muscle_ENTEX__H3K36me3	-2.15085492012e-08	4.20159702406e-08	0.695644282049
Foreskin_Keratinocyte_Primary_Cells_skin02__DNase	-4.6375714083e-08	8.99589970768e-08	0.696905352836
Osteoblast_Primary_Cells__H3K4me3	-8.4837631945e-08	1.61577038589e-07	0.700229242127
Primary_T_cells_effector_memory_enriched_from_peripheral_blood__H3K36me3	-3.11672932731e-08	5.90312631265e-08	0.701243197103
Foreskin_Keratinocyte_Primary_Cells_skin03__H3K4me3	-7.78667127896e-08	1.4723918337e-07	0.70154352706
Esoph-Mucosa_ENTEX__H3K4me3	-7.95530770914e-08	1.49598247854e-07	0.702560165568
Primary_hematopoietic_stem_cells__H3K4me1	-5.5053209198e-08	1.02751543011e-07	0.703948018268
Osteoblast_Primary_Cells__H3K36me3	-2.34727038918e-08	4.35955828979e-08	0.70485620277
Primary_T_helper_memory_cells_from_peripheral_blood_1__H3K36me3	-4.40776602846e-08	8.02202930636e-08	0.708654317997
HMEC_Mammary_Epithelial_Primary_Cells__H3K36me3	-4.60234873202e-08	8.10462621116e-08	0.714937315839
HMEC_Mammary_Epithelial_Primary_Cells__H3K4me1	-3.31880051092e-08	5.75097846166e-08	0.718058811615
Primary_hematopoietic_stem_cells_G-CSF-mobilized_Male__H3K36me3	-2.25825106161e-08	3.80266571875e-08	0.72369712253
Rectal_Mucosa_Donor_29__H3K36me3	-5.0106639682e-08	8.36611598708e-08	0.725388070082
Primary_hematopoietic_stem_cells_G-CSF-mobilized_Female__DNase	-7.96819709798e-08	1.30541493269e-07	0.729200154265
Duodenum_Mucosa__H3K36me3	-3.60487879913e-08	5.89347011056e-08	0.729623062135
Fetal_Brain_Male__H3K36me3	-1.36447738247e-07	2.17125806237e-07	0.735137901841
Spleen__H3K4me1	-3.91063066234e-08	6.21836350038e-08	0.735287570298
Primary_B_cells_from_peripheral_blood__H3K4me1	-2.73007210825e-08	4.21287965834e-08	0.741517203743
Esoph-Mucosa_ENTEX__H3K4me1	-3.38551974393e-08	5.20091673555e-08	0.742459562828
Esoph-Mucosa_ENTEX__H3K36me3	-4.95943573819e-08	7.61731109962e-08	0.742500747647
Heart-LV_ENTEX__H3K4me3	-1.16338493437e-07	1.78507058114e-07	0.742712476919
Foreskin_Keratinocyte_Primary_Cells_skin02__H3K4me3	-1.20886135547e-07	1.8380019949e-07	0.744635840199
Fetal_Intestine_Large__DNase	-8.02022332602e-08	1.19242888437e-07	0.749397675568
Primary_T_helper_cells_from_peripheral_blood__H3K36me3	-3.02097079731e-08	4.48450102034e-08	0.749732127451
Colon_Smooth_Muscle__H3K9ac	-8.84227851108e-08	1.29573119108e-07	0.752512067018
Spleen__H3K27ac	-5.41632277772e-08	7.80985195099e-08	0.756009736154
Fetal_Thymus__DNase	-6.73709332474e-08	9.68938555692e-08	0.756568397478
Primary_monocytes_from_peripheral_blood__H3K36me3	-2.4841368867e-08	3.5692588705e-08	0.756779682061
Primary_B_cells_from_peripheral_blood__H3K27ac	-4.94923318236e-08	7.04161140751e-08	0.758927003129
Small_Intestine__DNase	-7.73714853964e-08	1.08794337791e-07	0.761511167347
Placenta__H3K27ac	-3.09780516703e-08	4.3468579506e-08	0.76197001775
Primary_monocytes_from_peripheral_blood__H3K27ac	-5.68664012468e-08	7.8194609624e-08	0.766461127333
Fetal_Kidney__H3K9ac	-1.78177857125e-07	2.43299933834e-07	0.768018942508
Prostate_ENTEX__H3K36me3	-2.39520527427e-07	3.25616902091e-07	0.769009865979
Stomach_ENTEX__H3K36me3	-3.50694038471e-08	4.70910020167e-08	0.771778166939
Primary_neutrophils_from_peripheral_blood__H3K36me3	-2.42596431827e-08	3.25290803109e-08	0.77210081959
Primary_T_killer_memory_cells_from_peripheral_blood__H3K27ac	-8.64267367368e-08	1.14837656171e-07	0.774154623175
SI-Term-Ileum_ENTEX__H3K4me3	-1.07426385525e-07	1.42600272628e-07	0.774376967298
NHEK-Epidermal_Keratinocyte_Primary_Cells__H3K9ac	-7.61776256088e-08	1.0095866385e-07	0.774738300542
Primary_T_helper_memory_cells_from_peripheral_blood_2__H3K36me3	-8.61334161535e-08	1.11745305566e-07	0.779587613466
Fetal_Intestine_Large__H3K4me3	-1.44861834345e-07	1.87554708824e-07	0.78005266341
Placenta__H3K4me1	-4.61834368793e-08	5.8770285659e-08	0.784016372499
Fetal_Intestine_Small__H3K4me1	-3.63231812744e-08	4.57340003439e-08	0.7864683751
Primary_T_helper_17_cells_PMA-I_stimulated__H3K36me3	-4.50061675382e-08	5.6140097259e-08	0.788629793358
Pancreas_ENTEX__H3K36me3	-4.42051622519e-08	5.47873313863e-08	0.790123566425
Pancreas__H3K4me3	-1.75124433684e-07	2.14272608523e-07	0.793120737671
skeletal_muscle_ENTEX__H3K4me3	-7.12270317981e-08	8.71419212668e-08	0.793140966982
Psoas_Muscle__H3K36me3	-1.18288354362e-07	1.43912858427e-07	0.794445702055
Primary_Natural_Killer_cells_from_peripheral_blood__H3K36me3	-4.03064801744e-08	4.88761450672e-08	0.795219293754
Esophagus__H3K27ac	-5.51283911998e-08	6.5787601313e-08	0.79897773875
Primary_mononuclear_cells_from_peripheral_blood__H3K4me1	-1.40123437168e-07	1.67132144773e-07	0.799096698272
Rectal_Mucosa_Donor_31__H3K36me3	-6.54324177996e-08	7.79401684844e-08	0.799411529633
Colon-TV_ENTEX__H3K4me1	-1.13203565096e-07	1.34600077922e-07	0.799836228829
Primary_hematopoietic_stem_cells_G-CSF-mobilized_Female__H3K36me3	-3.56604938406e-08	4.21793374357e-08	0.801070002403
Fetal_Stomach__DNase	-1.26425185483e-07	1.49080768994e-07	0.801789780939
Pancreatic_Islets__H3K27ac	-1.19563013821e-07	1.40769951239e-07	0.802156826916
Primary_hematopoietic_stem_cells_G-CSF-mobilized_Female__H3K27ac	-5.83771884132e-08	6.84880494652e-08	0.802995737554
Pancreas_ENTEX__H3K27ac	-3.24408970606e-08	3.74795706354e-08	0.806634835185
liver_ENTEX__H3K4me3	-7.84684486914e-08	8.94122646979e-08	0.809920329704
Fetal_Adrenal_Gland__H3K4me3	-2.24089056235e-07	2.54955035215e-07	0.810281901946
Fetal_Thymus__H3K4me1	-3.14974591696e-08	3.55954155335e-08	0.811887714774
Fetal_Intestine_Large__H3K27ac	-4.48807173126e-08	5.06239696615e-08	0.812339585167
Heart-LV_ENTEX__H3K27ac	-4.11624601715e-08	4.58438694178e-08	0.815376205242
Primary_T_helper_memory_cells_from_peripheral_blood_2__H3K4me3	-1.36105912911e-07	1.50167864027e-07	0.817626922033
Primary_T_cells_from_peripheral_blood__H3K36me3	-4.00177545847e-08	4.39314172138e-08	0.818829725341
Duodenum_Mucosa__H3K4me3	-9.41694322177e-08	1.03307590707e-07	0.818995638652
Liver__H3K36me3	-3.87528735924e-08	4.18907778926e-08	0.822541283941
Primary_T_helper_naive_cells_from_peripheral_blood_1__H3K36me3	-6.76109876557e-08	7.27949211928e-08	0.823500298364
Pancreas__H3K36me3	-8.45440909019e-08	9.07763367518e-08	0.824162444417
Primary_hematopoietic_stem_cells_short_term_culture__H3K4me1	-4.82723606027e-08	5.14536998119e-08	0.825921688495
Colonic_Mucosa__H3K36me3	-9.10847213865e-08	9.57535495966e-08	0.829259025775
HMEC_Mammary_Epithelial_Primary_Cells__H3K9ac	-1.12796447725e-07	1.17128116577e-07	0.832230675948
Gastric__H3K27ac	-1.07129046623e-07	1.11040417052e-07	0.832671303598
Esophagus__H3K36me3	-7.70678755221e-08	7.95224725841e-08	0.833760655158
Primary_T_helper_cells_PMA-I_stimulated__H3K36me3	-4.87169845795e-08	5.00059905645e-08	0.835027078701
Small_Intestine__H3K36me3	-1.6748659357e-07	1.69451528423e-07	0.838522621562
Breast_variant_Human_Mammary_Epithelial_Cells_(vHMEC)__H3K36me3	-3.85809597338e-08	3.90090900634e-08	0.838674509992
Primary_B_cells_from_peripheral_blood__H3K36me3	-3.38442009601e-08	3.38641718543e-08	0.841202005337
Fetal_Intestine_Small__H3K27ac	-5.48242702475e-08	5.40796054313e-08	0.844653693196
Primary_T_helper_naive_cells_from_peripheral_blood_2__H3K36me3	-6.27565542293e-08	6.1827886507e-08	0.844951902628
Primary_monocytes_from_peripheral_blood__H3K4me3	-2.14635033337e-07	2.08603425244e-07	0.848240010305
Esophagus__H3K4me3	-2.37081583893e-07	2.19861308497e-07	0.859555261096
Primary_mononuclear_cells_from_peripheral_blood__H3K9ac	-1.6986553655e-07	1.5705688907e-07	0.860274665506
NHEK-Epidermal_Keratinocyte_Primary_Cells__H3K4me1	-5.26880940194e-08	4.87033967839e-08	0.860332761505
Mammary_ENTEX__H3K4me3	-1.25354599094e-07	1.1439538384e-07	0.863417108778
Primary_T_helper_cells_from_peripheral_blood__H3K27ac	-8.93811545927e-08	8.13214508482e-08	0.864139780735
Gastric__H3K4me1	-1.13506520396e-07	1.02419921058e-07	0.866122316
liver_ENTEX__H3K4me1	-1.89527688834e-07	1.70798101978e-07	0.866427049309
Vagina_ENTEX__H3K4me3	-1.92666972329e-07	1.71884793709e-07	0.868836403147
Primary_hematopoietic_stem_cells_G-CSF-mobilized_Male__H3K4me1	-4.87263478902e-08	4.32630209463e-08	0.869976845051
Lung__H3K36me3	-1.01778046974e-07	9.0076501719e-08	0.870742239515
Ovary_ENTEX__H3K36me3	-2.18333203797e-07	1.927638244e-07	0.871318560253
Primary_T_cells_effector_memory_enriched_from_peripheral_blood__H3K4me3	-1.80280370348e-07	1.58287649614e-07	0.872636218992
Stomach_ENTEX__H3K4me1	-6.44282020511e-08	5.58848410659e-08	0.875519027422
Primary_T_helper_naive_cells_from_peripheral_blood_1__H3K27ac	-1.29687036367e-07	1.11845877789e-07	0.876876952478
Spleen__H3K36me3	-6.20608201932e-08	5.302151179e-08	0.879096833591
Primary_T_killer_naive_cells_from_peripheral_blood__H3K9ac	-2.2443127279e-07	1.91001753045e-07	0.880007054306
Primary_Natural_Killer_cells_from_peripheral_blood__H3K4me1	-7.10217849761e-08	5.9958889909e-08	0.881893984998
Primary_hematopoietic_stem_cells_short_term_culture__H3K36me3	-5.92733932442e-08	4.99579035308e-08	0.882280994723
Primary_mononuclear_cells_from_peripheral_blood__H3K36me3	-5.32209249099e-08	4.42330595606e-08	0.885549254013
Fetal_Lung__H3K4me3	-1.96977326776e-07	1.63433965501e-07	0.885944873309
Primary_T_helper_17_cells_PMA-I_stimulated__H3K4me3	-1.63634805187e-07	1.35523100505e-07	0.886366916137
Breast_Myoepithelial_Primary_Cells__H3K4me3	-1.87910949821e-07	1.55321749997e-07	0.886825508702
Fetal_Kidney__H3K4me3	-3.07447374246e-07	2.51663852838e-07	0.889081669028
Primary_T_killer_naive_cells_from_peripheral_blood__H3K36me3	-1.02250954908e-07	8.29000643546e-08	0.891291250621
Duodenum_Mucosa__H3K4me1	-7.3087100665e-08	5.92405531656e-08	0.891349030438
HMEC_Mammary_Epithelial_Primary_Cells__H3K27ac	-8.33736690793e-08	6.75603349732e-08	0.891410173369
Primary_T_regulatory_cells_from_peripheral_blood__H3K4me1	-6.28417279963e-08	5.08872230552e-08	0.891570147476
Primary_T_helper_naive_cells_from_peripheral_blood_2__H3K27ac	-7.61057430364e-08	6.14244764431e-08	0.892329712993
Primary_hematopoietic_stem_cells__H3K36me3	-1.12013632988e-07	9.00158586311e-08	0.893319514502
Sigmoid_Colon__H3K4me3	-2.7480486804e-07	2.20797715799e-07	0.893360615589
Skeletal_Muscle_Male__H3K36me3	-1.04328187089e-07	8.29564693394e-08	0.895736421203
Breast_variant_Human_Mammary_Epithelial_Cells_(vHMEC)__H3K4me1	-7.16827252718e-08	5.69134894986e-08	0.896075692347
Primary_B_cells_from_cord_blood__H3K36me3	-1.78735601416e-07	1.40102224984e-07	0.898978283353
Primary_T_regulatory_cells_from_peripheral_blood__H3K27ac	-6.91376236841e-08	5.29062747494e-08	0.904358726584
Rectal_Mucosa_Donor_29__H3K4me1	-1.15139279805e-07	8.58700880108e-08	0.91001612462
Primary_T_helper_naive_cells_from_peripheral_blood_2__H3K4me3	-1.6296137655e-07	1.20912677775e-07	0.911132347428
SI-Term-Ileum_ENTEX__H3K27ac	-6.91790738693e-08	5.10672452767e-08	0.912238042952
Prostate_ENTEX__H3K27ac	-8.40586887415e-08	6.18224567454e-08	0.9130342178
Rectal_Mucosa_Donor_31__H3K9ac	-1.53211661529e-07	1.11845245066e-07	0.914633766513
Primary_T_killer_memory_cells_from_peripheral_blood__H3K36me3	-1.07418604046e-07	7.76590097483e-08	0.916699531184
Stomach_Mucosa__H3K36me3	-1.72027061696e-07	1.24154063543e-07	0.917064465781
Primary_T_cells_from_peripheral_blood__H3K4me1	-7.56456386511e-08	5.45440294778e-08	0.917259745091
Foreskin_Fibroblast_Primary_Cells_skin01__H3K27ac	-8.42593418715e-08	6.05413030142e-08	0.918003402424
Gastric__H3K36me3	-1.0066979385e-07	7.17023503956e-08	0.919839939585
Rectal_Mucosa_Donor_31__H3K4me3	-2.09727151426e-07	1.47115779103e-07	0.923006998899
Stomach_ENTEX__H3K27ac	-6.56291099385e-08	4.57431339571e-08	0.924318171466
Sigmoid_Colon__H3K36me3	-1.35610959156e-07	9.36880956721e-08	0.926117708981
NHEK-Epidermal_Keratinocyte_Primary_Cells__DNase	-1.38163323399e-07	9.52715956256e-08	0.926499288779
Fetal_Intestine_Small__H3K4me3	-2.40150425206e-07	1.64744718299e-07	0.927540089139
Primary_T_cells_effector_memory_enriched_from_peripheral_blood__H3K27ac	-1.17718645804e-07	8.03964039147e-08	0.928434135094
Spleen_ENTEX__H3K36me3	-4.70163679985e-08	3.19755046639e-08	0.929271521759
HMEC_Mammary_Epithelial_Primary_Cells__DNase	-1.4799960016e-07	9.97063631056e-08	0.931142565736
Stomach_Mucosa__H3K9ac	-1.77542648723e-07	1.18894859868e-07	0.932317311082
Small_Intestine__H3K4me3	-3.93072352285e-07	2.62450440183e-07	0.932894556508
Primary_T_helper_naive_cells_from_peripheral_blood_2__H3K4me1	-6.57432996593e-08	4.37475001456e-08	0.933553379338
Primary_T_regulatory_cells_from_peripheral_blood__H3K4me3	-1.6504641949e-07	1.09463666547e-07	0.93419375117
Primary_T_cells_from_peripheral_blood__DNase	-1.63595648632e-07	1.07365260505e-07	0.936211890955
Colon-TV_ENTEX__H3K36me3	-1.19337684287e-07	7.8172419932e-08	0.936569218147
Primary_T_helper_naive_cells_from_peripheral_blood__H3K9ac	-2.05718996769e-07	1.33840869044e-07	0.93785845085
Testis_ENTEX__H3K36me3	-3.29056173103e-07	2.12062158772e-07	0.939632605592
Primary_neutrophils_from_peripheral_blood__H3K4me1	-5.23498819444e-08	3.34068887119e-08	0.941447157682
Spleen_ENTEX__H3K27ac	-6.22622640357e-08	3.92462100148e-08	0.943681696764
Sigmoid_Colon__H3K4me1	-2.08572316895e-07	1.30720360904e-07	0.944706585756
Rectal_Mucosa_Donor_31__H3K27ac	-1.09311556437e-07	6.81213437425e-08	0.945715612288
Stomach_Mucosa__H3K4me3	-3.28527128005e-07	2.04282427334e-07	0.946104377196
Primary_T_killer_naive_cells_from_peripheral_blood__H3K27ac	-1.99828601756e-07	1.23013917331e-07	0.947858922682
Pancreas__H3K27ac	-1.98628366177e-07	1.22099319708e-07	0.948107766919
SI-Term-Ileum_ENTEX__H3K4me1	-1.22266389296e-07	7.21391515064e-08	0.954949833487
Primary_Natural_Killer_cells_from_peripheral_blood__H3K27ac	-1.28647829845e-07	7.53165875277e-08	0.956190571872
Fetal_Intestine_Large__H3K4me1	-7.55917237895e-08	4.38861814309e-08	0.957505922908
HMEC_Mammary_Epithelial_Primary_Cells__H3K4me3	-3.42713291329e-07	1.98863337153e-07	0.957588355683
Gastric__H3K4me3	-2.81855807657e-07	1.63274923872e-07	0.957850137194
Rectal_Smooth_Muscle__H3K9ac	-3.68628889187e-07	2.11489658636e-07	0.959334189563
Primary_Natural_Killer_cells_from_peripheral_blood__H3K4me3	-3.69539584977e-07	2.11169884746e-07	0.959937691614
Primary_T_helper_cells_PMA-I_stimulated__H3K4me1	-6.55283375639e-08	3.73612658647e-08	0.960277126256
Rectal_Mucosa_Donor_31__H3K4me1	-1.05638637638e-07	6.00564848349e-08	0.960710228708
Primary_T_helper_17_cells_PMA-I_stimulated__H3K27ac	-1.38941458302e-07	7.8457397089e-08	0.961712662755
Colonic_Mucosa__H3K27ac	-1.58009987164e-07	8.88132324697e-08	0.962390498324
Sigmoid_Colon__H3K27ac	-1.6935385234e-07	9.51010444021e-08	0.962525641625
Primary_T_helper_naive_cells_from_peripheral_blood_1__H3K4me1	-9.77290439081e-08	5.43963977267e-08	0.963801122522
Pancreas_ENTEX__H3K4me3	-2.55081522511e-07	1.40578447378e-07	0.965200664348
Primary_T_helper_cells_PMA-I_stimulated__H3K4me3	-1.76477468305e-07	9.63238104337e-08	0.966533760387
Primary_T_cells_from_cord_blood__H3K4me3	-3.84816725006e-07	2.09816655434e-07	0.966677593824
Primary_T_cells_from_peripheral_blood__H3K4me3	-3.40471218156e-07	1.83898736293e-07	0.96794441453
Primary_T_helper_memory_cells_from_peripheral_blood_1__H3K27ac	-1.73348538601e-07	9.3557411546e-08	0.968048596954
Primary_T_killer_naive_cells_from_peripheral_blood__H3K4me3	-3.39318748073e-07	1.83129046371e-07	0.968051237777
Primary_T_cells_from_cord_blood__H3K4me1	-1.42755541207e-07	7.53964426296e-08	0.970847578901
Primary_T_cells_effector_memory_enriched_from_peripheral_blood__H3K4me1	-1.4553663439e-07	7.51635858974e-08	0.973582384628
Primary_T_cells_from_cord_blood__H3K36me3	-1.72754762487e-07	8.90231988765e-08	0.973844099397
Primary_T_killer_memory_cells_from_peripheral_blood__H3K4me1	-1.1253024997e-07	5.79206283388e-08	0.973981978358
Primary_T_helper_cells_from_peripheral_blood__H3K4me1	-8.90090874741e-08	4.57345881641e-08	0.974185207116
Colonic_Mucosa__H3K9ac	-2.95183132429e-07	1.51203084118e-07	0.974544522729
Colonic_Mucosa__H3K4me1	-2.01975197132e-07	1.01148265134e-07	0.977077800941
Primary_T_helper_cells_PMA-I_stimulated__H3K27ac	-9.03205388298e-08	4.47474676686e-08	0.978227806523
Primary_T_helper_17_cells_PMA-I_stimulated__H3K4me1	-1.03963267789e-07	5.09440431038e-08	0.979361389327
Colon-TV_ENTEX__H3K4me3	-3.44501004594e-07	1.6686231813e-07	0.98051873484
Primary_T_helper_naive_cells_from_peripheral_blood_1__H3K4me3	-2.90381099355e-07	1.3968194576e-07	0.98118551178
Colonic_Mucosa__H3K4me3	-3.11331792324e-07	1.4780202605e-07	0.982415660479
Rectal_Mucosa_Donor_29__H3K4me3	-2.64919475162e-07	1.25449892217e-07	0.982646278575
Primary_monocytes_from_peripheral_blood__DNase	-2.83101287375e-07	1.33861985531e-07	0.982779673531
Lung_ENTEX__H3K4me3	-4.37360341348e-07	2.05466552747e-07	0.983357169537
Primary_monocytes_from_peripheral_blood__H3K4me1	-7.9500182789e-08	3.71311157553e-08	0.983865656422
SI-Term-Ileum_ENTEX__H3K36me3	-3.00555365509e-07	1.36208854511e-07	0.986328197612
Primary_T_killer_naive_cells_from_peripheral_blood__H3K4me1	-1.09993194213e-07	4.9797399055e-08	0.986406210976
Fetal_Intestine_Small__DNase	-3.127098728e-07	1.40557876038e-07	0.986951880308
Primary_T_cells_from_peripheral_blood__H3K27ac	-1.54422678463e-07	6.83637370492e-08	0.988053300588
Primary_Natural_Killer_cells_from_peripheral_blood__DNase	-3.33717801343e-07	1.4761061654e-07	0.988114118827
Primary_T_helper_memory_cells_from_peripheral_blood_1__H3K4me1	-1.03744895113e-07	4.53619441473e-08	0.988903458008
Primary_T_helper_memory_cells_from_peripheral_blood_2__H3K4me1	-1.00451606278e-07	4.33792843874e-08	0.989711537526
Breast_variant_Human_Mammary_Epithelial_Cells_(vHMEC)__H3K4me3	-5.0673088338e-07	2.16191389923e-07	0.990458342753
Primary_T_killer_memory_cells_from_peripheral_blood__H3K4me3	-3.63547772434e-07	1.54338633903e-07	0.990751604753
Rectal_Mucosa_Donor_29__H3K27ac	-1.78476216373e-07	7.33636970387e-08	0.992507870926
Pancreatic_Islets__H3K9ac	-5.34574128321e-07	2.12305164471e-07	0.99409802297
Rectal_Mucosa_Donor_29__H3K9ac	-3.84426229078e-07	1.45408835521e-07	0.995900475396
Breast_variant_Human_Mammary_Epithelial_Cells_(vHMEC)__DNase	-2.74935349715e-07	9.94658275617e-08	0.997146161027
Colon-TV_ENTEX__H3K27ac	-1.2567350636e-07	4.47693908153e-08	0.997500747838
Primary_T_helper_memory_cells_from_peripheral_blood_1__H3K4me3	-3.96380800822e-07	1.36486180486e-07	0.998158933748
