Name	Coefficient	Coefficient_std_error	Coefficient_P_value
Adrenal_gland_ENTEX__H3K36me3	1.43132287798e-07	5.46753550787e-08	0.0044241875093
Thyroid_gland_ENTEX__H3K36me3	1.24775796353e-07	4.90975961822e-08	0.00552074467473
Brain_Anterior_Caudate__H3K36me3	1.89854793924e-07	7.65850489859e-08	0.00658745498124
Fetal_Brain_Female__H3K4me3	4.72549998784e-07	1.934986504e-07	0.00730032480366
Adrenal_gland_ENTEX__H3K27ac	8.19228342399e-08	3.40539474435e-08	0.00807124158925
Esoph-Muscularis_ENTEX__H3K4me3	3.61778944525e-07	1.50552503723e-07	0.00813040496908
Cortex_derived_primary_cultured_neurospheres__H3K4me3	5.6686573172e-07	2.39287295907e-07	0.00891871848777
Brain_Cingulate_Gyrus__H3K4me3	3.49542520754e-07	1.60801277988e-07	0.0148617841675
Brain_Cingulate_Gyrus__H3K36me3	1.5423461908e-07	7.76057042955e-08	0.0234383002268
NHLF_Lung_Fibroblast_Primary_Cells__DNase	2.05984182507e-07	1.07080993067e-07	0.0272005054626
Fetal_Brain_Female__H3K36me3	1.20072506944e-07	6.24868183733e-08	0.0273302340945
Brain_Germinal_Matrix__H3K4me3	4.65527170996e-07	2.42402727216e-07	0.027399278089
Foreskin_Melanocyte_Primary_Cells_skin01__DNase	1.6028173345e-07	8.35915049565e-08	0.027590999329
Brain_Substantia_Nigra__H3K36me3	2.28213769387e-07	1.19906296897e-07	0.0285028184384
Ganglion_Eminence_derived_primary_cultured_neurospheres__H3K4me3	3.73348571476e-07	1.97589243686e-07	0.0294111795308
Osteoblast_Primary_Cells__H3K36me3	6.92562646318e-08	3.81518861377e-08	0.0347406291211
Brain_Inferior_Temporal_Lobe__H3K4me3	2.80896079729e-07	1.55778985589e-07	0.0356807167174
Primary_hematopoietic_stem_cells_G-CSF-mobilized_Female__H3K4me1	6.88348157754e-08	3.83626808001e-08	0.0363812817736
Foreskin_Melanocyte_Primary_Cells_skin03__H3K4me1	6.05061502671e-08	3.47087989374e-08	0.0406448856672
Primary_hematopoietic_stem_cells_G-CSF-mobilized_Female__DNase	2.10875436729e-07	1.21733963009e-07	0.0416132294409
Brain_Anterior_Caudate__H3K4me3	2.40336050227e-07	1.40047809659e-07	0.0430718679655
Brain_Dorsolateral_Prefrontal_Cortex__H3K4me3	3.36397506817e-07	1.99581267957e-07	0.0459444885381
Brain_Angular_Gyrus__H3K4me3	3.17388406649e-07	1.90019898284e-07	0.0474309635509
Brain_Angular_Gyrus__H3K9ac	2.13699381373e-07	1.28210330926e-07	0.0477783299048
Aorta__H3K4me1	1.60216246571e-07	9.65452151359e-08	0.0485081012587
Fetal_Adrenal_Gland__H3K27ac	6.79053564508e-08	4.12823433506e-08	0.0499951428414
Foreskin_Fibroblast_Primary_Cells_skin01__H3K4me3	1.56842202905e-07	9.57468966446e-08	0.0507012763108
Primary_hematopoietic_stem_cells_short_term_culture__H3K4me1	8.63789780529e-08	5.32437284837e-08	0.052366193424
Foreskin_Fibroblast_Primary_Cells_skin02__H3K4me3	1.24292109852e-07	7.70419645812e-08	0.0533392386607
Primary_hematopoietic_stem_cells_G-CSF-mobilized_Male__DNase	2.16746796403e-07	1.348660055e-07	0.0540132577301
Foreskin_Melanocyte_Primary_Cells_skin01__H3K4me1	1.52542559948e-07	9.56370266131e-08	0.0553543613247
Aorta__H3K4me3	3.96251497418e-07	2.50717366729e-07	0.0569995351836
Breast_Myoepithelial_Primary_Cells__H3K36me3	6.34079456406e-08	4.15639136822e-08	0.0635606350553
Fetal_Intestine_Large__H3K36me3	7.84341760039e-08	5.14977931549e-08	0.0638719758528
Brain_Germinal_Matrix__H3K36me3	1.20319251783e-07	8.23136167497e-08	0.0719093236794
Osteoblast_Primary_Cells__H3K27ac	6.0263629318e-08	4.16575935089e-08	0.0739985917178
Primary_hematopoietic_stem_cells_G-CSF-mobilized_Male__H3K4me1	6.21237647261e-08	4.32180854322e-08	0.0752953222727
Colonic_Mucosa__H3K27ac	1.17903692142e-07	8.3344183838e-08	0.0785840879329
Stomach_ENTEX__H3K36me3	6.08298965134e-08	4.39381314017e-08	0.0831112228463
Primary_T_cells_from_cord_blood__DNase	1.7644665645e-07	1.27604451198e-07	0.0833688426126
Primary_monocytes_from_peripheral_blood__H3K4me3	2.68489588003e-07	1.94471547582e-07	0.0836992757558
Placenta_Amnion__H3K36me3	9.48193330289e-08	6.93919327844e-08	0.085901760607
Nerve-Tibial_ENTEX__H3K4me3	2.68876197476e-07	1.99413833503e-07	0.0887756956335
Fetal_Thymus__H3K36me3	4.2432649296e-08	3.17326460109e-08	0.0905799404694
Brain_Inferior_Temporal_Lobe__H3K9ac	1.2699198584e-07	9.57377918831e-08	0.0923443200742
Brain_Hippocampus_Middle__H3K4me3	1.77029685871e-07	1.34010360521e-07	0.093248194486
Brain_Dorsolateral_Prefrontal_Cortex__H3K9ac	1.95460031752e-07	1.4918289407e-07	0.0950634082932
Brain_Hippocampus_Middle__H3K36me3	8.72392038085e-08	6.70296622456e-08	0.0965434311885
Pancreatic_Islets__H3K4me1	8.9973845141e-08	6.91418068631e-08	0.096578853983
Esoph-Muscularis_ENTEX__H3K36me3	6.17925080986e-08	4.79100393337e-08	0.0985667979025
Primary_hematopoietic_stem_cells__H3K4me1	1.26653769911e-07	9.83762760909e-08	0.0989701007177
Esoph-GJ_ENTEX__H3K27ac	6.71030507663e-08	5.25439135181e-08	0.100786096557
Placenta__H3K36me3	6.81074021547e-08	5.33359852056e-08	0.100809897623
Adrenal_gland_ENTEX__H3K4me1	6.7601807246e-08	5.29426680382e-08	0.100821063244
Fetal_Brain_Male__H3K36me3	2.85852820161e-07	2.29162470935e-07	0.106128988504
Brain_Inferior_Temporal_Lobe__H3K36me3	7.85078315175e-08	6.33973895796e-08	0.107794108371
Fetal_Lung__H3K36me3	6.1030924241e-08	5.01327405489e-08	0.111728588306
Brain_Hippocampus_Middle__H3K27ac	4.97857349952e-08	4.17661634413e-08	0.116628425016
Fetal_Adrenal_Gland__H3K4me1	4.83791550178e-08	4.07631699629e-08	0.117646363879
Nerve-Tibial_ENTEX__H3K4me1	5.41382890051e-08	4.59113301336e-08	0.119160796951
Brain_Cingulate_Gyrus__H3K9ac	1.38612120794e-07	1.1778311148e-07	0.119629273625
Colonic_Mucosa__H3K9ac	1.90429739301e-07	1.63436034697e-07	0.121976362632
Adipose_Nuclei__H3K36me3	7.05060393432e-08	6.11284288119e-08	0.124371410828
Primary_hematopoietic_stem_cells_G-CSF-mobilized_Female__H3K4me3	1.70281728936e-07	1.47773463031e-07	0.124595617931
Esoph-GJ_ENTEX__H3K4me3	1.50314841494e-07	1.34753579846e-07	0.132322522062
Fetal_Muscle_Leg__H3K36me3	5.90864253197e-08	5.34880170599e-08	0.134652043043
Foreskin_Fibroblast_Primary_Cells_skin02__H3K27ac	7.07566243978e-08	6.46663707987e-08	0.136938106095
Brain_Substantia_Nigra__H3K27ac	4.13862416341e-08	3.7933040214e-08	0.137628931855
Colon_Smooth_Muscle__H3K9ac	1.43863650106e-07	1.32850741393e-07	0.13942710389
Brain_Substantia_Nigra__H3K4me3	1.61132219308e-07	1.52683268976e-07	0.145635737756
Colon-TV_ENTEX__H3K27ac	4.36060238747e-08	4.14125686979e-08	0.146178303807
Primary_B_cells_from_peripheral_blood__DNase	1.02134340623e-07	9.70821802437e-08	0.146390590243
Fetal_Stomach__H3K4me3	2.37062406129e-07	2.26549712732e-07	0.147687395065
Brain_Substantia_Nigra__H3K4me1	4.42358930079e-08	4.30574016434e-08	0.15212307993
NHDF-Ad_Adult_Dermal_Fibroblast_Primary_Cells__H3K9ac	1.7287722545e-07	1.68485212519e-07	0.152429849639
Fetal_Brain_Male__H3K4me3	3.86663243807e-07	3.77488634231e-07	0.152845775926
Left_Ventricle__H3K36me3	7.39707838555e-08	7.30161914057e-08	0.155512477513
Ganglion_Eminence_derived_primary_cultured_neurospheres__H3K4me1	1.01562199305e-07	1.00760291184e-07	0.156737175282
Primary_monocytes_from_peripheral_blood__H3K27ac	6.90630067431e-08	6.85977369694e-08	0.157019633356
Primary_neutrophils_from_peripheral_blood__H3K4me3	7.97180999156e-08	7.96087251166e-08	0.158323037597
Primary_hematopoietic_stem_cells_G-CSF-mobilized_Female__H3K27ac	6.65035303688e-08	6.76399052295e-08	0.162754596346
Osteoblast_Primary_Cells__H3K4me1	4.0936200981e-08	4.19539243941e-08	0.164596196873
Breast_variant_Human_Mammary_Epithelial_Cells_(vHMEC)__H3K36me3	3.55141814157e-08	3.6815761485e-08	0.167361045769
Foreskin_Melanocyte_Primary_Cells_skin03__H3K4me3	1.5314798962e-07	1.58844555765e-07	0.167488502162
Primary_hematopoietic_stem_cells_G-CSF-mobilized_Male__H3K4me3	1.04734660656e-07	1.09607583707e-07	0.169651813033
Rectal_Smooth_Muscle__H3K4me3	1.45394672653e-07	1.54343575687e-07	0.173091303906
Esoph-Muscularis_ENTEX__H3K27ac	5.17677234764e-08	5.52540220575e-08	0.17440392793
Aorta_ENTEX__H3K36me3	4.080947659e-08	4.35579030017e-08	0.174404543323
Brain_Angular_Gyrus__H3K36me3	7.52927094199e-08	8.04218072349e-08	0.17457930766
Fetal_Muscle_Trunk__H3K36me3	5.91412825142e-08	6.33116365177e-08	0.175118486526
Foreskin_Keratinocyte_Primary_Cells_skin02__H3K4me1	5.05318604749e-08	5.42187913989e-08	0.175668515826
Brain_Angular_Gyrus__H3K27ac	4.81557872048e-08	5.19644349809e-08	0.177039433214
NHLF_Lung_Fibroblast_Primary_Cells__H3K4me3	2.04902362163e-07	2.21227379701e-07	0.177169190699
Brain_Anterior_Caudate__H3K9ac	1.01780878489e-07	1.10447082509e-07	0.178385526213
Ganglion_Eminence_derived_primary_cultured_neurospheres__H3K36me3	8.84773749118e-08	9.68319400129e-08	0.180431739101
Breast_Myoepithelial_Primary_Cells__H3K4me1	2.79189835692e-08	3.0646238199e-08	0.181145446875
Rectal_Mucosa_Donor_29__H3K36me3	6.30901707179e-08	6.93142630778e-08	0.181357272755
Nerve-Tibial_ENTEX__H3K27ac	3.15329473546e-08	3.46568203853e-08	0.181447467721
HMEC_Mammary_Epithelial_Primary_Cells__H3K36me3	7.01011951878e-08	7.70699503595e-08	0.181522333969
Heart-LV_ENTEX__H3K4me3	1.35000862936e-07	1.49416435845e-07	0.183124767657
Primary_T_cells_from_peripheral_blood__DNase	9.07262110883e-08	1.00687858949e-07	0.183777129962
Cortex_derived_primary_cultured_neurospheres__H3K36me3	7.20177509075e-08	8.10986959173e-08	0.187263381685
Brain_Cingulate_Gyrus__H3K27ac	3.86835006449e-08	4.35978316249e-08	0.187463982811
Colon-Sigm_ENTEX__H3K27ac	5.54868678239e-08	6.27644419977e-08	0.188334770854
Brain_Substantia_Nigra__H3K9ac	1.01292338344e-07	1.17958911797e-07	0.195250637457
Brain_Germinal_Matrix__H3K4me1	9.08951298612e-08	1.0675368633e-07	0.197260484252
Brain_Cingulate_Gyrus__H3K4me1	4.27693132195e-08	5.04181329928e-08	0.198137606682
Stomach_Smooth_Muscle__H3K4me3	8.30885122743e-08	1.00991658902e-07	0.205331776041
Fetal_Lung__DNase	7.08145059083e-08	8.61868632032e-08	0.205641134168
Foreskin_Melanocyte_Primary_Cells_skin01__H3K4me3	1.26567437862e-07	1.54215910856e-07	0.205904078513
SI-Term-Ileum_ENTEX__H3K4me3	1.02151054313e-07	1.25116107203e-07	0.207121385129
Heart-Atrial_ENTEX__H3K4me1	1.64071032298e-07	2.03344044963e-07	0.209872360161
Psoas_Muscle__H3K36me3	9.75879878667e-08	1.21731520779e-07	0.211373173703
Pancreatic_Islets__H3K4me3	1.85845539608e-07	2.36123345403e-07	0.215620521646
Esoph-GJ_ENTEX__H3K4me1	3.3686380953e-08	4.36132697953e-08	0.219942229573
Ovary__H3K4me3	1.44242892193e-07	1.88224678799e-07	0.221738920903
Colon-TV_ENTEX__H3K4me3	1.43358374454e-07	1.91250119804e-07	0.226752102242
Primary_monocytes_from_peripheral_blood__H3K4me1	3.00558450071e-08	4.04869001018e-08	0.22893469991
Duodenum_Mucosa__H3K36me3	4.14961209592e-08	5.66096554632e-08	0.231772515965
Skeletal_Muscle_Female__H3K36me3	3.88175035525e-08	5.50272933767e-08	0.240273601219
Fetal_Kidney__H3K4me1	8.28179568783e-08	1.18081587944e-07	0.2415385171
Duodenum_Smooth_Muscle__H3K27ac	4.47682586313e-08	6.43400840182e-08	0.243274960538
Lung__H3K27ac	4.97761543158e-08	7.15616212009e-08	0.243348915668
Brain_Anterior_Caudate__H3K27ac	3.17891801744e-08	4.61562872339e-08	0.24549686633
Fetal_Adrenal_Gland__H3K4me3	1.59713671626e-07	2.3312911224e-07	0.246644582591
Brain_Dorsolateral_Prefrontal_Cortex__H3K27ac	3.62169397056e-08	5.34676765626e-08	0.249088344637
Colon-Sigm_ENTEX__H3K4me1	1.95030615665e-07	2.89335427606e-07	0.250135290898
Thymus__H3K4me3	1.19431405198e-07	1.79166687435e-07	0.252515811323
Fetal_Thymus__H3K4me1	2.34962255576e-08	3.52851881505e-08	0.25273915185
Stomach_Mucosa__H3K36me3	8.32845976548e-08	1.26564032232e-07	0.255255194096
Primary_T_regulatory_cells_from_peripheral_blood__H3K4me1	3.47139872852e-08	5.31585271839e-08	0.256869231436
Stomach_ENTEX__H3K27ac	2.83992467857e-08	4.37495335587e-08	0.258126348409
Placenta_Amnion__H3K4me1	2.96452129745e-08	4.60602737811e-08	0.259911646098
Stomach_Smooth_Muscle__H3K9ac	9.13538300467e-08	1.44164402167e-07	0.263145447343
skeletal_muscle_ENTEX__H3K36me3	2.20422562232e-08	3.57170072744e-08	0.268572464365
Right_Ventricle__H3K4me3	1.07889460042e-07	1.79170146106e-07	0.273533141674
Aorta_ENTEX__H3K4me3	4.40484137684e-08	7.42942880978e-08	0.276627055252
Aorta_ENTEX__H3K4me1	1.47066697701e-08	2.49706907155e-08	0.277944969947
Brain_Inferior_Temporal_Lobe__H3K4me1	3.59602079438e-08	6.12552269006e-08	0.27858327079
Lung__H3K4me1	4.28061449824e-08	7.29406343085e-08	0.27864792728
Brain_Dorsolateral_Prefrontal_Cortex__H3K36me3	4.39702826628e-08	7.52825488294e-08	0.27958658927
Fetal_Muscle_Trunk__H3K4me3	1.36983594399e-07	2.34568073396e-07	0.279616122604
NHDF-Ad_Adult_Dermal_Fibroblast_Primary_Cells__H3K36me3	8.43919967534e-08	1.4485459302e-07	0.280081974726
Rectal_Mucosa_Donor_31__H3K36me3	3.8282024629e-08	6.61831004405e-08	0.281488279511
Thymus__H3K4me1	3.88377799149e-08	6.74379702036e-08	0.282340120476
Duodenum_Smooth_Muscle__H3K36me3	4.39417275232e-08	7.63197350622e-08	0.28238925225
Rectal_Mucosa_Donor_31__H3K9ac	5.607915588e-08	9.82943147813e-08	0.28416155304
Foreskin_Fibroblast_Primary_Cells_skin01__H3K4me1	2.33154868741e-08	4.11647964949e-08	0.285563043023
Heart-LV_ENTEX__H3K4me1	3.6410043453e-08	6.51119976554e-08	0.28801568542
Mammary_ENTEX__H3K27ac	2.32261613057e-08	4.22854211018e-08	0.291409696135
HMEC_Mammary_Epithelial_Primary_Cells__H3K4me1	2.28031817983e-08	4.46834765235e-08	0.304911216369
Brain_Angular_Gyrus__H3K4me1	2.68536470603e-08	5.51604146147e-08	0.313190031196
Stomach_ENTEX__H3K4me3	6.98277651026e-08	1.43653056584e-07	0.313453033514
Rectal_Smooth_Muscle__H3K27ac	2.11681028485e-08	4.37706802805e-08	0.314330007156
Fetal_Stomach__H3K27ac	3.01314651791e-08	6.25297139203e-08	0.314947604603
Foreskin_Fibroblast_Primary_Cells_skin02__H3K4me1	2.10852935153e-08	4.39152067214e-08	0.315565169023
Primary_neutrophils_from_peripheral_blood__H3K36me3	1.34148385226e-08	2.81992029359e-08	0.31713802549
Vagina_ENTEX__H3K36me3	7.88030177541e-08	1.67881055516e-07	0.319392618519
Adrenal_gland_ENTEX__H3K4me3	5.80493407394e-08	1.25383015326e-07	0.321690745501
Primary_T_regulatory_cells_from_peripheral_blood__H3K4me3	4.61743414329e-08	1.00316996212e-07	0.322656073492
Primary_Natural_Killer_cells_from_peripheral_blood__DNase	5.13167234235e-08	1.14057945724e-07	0.32638478215
Testis_ENTEX__H3K4me3	4.22447918737e-08	9.39603319872e-08	0.326498574379
Spleen_ENTEX__H3K4me3	2.98150648113e-08	6.87914629267e-08	0.332357640323
Primary_B_cells_from_cord_blood__H3K4me1	1.99519799835e-08	4.63443663707e-08	0.333410253468
Small_Intestine__H3K27ac	3.53040146226e-08	8.3279705275e-08	0.335811719979
Brain_Inferior_Temporal_Lobe__H3K27ac	1.68900857662e-08	3.98498655482e-08	0.335840165367
Esoph-Muscularis_ENTEX__H3K4me1	1.71743671794e-08	4.16553692469e-08	0.340061019612
Aorta__H3K36me3	6.01455262848e-08	1.51120910043e-07	0.345316546227
Fetal_Lung__H3K4me1	1.67797605107e-08	4.30136377205e-08	0.348230094334
Breast_variant_Human_Mammary_Epithelial_Cells_(vHMEC)__DNase	3.3051894619e-08	8.50583658704e-08	0.348793802511
Primary_T_killer_memory_cells_from_peripheral_blood__H3K27ac	3.2324269778e-08	8.49050839293e-08	0.351708982324
Primary_T_regulatory_cells_from_peripheral_blood__H3K27ac	2.07925029301e-08	5.51152020355e-08	0.35299193804
NHDF-Ad_Adult_Dermal_Fibroblast_Primary_Cells__H3K27ac	3.51369404661e-08	9.47257372848e-08	0.355343566064
Brain_Hippocampus_Middle__H3K4me1	1.29263471543e-08	3.50033378896e-08	0.355956167111
Fetal_Adrenal_Gland__H3K36me3	1.79713216718e-08	4.87709750574e-08	0.356256204252
Thyroid_gland_ENTEX__H3K4me3	5.68436452523e-08	1.56036612388e-07	0.357818178614
Placenta__H3K4me3	8.24948217898e-08	2.27024506698e-07	0.35816272991
Primary_T_helper_memory_cells_from_peripheral_blood_2__H3K27ac	2.75657564875e-08	7.62262634816e-08	0.358814012583
Breast_variant_Human_Mammary_Epithelial_Cells_(vHMEC)__H3K4me1	1.64050132094e-08	4.54278810748e-08	0.359004075017
NHLF_Lung_Fibroblast_Primary_Cells__H3K9ac	6.59760409785e-08	1.82742414271e-07	0.359037391201
NHLF_Lung_Fibroblast_Primary_Cells__H3K27ac	2.92534092711e-08	8.18579068259e-08	0.360408106113
Fetal_Heart__H3K36me3	5.19646375412e-08	1.47146226337e-07	0.361988128224
Foreskin_Fibroblast_Primary_Cells_skin02__DNase	3.67900601451e-08	1.0906756444e-07	0.36793995247
Cortex_derived_primary_cultured_neurospheres__H3K4me1	2.06580208293e-08	6.38003842949e-08	0.37304795365
Fetal_Kidney__H3K4me3	6.61136498154e-08	2.2607620746e-07	0.384975243307
Primary_T_helper_naive_cells_from_peripheral_blood__H3K9ac	3.81342331644e-08	1.32787135852e-07	0.386986028733
Sigmoid_Colon__H3K27ac	2.11936890264e-08	7.72806135108e-08	0.391948834492
Fetal_Kidney__DNase	2.84126791667e-08	1.04644431733e-07	0.392996944759
Rectal_Mucosa_Donor_31__H3K27ac	1.59007261616e-08	5.87062823312e-08	0.39325235216
Stomach_Smooth_Muscle__H3K27ac	1.12751649078e-08	4.20526999446e-08	0.394303521521
Primary_hematopoietic_stem_cells_short_term_culture__H3K4me3	4.68815229115e-08	1.75714772049e-07	0.39480977671
Breast_Myoepithelial_Primary_Cells__H3K4me3	3.03997476978e-08	1.1431150802e-07	0.39514356737
Fetal_Brain_Male__DNase	2.86571314585e-08	1.08207356541e-07	0.395568157758
Heart-Atrial_ENTEX__H3K4me3	4.65756264904e-08	1.84763428527e-07	0.400488649129
Placenta_Amnion__H3K4me3	6.51914440987e-08	2.68336128121e-07	0.404023246743
Pancreas_ENTEX__H3K36me3	1.08076204149e-08	4.64596762389e-08	0.408026822561
Rectal_Mucosa_Donor_29__H3K27ac	1.53829830786e-08	6.88672159143e-08	0.411623136703
NHLF_Lung_Fibroblast_Primary_Cells__H3K4me1	1.79219453255e-08	8.12552837323e-08	0.41271618326
HMEC_Mammary_Epithelial_Primary_Cells__DNase	1.844603847e-08	8.4034627713e-08	0.413128261535
Primary_T_helper_naive_cells_from_peripheral_blood_1__H3K27ac	2.1776637882e-08	1.04675979283e-07	0.417599437606
Spleen_ENTEX__H3K4me1	2.33906911755e-08	1.17274424485e-07	0.420954351374
Heart-LV_ENTEX__H3K27ac	7.55446881954e-09	3.81666931773e-08	0.421548529758
NHDF-Ad_Adult_Dermal_Fibroblast_Primary_Cells__H3K4me3	3.97994440026e-08	2.011877169e-07	0.421591996314
Left_Ventricle__H3K4me1	1.0953447132e-08	5.81261230059e-08	0.425264790649
NHLF_Lung_Fibroblast_Primary_Cells__H3K36me3	1.99681192072e-08	1.06497050888e-07	0.425634598334
Placenta__H3K27ac	7.13756216622e-09	4.23372744994e-08	0.433060306774
Stomach_Smooth_Muscle__H3K36me3	1.15626860167e-08	7.0659706176e-08	0.435007657345
Small_Intestine__H3K36me3	2.31550589122e-08	1.4369780685e-07	0.435992679976
Primary_hematopoietic_stem_cells_G-CSF-mobilized_Male__H3K36me3	6.05643689607e-09	3.8348542361e-08	0.437255448909
Colon_Smooth_Muscle__H3K36me3	1.11231895635e-08	7.08387545553e-08	0.437614051634
Foreskin_Keratinocyte_Primary_Cells_skin02__H3K4me3	2.08506332178e-08	1.34785002565e-07	0.438530689312
Fetal_Brain_Male__H3K4me1	7.72594516775e-09	5.16592319289e-08	0.440557484599
Testis_ENTEX__H3K27ac	4.68378629283e-09	3.32070399449e-08	0.443916014715
Ovary__H3K27ac	9.64489874229e-09	7.058458138e-08	0.445656438274
Psoas_Muscle__H3K4me3	2.46898575861e-08	1.93317167757e-07	0.449186531825
Aorta_ENTEX__H3K27ac	2.19518327699e-09	2.19377814905e-08	0.460146737758
Ovary_ENTEX__H3K4me3	1.94578744723e-08	2.10412342413e-07	0.463160339615
Ovary__DNase	8.29096006541e-09	9.21763168835e-08	0.46416476556
Liver__H3K36me3	2.47831159456e-09	3.51896087237e-08	0.471926753601
Primary_B_cells_from_peripheral_blood__H3K4me1	2.4891623598e-09	3.76862116199e-08	0.473669134929
Lung_ENTEX__H3K4me3	1.45884428394e-08	2.26329569681e-07	0.474303317101
Colon-Sigm_ENTEX__H3K4me3	1.33803390994e-08	2.21819918309e-07	0.475950096469
Rectal_Mucosa_Donor_29__H3K4me1	4.74866184357e-09	8.11201213796e-08	0.476659791207
Rectal_Mucosa_Donor_29__H3K4me3	6.1364330096e-09	1.2664950795e-07	0.480677974197
Foreskin_Fibroblast_Primary_Cells_skin01__H3K27ac	2.84665990626e-09	6.30106264233e-08	0.481982931048
Fetal_Muscle_Leg__H3K4me3	1.06376160718e-08	2.41435079538e-07	0.482428310928
Artery-Coronary_ENTEX__H3K4me3	3.66668187027e-09	8.48212179171e-08	0.482759750386
Thymus__H3K36me3	2.69116004305e-09	7.70120809941e-08	0.486061939289
Primary_T_helper_17_cells_PMA-I_stimulated__H3K4me1	1.26639177491e-09	5.13460578932e-08	0.490161542543
Primary_B_cells_from_peripheral_blood__H3K4me3	4.00735539172e-09	2.04981500793e-07	0.492201239324
Primary_hematopoietic_stem_cells__H3K4me3	1.42096234101e-09	1.87588919823e-07	0.496978091584
Foreskin_Fibroblast_Primary_Cells_skin01__DNase	-8.6344890785e-10	1.01951797551e-07	0.503378676656
Artery-Tibial_ENTEX__H3K4me1	-1.57663041649e-09	1.14916033623e-07	0.5054732554
Psoas_Muscle__H3K4me1	-1.38206892328e-09	8.47958446649e-08	0.506501985083
Primary_hematopoietic_stem_cells_G-CSF-mobilized_Female__H3K36me3	-7.58791556576e-10	4.28774162332e-08	0.507059619278
Duodenum_Smooth_Muscle__H3K4me1	-1.41681769647e-09	6.06272499816e-08	0.509322161892
Fetal_Brain_Female__H3K4me1	-1.99402782147e-09	8.14417243649e-08	0.5097667693
Colonic_Mucosa__H3K4me3	-4.51034186113e-09	1.80004462338e-07	0.509995184423
Pancreatic_Islets__H3K27ac	-3.27020145644e-09	1.23014519598e-07	0.510604178953
Left_Ventricle__H3K4me3	-7.17330910927e-09	2.32199803138e-07	0.512322496098
Stomach_Mucosa__H3K9ac	-3.37493085295e-09	1.01733371626e-07	0.513232193821
Esoph-Mucosa_ENTEX__H3K27ac	-2.06802027573e-09	5.9207297655e-08	0.513931610361
Osteoblast_Primary_Cells__H3K4me3	-5.16723981834e-09	1.21375454944e-07	0.516978786322
Rectal_Mucosa_Donor_29__H3K9ac	-6.47570993227e-09	1.51640120125e-07	0.517031439158
Prostate_ENTEX__H3K36me3	-1.84174361752e-08	3.7670306064e-07	0.51949696892
Primary_T_killer_naive_cells_from_peripheral_blood__H3K9ac	-9.33001314372e-09	1.6845903016e-07	0.522083913738
Lung_ENTEX__H3K27ac	-2.11392129097e-09	3.7673839272e-08	0.522373357024
Pancreas_ENTEX__H3K27ac	-2.23373856279e-09	3.58174555922e-08	0.524863727087
Adipose_Nuclei__H3K9ac	-7.36497858129e-09	1.13741812196e-07	0.525814160827
Fetal_Intestine_Small__H3K4me3	-1.26927647393e-08	1.71795279275e-07	0.529448291247
Fetal_Thymus__H3K27ac	-4.20483756389e-09	5.41882451296e-08	0.53092562911
Artery-Coronary_ENTEX__H3K27ac	-3.33897256898e-09	4.05410500107e-08	0.532819892986
Colon-TV_ENTEX__H3K4me1	-1.0915330341e-08	1.18625850369e-07	0.536656847704
Adipose_Nuclei__H3K4me1	-4.25087765383e-09	4.42365349699e-08	0.538277150002
Adipose_Nuclei__H3K27ac	-3.85299546978e-09	3.18603150866e-08	0.548128345709
NHDF-Ad_Adult_Dermal_Fibroblast_Primary_Cells__DNase	-1.2046942955e-08	9.83885895979e-08	0.548725701459
Pancreas__H3K27ac	-1.40986716202e-08	1.1485510387e-07	0.548848181272
NHDF-Ad_Adult_Dermal_Fibroblast_Primary_Cells__H3K4me1	-8.52871038733e-09	6.52328734442e-08	0.552010503305
Fetal_Muscle_Leg__DNase	-1.13336703179e-08	8.53189576738e-08	0.552839576802
Gastric__H3K27ac	-1.45813831159e-08	1.07130414873e-07	0.554132331001
Prostate_ENTEX__H3K27ac	-7.25782177961e-09	5.24208389781e-08	0.555058789001
Ovary__H3K36me3	-9.48905157364e-09	6.8127420197e-08	0.55538708709
Fetal_Adrenal_Gland__DNase	-1.47674875846e-08	1.01126019525e-07	0.55805136164
Primary_Natural_Killer_cells_from_peripheral_blood__H3K36me3	-6.577016527e-09	4.50253514025e-08	0.558068368392
Primary_hematopoietic_stem_cells__H3K36me3	-1.33519063045e-08	8.76621268805e-08	0.560529175738
liver_ENTEX__H3K4me1	-2.42533717857e-08	1.52424781218e-07	0.563211647107
Ovary__H3K4me1	-1.09606898453e-08	6.28484616519e-08	0.569223931018
Primary_T_helper_memory_cells_from_peripheral_blood_1__H3K27ac	-1.52521789093e-08	8.52650434221e-08	0.5709838888
Primary_T_cells_effector_memory_enriched_from_peripheral_blood__H3K4me3	-2.71771827263e-08	1.48931000527e-07	0.572397644232
Left_Ventricle__H3K27ac	-8.19801826814e-09	4.38095491588e-08	0.574220085746
Fetal_Brain_Female__DNase	-2.12688144423e-08	1.12743375574e-07	0.574815652573
Foreskin_Melanocyte_Primary_Cells_skin03__H3K27ac	-1.13486390281e-08	5.80767981415e-08	0.577463007606
Mammary_ENTEX__H3K4me1	-1.76481279229e-08	8.8383913197e-08	0.579132926405
Primary_T_helper_cells_from_peripheral_blood__H3K4me3	-2.62548798956e-08	1.28868571806e-07	0.580719224289
Fetal_Heart__H3K9ac	-1.18096145261e-08	5.75197808857e-08	0.581336584687
Primary_neutrophils_from_peripheral_blood__H3K4me1	-7.91467069686e-09	3.49985078963e-08	0.589454933948
Primary_T_helper_17_cells_PMA-I_stimulated__H3K4me3	-2.38233395205e-08	1.02882679902e-07	0.591559454519
Primary_monocytes_from_peripheral_blood__DNase	-2.72308909509e-08	1.15512078827e-07	0.59318303236
Fetal_Stomach__H3K4me1	-1.02793142906e-08	4.31290469272e-08	0.594190736004
Primary_T_helper_17_cells_PMA-I_stimulated__H3K27ac	-1.85612879135e-08	7.63118687295e-08	0.596086142837
Primary_T_cells_effector_memory_enriched_from_peripheral_blood__H3K4me1	-1.72664875181e-08	7.04377809281e-08	0.596822520865
Fetal_Heart__H3K4me3	-2.2689937534e-08	9.05558216497e-08	0.598924001061
Sigmoid_Colon__H3K36me3	-2.05683171721e-08	8.18029468547e-08	0.599262007756
Rectal_Mucosa_Donor_31__H3K4me1	-1.45110179765e-08	5.66750616958e-08	0.601039582965
Foreskin_Melanocyte_Primary_Cells_skin01__H3K36me3	-2.24247729625e-08	8.70960252291e-08	0.601592720405
Sigmoid_Colon__H3K4me3	-6.08316842497e-08	2.34787354085e-07	0.602218132832
Psoas_Muscle__H3K27ac	-2.11274881806e-08	8.07642652274e-08	0.603182960483
Sigmoid_Colon__H3K4me1	-3.63660032927e-08	1.38717410207e-07	0.603400529685
Placenta_Amnion__H3K27ac	-2.59753590465e-08	9.39574528664e-08	0.608902127124
Primary_hematopoietic_stem_cells_short_term_culture__H3K36me3	-1.41632283737e-08	4.88479087404e-08	0.614071010889
Pancreas__DNase	-3.86331442287e-08	1.3278564797e-07	0.61445280068
Colonic_Mucosa__H3K36me3	-2.65485604935e-08	8.98551590759e-08	0.616178557334
Pancreatic_Islets__H3K36me3	-3.24391909188e-08	1.08490439396e-07	0.617531909654
Primary_mononuclear_cells_from_peripheral_blood__H3K4me1	-4.21374920316e-08	1.38083944371e-07	0.619877288415
Stomach_ENTEX__H3K4me1	-1.51509107714e-08	4.84304043286e-08	0.622798441538
Colonic_Mucosa__H3K4me1	-2.85593862271e-08	8.98963051814e-08	0.624640917689
Placenta__DNase	-2.70329674596e-08	8.474754004e-08	0.62513004253
Brain_Anterior_Caudate__H3K4me1	-1.68972587601e-08	5.17536798854e-08	0.627974633316
Fetal_Muscle_Trunk__H3K27ac	-2.01381641856e-08	6.06358558135e-08	0.630099329257
Primary_T_helper_memory_cells_from_peripheral_blood_2__H3K4me3	-4.78130021631e-08	1.41721899699e-07	0.632081759066
Primary_T_helper_naive_cells_from_peripheral_blood_2__H3K4me1	-1.38456683214e-08	4.01044125337e-08	0.635043221428
Foreskin_Keratinocyte_Primary_Cells_skin03__H3K4me1	-1.3775785901e-08	3.84284106874e-08	0.640007634308
Fetal_Stomach__H3K36me3	-1.55071455473e-08	4.23854293732e-08	0.642765336057
Right_Atrium__H3K4me1	-3.00078996327e-08	8.09111628322e-08	0.644634553434
Right_Ventricle__H3K4me1	-2.09403433025e-08	5.60112648786e-08	0.645745574135
Placenta__H3K4me1	-1.8294739747e-08	4.87446416954e-08	0.646287996689
Primary_T_cells_effector_memory_enriched_from_peripheral_blood__H3K27ac	-2.74242114355e-08	7.13812591467e-08	0.649582459623
Rectal_Smooth_Muscle__H3K36me3	-4.38380944036e-08	1.13538242203e-07	0.650291888222
Primary_Natural_Killer_cells_from_peripheral_blood__H3K4me1	-1.96944793171e-08	5.08376520005e-08	0.650769751045
Foreskin_Fibroblast_Primary_Cells_skin01__H3K36me3	-1.48286284642e-08	3.8002855622e-08	0.651804834514
Rectal_Mucosa_Donor_31__H3K4me3	-5.62802152806e-08	1.42580774106e-07	0.653477124483
Stomach_Mucosa__H3K4me1	-1.74522510602e-08	4.4136805993e-08	0.653730809599
Stomach_Smooth_Muscle__H3K4me1	-1.98526406561e-08	4.99191572146e-08	0.65457279415
Primary_T_helper_memory_cells_from_peripheral_blood_1__H3K36me3	-2.75923781963e-08	6.82906997994e-08	0.656909444941
Primary_Natural_Killer_cells_from_peripheral_blood__H3K27ac	-2.59674278625e-08	6.38966372116e-08	0.657774688745
Rectal_Smooth_Muscle__H3K9ac	-8.87283995821e-08	2.1634090462e-07	0.65914556163
Colon_Smooth_Muscle__H3K27ac	-1.7932257611e-08	4.29176154567e-08	0.66196421022
Skeletal_Muscle_Female__H3K9ac	-4.29102312342e-08	1.02080464847e-07	0.662887638079
Right_Atrium__H3K4me3	-8.7670664316e-08	2.0677895439e-07	0.664210723102
Pancreas__H3K4me3	-8.22621902851e-08	1.91082969203e-07	0.666585866468
Pancreas_ENTEX__H3K4me3	-6.16344040796e-08	1.42998552164e-07	0.66677097094
HMEC_Mammary_Epithelial_Primary_Cells__H3K27ac	-2.47338848039e-08	5.59977216664e-08	0.67064484929
Testis_ENTEX__H3K36me3	-1.12838214369e-07	2.4912330083e-07	0.674704469569
Breast_Myoepithelial_Primary_Cells__H3K9ac	-6.05056275316e-08	1.3149607518e-07	0.677289467787
Liver__H3K4me1	-1.7745051722e-08	3.7414590831e-08	0.682350441919
Foreskin_Keratinocyte_Primary_Cells_skin03__H3K36me3	-1.38325525968e-08	2.87642665361e-08	0.684703950437
Primary_T_cells_from_peripheral_blood__H3K4me1	-2.25290041096e-08	4.67197709142e-08	0.68517361527
Rectal_Smooth_Muscle__H3K4me1	-2.96075995446e-08	5.9479844141e-08	0.690678799939
Small_Intestine__H3K4me3	-1.18492898856e-07	2.37965326786e-07	0.690737491199
Primary_T_helper_cells_PMA-I_stimulated__H3K27ac	-2.15083369526e-08	4.29854227291e-08	0.691590428556
Primary_T_killer_memory_cells_from_peripheral_blood__H3K4me1	-2.48025811486e-08	4.92284125043e-08	0.692808365001
Aorta__H3K27ac	-2.74436880577e-08	5.40402867185e-08	0.694216371275
Skeletal_Muscle_Female__H3K4me1	-2.1733903133e-08	4.20042019944e-08	0.697569238239
Fetal_Muscle_Leg__H3K27ac	-2.6403376169e-08	5.02402825294e-08	0.700396751306
Fetal_Thymus__H3K4me3	-9.19759409482e-08	1.73699939736e-07	0.701774316769
Fetal_Intestine_Large__H3K4me3	-9.87917581525e-08	1.85314545524e-07	0.703018892353
skeletal_muscle_ENTEX__H3K4me1	-1.35885373061e-08	2.5244395047e-08	0.704807907501
Lung_ENTEX__H3K36me3	-2.50024616444e-08	4.56751570942e-08	0.707947124967
Uterus_ENTEX__H3K4me3	-1.32843658138e-07	2.41749651019e-07	0.708671974799
Fetal_Lung__H3K9ac	-7.17230395132e-08	1.30456572353e-07	0.708766504628
SI-Term-Ileum_ENTEX__H3K27ac	-2.36261324958e-08	4.24884254949e-08	0.710915230491
Mammary_ENTEX__H3K36me3	-2.83716535915e-08	5.10166039389e-08	0.71093759675
Gastric__DNase	-8.4227262767e-08	1.50728707826e-07	0.7118510265
Foreskin_Melanocyte_Primary_Cells_skin03__H3K36me3	-1.87837427019e-08	3.35849428242e-08	0.712018293994
Fetal_Kidney__H3K36me3	-8.22655955128e-08	1.46015238833e-07	0.713420153347
Colon_Smooth_Muscle__H3K4me1	-2.00564887687e-08	3.54639447757e-08	0.714148745227
Foreskin_Keratinocyte_Primary_Cells_skin03__H3K27ac	-3.12449578066e-08	5.37927838738e-08	0.719325585226
NHEK-Epidermal_Keratinocyte_Primary_Cells__H3K36me3	-2.64520448413e-08	4.50357134936e-08	0.721518041041
Brain_Dorsolateral_Prefrontal_Cortex__H3K4me1	-3.74954995277e-08	6.34715789578e-08	0.722654257133
Spleen_ENTEX__H3K36me3	-1.7953609282e-08	3.02923525659e-08	0.723301648052
Primary_monocytes_from_peripheral_blood__H3K36me3	-2.1784311479e-08	3.58454903534e-08	0.7283160861
Thyroid_gland_ENTEX__H3K4me1	-2.15537915761e-08	3.48423921566e-08	0.731912770382
Heart-LV_ENTEX__H3K36me3	-4.04334306489e-08	6.37048680296e-08	0.737187701834
Primary_T_cells_from_cord_blood__H3K4me1	-4.68595430444e-08	7.36653534369e-08	0.73764885276
Vagina_ENTEX__H3K27ac	-3.14045342609e-08	4.93517614172e-08	0.737722807698
Primary_B_cells_from_cord_blood__H3K4me3	-1.23881286534e-07	1.94604832344e-07	0.737800340693
Spleen__H3K27ac	-4.05906531336e-08	6.29295304569e-08	0.740542101771
Lung_ENTEX__H3K4me1	-2.93538807278e-08	4.48653208709e-08	0.743529968315
Uterus_ENTEX__H3K27ac	-2.67804292207e-08	4.08158946338e-08	0.744128940842
Primary_T_helper_cells_PMA-I_stimulated__H3K4me1	-2.35823104299e-08	3.5351493412e-08	0.747639809835
Thyroid_gland_ENTEX__H3K27ac	-1.98261842378e-08	2.96328074359e-08	0.748272022943
Fetal_Kidney__H3K9ac	-1.35805483928e-07	2.02367435799e-07	0.748916389164
Vagina_ENTEX__H3K4me3	-1.29169165516e-07	1.90673341526e-07	0.7509356171
Thymus__H3K27ac	-6.80514356118e-08	1.00420357178e-07	0.751008173088
Right_Ventricle__H3K27ac	-3.96974910709e-08	5.4927013194e-08	0.765077617731
Foreskin_Keratinocyte_Primary_Cells_skin03__H3K4me3	-8.49360768397e-08	1.17134849422e-07	0.765808840903
SI-Term-Ileum_ENTEX__H3K4me1	-4.59541687687e-08	6.19056467474e-08	0.771055067157
SI-Term-Ileum_ENTEX__H3K36me3	-9.51926379838e-08	1.27131323898e-07	0.773003302553
Primary_B_cells_from_peripheral_blood__H3K27ac	-5.06440127651e-08	6.7543503725e-08	0.773311941494
NHEK-Epidermal_Keratinocyte_Primary_Cells__H3K4me1	-2.82899834413e-08	3.7569410172e-08	0.774276783084
Fetal_Intestine_Small__H3K36me3	-2.3268433757e-08	3.07707884739e-08	0.775231101816
Primary_T_killer_naive_cells_from_peripheral_blood__H3K27ac	-7.1995455373e-08	9.47475288854e-08	0.776332749966
Primary_T_helper_cells_from_peripheral_blood__H3K4me1	-3.26078301493e-08	4.22404554476e-08	0.779930156463
Foreskin_Keratinocyte_Primary_Cells_skin02__DNase	-5.47820409232e-08	7.0570271973e-08	0.78120711554
Primary_T_helper_memory_cells_from_peripheral_blood_1__H3K4me1	-3.82073705265e-08	4.75395211383e-08	0.789214006472
skeletal_muscle_ENTEX__H3K27ac	-1.74131963273e-08	2.16359237826e-08	0.789540516732
Primary_T_helper_memory_cells_from_peripheral_blood_2__H3K4me1	-3.57535194588e-08	4.4421966826e-08	0.789550122254
Pancreas__H3K36me3	-6.57273314603e-08	8.07987352919e-08	0.792025624328
liver_ENTEX__H3K27ac	-2.60104859827e-08	3.1705601356e-08	0.793998848005
Primary_T_regulatory_cells_from_peripheral_blood__H3K36me3	-3.3600558294e-08	4.00822711833e-08	0.799066012845
Fetal_Heart__H3K4me1	-2.5062484258e-08	2.97959952348e-08	0.799864125435
Gastric__H3K4me1	-7.49810811349e-08	8.91224152081e-08	0.799917574491
Primary_T_helper_naive_cells_from_peripheral_blood_2__H3K27ac	-4.9546715748e-08	5.83359423452e-08	0.802152345177
Pancreas_ENTEX__H3K4me1	-2.40643520291e-08	2.82863538271e-08	0.802543291273
Primary_T_helper_naive_cells_from_peripheral_blood_1__H3K4me1	-3.95657085619e-08	4.64190195892e-08	0.802992801341
Primary_B_cells_from_peripheral_blood__H3K36me3	-2.96708605151e-08	3.47268907819e-08	0.803559937134
Primary_T_helper_memory_cells_from_peripheral_blood_1__H3K4me3	-1.03173981977e-07	1.20335984742e-07	0.804383269588
Fetal_Lung__H3K4me3	-1.29775945232e-07	1.50661650273e-07	0.805483802586
Skeletal_Muscle_Male__H3K4me1	-4.47932427058e-08	5.19005436327e-08	0.805947546096
Fetal_Stomach__DNase	-1.06037711804e-07	1.198321279e-07	0.811890804008
Right_Atrium__H3K27ac	-5.94817819123e-08	6.69991766475e-08	0.812675478762
Primary_T_cells_from_cord_blood__H3K36me3	-7.44534582073e-08	8.1995576599e-08	0.81806564008
HMEC_Mammary_Epithelial_Primary_Cells__H3K9ac	-8.60098168019e-08	9.42654408542e-08	0.819226567275
Pancreas__H3K4me1	-5.47844323376e-08	5.95275267173e-08	0.821297478366
Skeletal_Muscle_Male__H3K9ac	-6.97486821652e-08	7.45327894077e-08	0.825315015931
Primary_mononuclear_cells_from_peripheral_blood__H3K27ac	-1.42580853373e-07	1.52147468385e-07	0.825652288815
Fetal_Heart__DNase	-5.76165625368e-08	6.14076933264e-08	0.82594534851
Colon_Smooth_Muscle__H3K4me3	-1.19495164135e-07	1.27096067902e-07	0.826441381472
Primary_T_killer_memory_cells_from_peripheral_blood__H3K4me3	-1.34538003591e-07	1.43000935019e-07	0.826601201172
Primary_T_cells_from_peripheral_blood__H3K36me3	-4.27240185743e-08	4.5376217328e-08	0.826788692789
Spleen_ENTEX__H3K27ac	-2.81685056757e-08	2.97076811708e-08	0.828483455566
Skeletal_Muscle_Male__H3K36me3	-5.70279984485e-08	5.97004555675e-08	0.830270708081
Primary_T_killer_naive_cells_from_peripheral_blood__H3K4me1	-3.98854394671e-08	4.16486125754e-08	0.830884271062
Fetal_Thymus__DNase	-7.53123358088e-08	7.802588766e-08	0.832783289187
liver_ENTEX__H3K4me3	-8.3389606318e-08	8.62986133629e-08	0.833050801251
Fetal_Intestine_Large__DNase	-9.8449024505e-08	1.01666715573e-07	0.833565347735
Nerve-Tibial_ENTEX__H3K36me3	-5.3888297365e-08	5.56248036039e-08	0.833672965456
NHEK-Epidermal_Keratinocyte_Primary_Cells__H3K27ac	-4.89062573076e-08	4.91505754442e-08	0.840138966336
Esoph-Mucosa_ENTEX__H3K4me1	-4.56248270216e-08	4.53394353045e-08	0.842863051306
Primary_T_helper_naive_cells_from_peripheral_blood_2__H3K4me3	-1.07331849011e-07	1.06302392991e-07	0.843676698056
NHEK-Epidermal_Keratinocyte_Primary_Cells__DNase	-7.41225445961e-08	7.33473465506e-08	0.84388858755
Primary_T_cells_from_peripheral_blood__H3K27ac	-6.17289267836e-08	6.09628732093e-08	0.844366223492
Primary_T_helper_cells_from_peripheral_blood__H3K27ac	-7.42250761327e-08	7.30158439077e-08	0.845318897354
Primary_T_helper_cells_from_peripheral_blood__H3K36me3	-4.26961291905e-08	4.14917949201e-08	0.848266234133
Stomach_Mucosa__H3K4me3	-1.90571296844e-07	1.84951911937e-07	0.848584863393
Psoas_Muscle__DNase	-9.52589090124e-08	9.20025880663e-08	0.849757479352
Ovary_ENTEX__H3K36me3	-2.09529748755e-07	2.01575125353e-07	0.850705114793
Foreskin_Keratinocyte_Primary_Cells_skin02__H3K36me3	-5.56896821649e-08	5.17537523827e-08	0.859047798178
Primary_T_cells_from_peripheral_blood__H3K4me3	-1.64965848462e-07	1.51692631782e-07	0.861592212901
Colon-Sigm_ENTEX__H3K36me3	-8.07142206781e-08	7.39465177201e-08	0.862478281685
Foreskin_Melanocyte_Primary_Cells_skin01__H3K27ac	-1.31750600157e-07	1.19267929262e-07	0.865346691535
Fetal_Intestine_Small__DNase	-1.45442417968e-07	1.30416656035e-07	0.867620533004
Primary_T_helper_memory_cells_from_peripheral_blood_2__H3K36me3	-9.33215224337e-08	8.03432876007e-08	0.877287755015
Primary_T_cells_effector_memory_enriched_from_peripheral_blood__H3K36me3	-6.36424420292e-08	5.46245190822e-08	0.878008573721
Spleen__H3K4me3	-1.42621723262e-07	1.22111182824e-07	0.878589782449
Duodenum_Smooth_Muscle__H3K4me3	-8.9692533171e-08	7.63344353998e-08	0.880001519396
Lung__H3K36me3	-9.60502715426e-08	8.07767020389e-08	0.882796662818
Esophagus__H3K27ac	-8.16103214999e-08	6.79160601683e-08	0.88524753124
Primary_T_helper_cells_PMA-I_stimulated__H3K36me3	-5.15979098376e-08	4.28720454782e-08	0.885614882785
Skeletal_Muscle_Female__H3K27ac	-5.4889380665e-08	4.53626920503e-08	0.886862766755
Small_Intestine__H3K4me1	-1.15285767027e-07	9.36381235541e-08	0.890872987921
Artery-Tibial_ENTEX__H3K36me3	-6.8234107638e-08	5.43339714559e-08	0.895410780961
Esophagus__H3K4me1	-9.49735675021e-08	7.52404542023e-08	0.896573696508
Primary_T_killer_naive_cells_from_peripheral_blood__H3K4me3	-2.19249847246e-07	1.71520131374e-07	0.899423710224
skeletal_muscle_ENTEX__H3K4me3	-8.66724609041e-08	6.77890720016e-08	0.899474147261
Foreskin_Fibroblast_Primary_Cells_skin02__H3K36me3	-5.99772898136e-08	4.68118460261e-08	0.899945610682
Esoph-Mucosa_ENTEX__H3K4me3	-1.76371595405e-07	1.36590916557e-07	0.901689689861
Right_Ventricle__H3K36me3	-8.35166387002e-08	6.3190798285e-08	0.906859008379
Primary_B_cells_from_cord_blood__H3K36me3	-1.66793043182e-07	1.25348673979e-07	0.908345049591
Fetal_Intestine_Small__H3K4me1	-5.93072308342e-08	4.4534939229e-08	0.908520798254
Fetal_Muscle_Trunk__H3K4me1	-4.67682473697e-08	3.50944137442e-08	0.908675144271
Duodenum_Mucosa__H3K9ac	-1.64324066007e-07	1.22844894305e-07	0.909495508757
Skeletal_Muscle_Female__H3K4me3	-1.46807419509e-07	1.09012367471e-07	0.910962249902
Adipose_Nuclei__H3K4me3	-1.1377222767e-07	8.43832541392e-08	0.911215778903
Primary_Natural_Killer_cells_from_peripheral_blood__H3K4me3	-2.37437974144e-07	1.75699266672e-07	0.911714497354
Esoph-Mucosa_ENTEX__H3K36me3	-9.69225714565e-08	7.09084698736e-08	0.914166775389
NHEK-Epidermal_Keratinocyte_Primary_Cells__H3K4me3	-1.55412897693e-07	1.12922800801e-07	0.915631841042
Spleen__H3K4me1	-8.12445117975e-08	5.88904990153e-08	0.916142934786
Fetal_Muscle_Leg__H3K4me1	-5.54664262541e-08	3.93114922055e-08	0.920869857362
Primary_T_helper_naive_cells_from_peripheral_blood_1__H3K36me3	-9.32133760691e-08	6.50661396326e-08	0.924013083869
Colon-TV_ENTEX__H3K36me3	-9.97940414642e-08	6.91125061703e-08	0.925621522258
liver_ENTEX__H3K36me3	-7.77571566336e-08	5.35436600993e-08	0.926779733073
Fetal_Intestine_Small__H3K27ac	-7.85675589866e-08	5.1776210311e-08	0.935422833467
Skin_tissue_ENTEX__H3K4me3	-2.38042973329e-07	1.56312063062e-07	0.936104401165
Skeletal_Muscle_Male__H3K4me3	-1.99684606939e-07	1.30412321948e-07	0.937137418628
Heart-Atrial_ENTEX__H3K36me3	-7.3631696382e-08	4.79002822069e-08	0.937876252044
Primary_T_cells_from_cord_blood__H3K4me3	-2.89968842244e-07	1.88063263146e-07	0.938447237441
Fetal_Intestine_Large__H3K4me1	-6.72621910159e-08	4.35543652485e-08	0.93874545703
Liver__H3K27ac	-6.10934731816e-08	3.95023946414e-08	0.939017293679
Pancreatic_Islets__H3K9ac	-3.33844047871e-07	2.14881584402e-07	0.939862302006
Esophagus__H3K36me3	-1.27197752289e-07	8.07958061361e-08	0.942292253113
HMEC_Mammary_Epithelial_Primary_Cells__H3K4me3	-2.68534393351e-07	1.70340996961e-07	0.942539155628
Primary_T_helper_naive_cells_from_peripheral_blood_2__H3K36me3	-8.01876482132e-08	5.06039588849e-08	0.94347275893
Primary_mononuclear_cells_from_peripheral_blood__H3K9ac	-1.95210284e-07	1.22132129883e-07	0.945017806168
Fetal_Muscle_Trunk__DNase	-1.50648983796e-07	9.40970353378e-08	0.94531110523
NHEK-Epidermal_Keratinocyte_Primary_Cells__H3K9ac	-1.19687561734e-07	7.47533385299e-08	0.945322601167
Duodenum_Mucosa__H3K4me3	-1.68195922876e-07	1.04595432325e-07	0.946089181655
Primary_mononuclear_cells_from_peripheral_blood__H3K36me3	-7.38760019011e-08	4.56106747655e-08	0.947352555395
Right_Atrium__H3K36me3	-2.12762322143e-07	1.28207350681e-07	0.951494205715
Primary_T_killer_memory_cells_from_peripheral_blood__H3K36me3	-1.26720210272e-07	7.44418162505e-08	0.955647792907
Duodenum_Mucosa__H3K4me1	-9.54422523797e-08	5.56792506534e-08	0.956748856951
Gastric__H3K36me3	-1.31501284785e-07	7.58669692944e-08	0.958480068709
Spleen__H3K36me3	-1.10678139446e-07	6.35161981779e-08	0.959291106375
Breast_variant_Human_Mammary_Epithelial_Cells_(vHMEC)__H3K4me3	-3.30927922857e-07	1.87462754162e-07	0.961243285709
Primary_T_helper_naive_cells_from_peripheral_blood_1__H3K4me3	-2.11290814119e-07	1.18685438753e-07	0.962483203757
Primary_T_killer_naive_cells_from_peripheral_blood__H3K36me3	-1.49527088458e-07	8.18650714226e-08	0.966113001576
Heart-Atrial_ENTEX__H3K27ac	-5.79133585607e-08	3.11753830369e-08	0.968391563837
Mammary_ENTEX__H3K4me3	-1.99062938538e-07	1.05744522684e-07	0.97011519822
Prostate_ENTEX__H3K4me3	-4.21916472977e-07	2.23746390109e-07	0.970331672351
Small_Intestine__DNase	-1.90290081107e-07	9.55239129176e-08	0.97681817312
Gastric__H3K4me3	-2.63290899739e-07	1.27564867772e-07	0.980490031593
Primary_mononuclear_cells_from_peripheral_blood__H3K4me3	-4.33405353032e-07	2.08071623977e-07	0.981372670958
Primary_T_helper_17_cells_PMA-I_stimulated__H3K36me3	-9.83788035483e-08	4.72083820698e-08	0.981416578222
Fetal_Intestine_Large__H3K27ac	-1.01655451272e-07	4.82027055607e-08	0.98252407843
Esophagus__H3K4me3	-4.26674738047e-07	1.96226861735e-07	0.985162264294
Liver__H3K9ac	-1.57263127819e-07	7.19880495652e-08	0.985539904296
Lung__H3K4me3	-4.37077438526e-07	1.98040980259e-07	0.986343145848
Primary_T_helper_cells_PMA-I_stimulated__H3K4me3	-1.83823018451e-07	8.10393013272e-08	0.98834512649
Liver__H3K4me3	-2.00616972877e-07	8.05633476516e-08	0.99361602041
