Name	Coefficient	Coefficient_std_error	Coefficient_P_value
Heart-Atrial_ENTEX__H3K36me3	1.24019339518e-07	4.49571097732e-08	0.00290234738705
Cortex_derived_primary_cultured_neurospheres__H3K36me3	1.72105594702e-07	6.55926873488e-08	0.00434706008163
Heart-LV_ENTEX__H3K36me3	1.19122149506e-07	5.57531591725e-08	0.016315306594
Fetal_Brain_Female__H3K36me3	1.29889354186e-07	6.44820456817e-08	0.0219864443187
Ganglion_Eminence_derived_primary_cultured_neurospheres__H3K36me3	1.25870919497e-07	6.37943707255e-08	0.0242436505784
Brain_Germinal_Matrix__H3K36me3	1.66285551233e-07	8.6540890467e-08	0.0273363667993
Esoph-Muscularis_ENTEX__H3K36me3	8.40606759833e-08	4.40111283627e-08	0.028067453885
Spleen_ENTEX__H3K4me3	1.09212866468e-07	5.89257384202e-08	0.0319126416992
Cortex_derived_primary_cultured_neurospheres__H3K4me3	4.00902340572e-07	2.20574150213e-07	0.0345672347943
Aorta__H3K4me3	3.39736850802e-07	1.89094475289e-07	0.0361954907125
Brain_Cingulate_Gyrus__H3K9ac	2.28383340557e-07	1.28560917052e-07	0.0378285557509
Left_Ventricle__H3K36me3	1.18669637938e-07	6.78053479881e-08	0.0400460793794
Placenta__DNase	1.4061351239e-07	8.55521495037e-08	0.0501294276259
Foreskin_Keratinocyte_Primary_Cells_skin02__H3K4me1	1.1225286022e-07	6.90633058615e-08	0.0520427435175
Right_Ventricle__H3K4me3	2.99130063947e-07	1.85264999683e-07	0.0531979735904
Fetal_Brain_Female__H3K4me3	2.66131240518e-07	1.66517232121e-07	0.0549969654755
Primary_neutrophils_from_peripheral_blood__H3K4me1	5.03197073624e-08	3.27413727996e-08	0.062160801667
Primary_monocytes_from_peripheral_blood__H3K4me1	5.93306644175e-08	3.87108449076e-08	0.0626795036773
Brain_Anterior_Caudate__H3K36me3	1.11399830671e-07	7.28088328306e-08	0.0630044269996
Brain_Inferior_Temporal_Lobe__H3K4me3	2.05966282705e-07	1.35604295267e-07	0.0643966948584
Brain_Germinal_Matrix__H3K4me3	2.59835758472e-07	1.72307099395e-07	0.0657797495943
Fetal_Kidney__H3K4me1	1.83517154857e-07	1.23763168236e-07	0.0690625658571
Brain_Germinal_Matrix__H3K4me1	1.2649892264e-07	8.86433673619e-08	0.0767820827072
Right_Atrium__H3K36me3	1.36390489151e-07	9.73187200103e-08	0.0805349091199
skeletal_muscle_ENTEX__H3K36me3	4.84295609153e-08	3.46179744424e-08	0.0809107592711
Brain_Substantia_Nigra__H3K36me3	1.56264334874e-07	1.12457265126e-07	0.082333672688
NHEK-Epidermal_Keratinocyte_Primary_Cells__DNase	1.17943910266e-07	8.51930012433e-08	0.0831131203774
Adipose_Nuclei__H3K27ac	4.77022464236e-08	3.46408824489e-08	0.0842483089871
HMEC_Mammary_Epithelial_Primary_Cells__H3K27ac	8.59234562556e-08	6.24149680131e-08	0.0843105133843
Foreskin_Melanocyte_Primary_Cells_skin01__H3K4me1	1.38252853975e-07	1.01245468485e-07	0.0860446157054
Right_Atrium__H3K4me3	2.41278684674e-07	1.79724661062e-07	0.0897184731271
Sigmoid_Colon__H3K4me1	1.60346313057e-07	1.20092080919e-07	0.0909063113066
NHEK-Epidermal_Keratinocyte_Primary_Cells__H3K27ac	7.50458405991e-08	5.68145049179e-08	0.0932686431099
Aorta_ENTEX__H3K4me3	8.56630136579e-08	6.59874952859e-08	0.0971143922302
Primary_monocytes_from_peripheral_blood__H3K27ac	9.17842533304e-08	7.12205379372e-08	0.098745473108
Foreskin_Keratinocyte_Primary_Cells_skin03__H3K4me1	5.7276075666e-08	4.44615948068e-08	0.0988356351655
HMEC_Mammary_Epithelial_Primary_Cells__H3K9ac	1.33962081673e-07	1.07068061371e-07	0.105433274515
Fetal_Intestine_Small__DNase	1.84958342738e-07	1.49274948357e-07	0.107664460985
Colon-TV_ENTEX__H3K36me3	8.09708762744e-08	6.55183393647e-08	0.108257058963
Adrenal_gland_ENTEX__H3K4me3	1.4380629286e-07	1.17437819641e-07	0.110375922025
Fetal_Intestine_Large__H3K4me1	5.64700046913e-08	4.65233915754e-08	0.11241241442
SI-Term-Ileum_ENTEX__H3K4me1	8.45859367107e-08	7.06778967886e-08	0.115696038152
Fetal_Thymus__H3K36me3	3.78149847043e-08	3.16475519795e-08	0.116067219565
Thyroid_gland_ENTEX__H3K27ac	3.2399987794e-08	2.74408773804e-08	0.118857022645
Primary_Natural_Killer_cells_from_peripheral_blood__DNase	1.14059107687e-07	9.69491009188e-08	0.11970067543
Brain_Anterior_Caudate__H3K27ac	4.68578295678e-08	4.03671178027e-08	0.122863237688
Fetal_Intestine_Large__DNase	1.32079202489e-07	1.14290762812e-07	0.123913816337
NHEK-Epidermal_Keratinocyte_Primary_Cells__H3K4me1	4.99653479577e-08	4.40210794775e-08	0.128180888455
Artery-Coronary_ENTEX__H3K27ac	4.33196720981e-08	3.82538834228e-08	0.128727799892
liver_ENTEX__H3K4me3	9.47789931177e-08	8.36961588399e-08	0.128729480079
Fetal_Brain_Male__H3K4me1	4.76574834249e-08	4.37594643841e-08	0.138059677408
Fetal_Muscle_Trunk__H3K36me3	6.12990280999e-08	5.68041209551e-08	0.140264901201
Brain_Inferior_Temporal_Lobe__H3K9ac	1.04093114209e-07	9.64751995723e-08	0.140302241719
Fetal_Brain_Female__H3K4me1	7.36601483019e-08	6.93899864628e-08	0.144222602827
Placenta_Amnion__H3K36me3	6.18616285003e-08	5.91438527499e-08	0.147791607205
Fetal_Brain_Female__DNase	1.07104904938e-07	1.03552166378e-07	0.150495939201
Fetal_Intestine_Large__H3K27ac	6.18516049166e-08	6.01682880144e-08	0.151980367587
Placenta__H3K4me1	4.57227995132e-08	4.45226937986e-08	0.152220845537
Brain_Anterior_Caudate__H3K9ac	1.02589764633e-07	9.99942842356e-08	0.152456094448
Brain_Cingulate_Gyrus__H3K36me3	8.26208621841e-08	8.07868316264e-08	0.153224359602
skeletal_muscle_ENTEX__H3K4me1	2.48005595572e-08	2.46207486576e-08	0.156894539921
NHEK-Epidermal_Keratinocyte_Primary_Cells__H3K9ac	9.22296201012e-08	9.23109718199e-08	0.158868591607
HMEC_Mammary_Epithelial_Primary_Cells__H3K4me1	5.45532665102e-08	5.50396928372e-08	0.160803177054
Brain_Dorsolateral_Prefrontal_Cortex__H3K9ac	1.42955309459e-07	1.47321756547e-07	0.165933252662
Ganglion_Eminence_derived_primary_cultured_neurospheres__H3K4me3	1.48444241363e-07	1.53722278175e-07	0.167105890577
Cortex_derived_primary_cultured_neurospheres__H3K4me1	4.68658484512e-08	4.8867187756e-08	0.168767953598
Primary_monocytes_from_peripheral_blood__DNase	1.12213918379e-07	1.18229146517e-07	0.171279209249
Colonic_Mucosa__H3K4me1	8.06264270641e-08	8.53785864231e-08	0.172497927614
Lung_ENTEX__H3K27ac	3.5046848656e-08	3.75424020404e-08	0.175273949695
Adrenal_gland_ENTEX__H3K27ac	3.26245971868e-08	3.5443409362e-08	0.178663585603
Fetal_Intestine_Large__H3K36me3	4.20131015903e-08	4.60840096506e-08	0.180972987249
Placenta__H3K27ac	3.65317310465e-08	4.04442616395e-08	0.183193650121
Brain_Hippocampus_Middle__H3K4me3	1.0572104025e-07	1.17600170175e-07	0.184329756186
Brain_Angular_Gyrus__H3K36me3	8.08752290258e-08	9.03584085439e-08	0.185380371094
Fetal_Thymus__H3K27ac	4.74897377822e-08	5.34289607281e-08	0.187044837725
Thyroid_gland_ENTEX__H3K36me3	5.44806235834e-08	6.2036982624e-08	0.189918709211
Primary_monocytes_from_peripheral_blood__H3K4me3	1.80186722681e-07	2.06257323734e-07	0.191167634345
Breast_variant_Human_Mammary_Epithelial_Cells_(vHMEC)__H3K4me1	4.71400068695e-08	5.4206335318e-08	0.192248537986
Foreskin_Melanocyte_Primary_Cells_skin01__DNase	6.43638976619e-08	7.51303031019e-08	0.195806208887
NHEK-Epidermal_Keratinocyte_Primary_Cells__H3K36me3	3.97357629511e-08	4.6894066356e-08	0.198399582
Skeletal_Muscle_Female__H3K36me3	4.12507918075e-08	5.05431541024e-08	0.207207194212
Brain_Anterior_Caudate__H3K4me3	9.95404221521e-08	1.22108181323e-07	0.207483997898
Right_Ventricle__H3K36me3	4.7813414082e-08	5.86586741949e-08	0.207503980481
Fetal_Adrenal_Gland__H3K27ac	3.42873854331e-08	4.22366857597e-08	0.20845562011
Brain_Hippocampus_Middle__H3K36me3	5.56212336433e-08	6.92296997509e-08	0.210863053879
Primary_T_helper_17_cells_PMA-I_stimulated__H3K4me3	9.17135567127e-08	1.14602896474e-07	0.21177644035
Rectal_Mucosa_Donor_29__H3K4me1	7.0398844866e-08	8.844687553e-08	0.213032013454
Fetal_Intestine_Small__H3K4me1	3.38419860688e-08	4.29790720781e-08	0.215522071194
Fetal_Intestine_Large__H3K4me3	1.64997021943e-07	2.10201629787e-07	0.216242484714
Nerve-Tibial_ENTEX__H3K4me1	2.8964702444e-08	3.72875890039e-08	0.218640735994
Foreskin_Fibroblast_Primary_Cells_skin01__H3K36me3	2.89259629896e-08	3.73549143063e-08	0.219360456828
Foreskin_Melanocyte_Primary_Cells_skin03__H3K4me3	1.32006130883e-07	1.72010723493e-07	0.221413050051
Primary_neutrophils_from_peripheral_blood__H3K4me3	6.35363813991e-08	8.28644108869e-08	0.22161474617
Primary_T_helper_cells_from_peripheral_blood__H3K4me3	1.26092328885e-07	1.65869206783e-07	0.22357012059
Brain_Cingulate_Gyrus__H3K4me1	3.54911661101e-08	4.67433273359e-08	0.223843226964
Mammary_ENTEX__H3K27ac	2.83031812262e-08	3.73647305422e-08	0.224380008663
Fetal_Intestine_Small__H3K27ac	4.22264455098e-08	5.5761338018e-08	0.224443753598
Foreskin_Keratinocyte_Primary_Cells_skin02__H3K4me3	1.23184820316e-07	1.63107007769e-07	0.225052709815
Lung_ENTEX__H3K4me1	2.93146733154e-08	3.91982961549e-08	0.227273568802
Foreskin_Melanocyte_Primary_Cells_skin03__H3K4me1	2.66026702189e-08	3.58585185128e-08	0.2290804235
Fetal_Stomach__H3K36me3	2.58540462955e-08	3.49022525696e-08	0.229420757319
Rectal_Mucosa_Donor_29__H3K9ac	1.1667596745e-07	1.5807713635e-07	0.230228315806
Duodenum_Mucosa__H3K4me1	4.41769853979e-08	5.99712375281e-08	0.230671802893
Brain_Dorsolateral_Prefrontal_Cortex__H3K36me3	5.88665172153e-08	7.99240125252e-08	0.230703787952
Brain_Angular_Gyrus__H3K27ac	3.51332618034e-08	4.8246490163e-08	0.233244519422
Thyroid_gland_ENTEX__H3K4me3	1.07955516933e-07	1.48641443822e-07	0.233833137633
Breast_Myoepithelial_Primary_Cells__H3K36me3	2.47512163852e-08	3.44195092265e-08	0.236038335345
Aorta_ENTEX__H3K4me1	1.71835004139e-08	2.40743734254e-08	0.237685542889
Primary_T_cells_from_cord_blood__DNase	1.27520421073e-07	1.81240630748e-07	0.240841792123
skeletal_muscle_ENTEX__H3K27ac	1.4578848001e-08	2.13531676732e-08	0.247382817524
Thymus__H3K4me1	4.43300602302e-08	6.49403279625e-08	0.247421094582
Fetal_Kidney__H3K9ac	1.36996344718e-07	2.01299224634e-07	0.248074745166
Brain_Angular_Gyrus__H3K9ac	7.89294871131e-08	1.16829046553e-07	0.249647909854
Colon-Sigm_ENTEX__H3K36me3	4.37704519363e-08	6.54966637548e-08	0.251975774991
Fetal_Intestine_Small__H3K36me3	1.8541281949e-08	2.77522225449e-08	0.252034627161
Testis_ENTEX__H3K4me3	5.01797183031e-08	7.56624543113e-08	0.253599633591
Brain_Angular_Gyrus__H3K4me3	1.12027141039e-07	1.69347411879e-07	0.254138611455
Fetal_Intestine_Small__H3K4me3	1.20381253747e-07	1.83623032668e-07	0.256044279054
Brain_Hippocampus_Middle__H3K27ac	2.5048681986e-08	3.85610503357e-08	0.257980144786
Fetal_Heart__H3K36me3	6.86460262144e-08	1.08379686415e-07	0.263241253888
Primary_B_cells_from_peripheral_blood__DNase	7.6336351561e-08	1.21856670093e-07	0.265511954627
Rectal_Mucosa_Donor_31__H3K9ac	6.68894897935e-08	1.07725764158e-07	0.267324883632
Thymus__H3K27ac	5.60212233231e-08	9.17032862657e-08	0.270634026835
Foreskin_Keratinocyte_Primary_Cells_skin03__H3K27ac	3.21640927832e-08	5.38159333239e-08	0.275030545118
Osteoblast_Primary_Cells__H3K27ac	2.6860362608e-08	4.61518748574e-08	0.280283548844
Thyroid_gland_ENTEX__H3K4me1	1.75365738932e-08	3.03519721377e-08	0.281708427379
Breast_variant_Human_Mammary_Epithelial_Cells_(vHMEC)__H3K4me3	9.86024294949e-08	1.74588729751e-07	0.286115199757
Fetal_Brain_Male__DNase	5.31841566272e-08	9.50890798631e-08	0.287975504364
Foreskin_Melanocyte_Primary_Cells_skin03__H3K27ac	3.46039904546e-08	6.30704233831e-08	0.29162064167
HMEC_Mammary_Epithelial_Primary_Cells__H3K36me3	3.99447110957e-08	7.28673189826e-08	0.291782723747
Aorta__H3K4me1	5.65839448852e-08	1.03723526207e-07	0.292695687908
Esoph-Muscularis_ENTEX__H3K4me1	2.03755746908e-08	3.74265658927e-08	0.29307804735
NHLF_Lung_Fibroblast_Primary_Cells__DNase	5.41623098277e-08	1.00683197152e-07	0.29530652487
Psoas_Muscle__H3K4me1	4.20615864275e-08	7.83806148988e-08	0.295760740187
Thymus__H3K36me3	4.00089717387e-08	7.53543234396e-08	0.297728582211
Foreskin_Keratinocyte_Primary_Cells_skin02__H3K36me3	2.88028223106e-08	5.46377267431e-08	0.299041252658
Primary_T_cells_from_cord_blood__H3K4me1	3.65107258622e-08	6.92928943544e-08	0.299130014461
Fetal_Stomach__H3K27ac	3.03769204491e-08	5.77770550632e-08	0.299527148275
Foreskin_Melanocyte_Primary_Cells_skin01__H3K4me3	8.60512861327e-08	1.67982355546e-07	0.304233185191
Stomach_Mucosa__H3K4me3	1.03568527382e-07	2.03053830196e-07	0.305006627234
Brain_Substantia_Nigra__H3K4me1	2.05642705565e-08	4.12665665881e-08	0.309126566209
Lung__H3K4me1	3.23287843428e-08	6.57807307022e-08	0.311549566236
Primary_T_helper_memory_cells_from_peripheral_blood_2__H3K4me3	6.99833940335e-08	1.43718047174e-07	0.313147151088
Nerve-Tibial_ENTEX__H3K27ac	1.39207023157e-08	2.89942515181e-08	0.315571251153
Brain_Anterior_Caudate__H3K4me1	2.31333358544e-08	4.86229681701e-08	0.317119222881
Duodenum_Mucosa__H3K9ac	7.38898628592e-08	1.55403619575e-07	0.317225767501
Brain_Cingulate_Gyrus__H3K27ac	1.92743188017e-08	4.11704212556e-08	0.319835309738
Brain_Dorsolateral_Prefrontal_Cortex__H3K27ac	2.44333180357e-08	5.29731470663e-08	0.322313323785
Foreskin_Keratinocyte_Primary_Cells_skin02__DNase	3.67503869365e-08	8.02769198445e-08	0.323549799655
Right_Atrium__H3K27ac	3.00495507161e-08	6.58138711791e-08	0.323985094577
Brain_Hippocampus_Middle__H3K4me1	1.56105547304e-08	3.42906745753e-08	0.324467579573
Brain_Substantia_Nigra__H3K9ac	4.84677879628e-08	1.08272930304e-07	0.327204870287
Primary_hematopoietic_stem_cells_short_term_culture__H3K36me3	1.79186951778e-08	4.01058647008e-08	0.327515183589
Heart-Atrial_ENTEX__H3K27ac	1.27601455961e-08	2.93299481485e-08	0.331761190999
Fetal_Adrenal_Gland__DNase	4.36348822962e-08	1.02099288504e-07	0.334552397489
Thymus__H3K4me3	7.15232699532e-08	1.68357057076e-07	0.335479997084
Duodenum_Smooth_Muscle__H3K4me3	3.59007002642e-08	8.65137614824e-08	0.339081574214
Primary_T_cells_from_peripheral_blood__DNase	3.6474041919e-08	9.05182704065e-08	0.343493703123
Small_Intestine__H3K4me1	3.51805670559e-08	8.75614275656e-08	0.343922396715
Liver__H3K9ac	3.17666109557e-08	7.92836821995e-08	0.344331466846
Brain_Inferior_Temporal_Lobe__H3K36me3	2.88642338485e-08	7.28684557811e-08	0.346010372465
Placenta__H3K36me3	2.40070605628e-08	6.16204449303e-08	0.348417765033
Gastric__H3K36me3	2.29370124356e-08	5.94265072446e-08	0.349758425112
NHEK-Epidermal_Keratinocyte_Primary_Cells__H3K4me3	5.07093630974e-08	1.31460632819e-07	0.349845354149
Fetal_Stomach__H3K4me1	1.8553484559e-08	4.82610409338e-08	0.350326102526
NHDF-Ad_Adult_Dermal_Fibroblast_Primary_Cells__H3K4me3	7.46460177152e-08	1.97000459518e-07	0.352376267898
Primary_T_helper_naive_cells_from_peripheral_blood_2__H3K4me1	1.42046424773e-08	3.77240440354e-08	0.353257437263
Rectal_Mucosa_Donor_31__H3K4me1	1.9274201981e-08	5.14523377416e-08	0.353977857009
Primary_T_cells_from_peripheral_blood__H3K4me3	5.97380554735e-08	1.60050649199e-07	0.354483167598
Sigmoid_Colon__H3K36me3	2.69372862578e-08	7.51046965436e-08	0.359923553235
Colon_Smooth_Muscle__H3K36me3	2.08118969815e-08	5.83984930712e-08	0.360779015388
Brain_Substantia_Nigra__H3K27ac	1.23345347543e-08	3.4661443044e-08	0.360973639467
Ganglion_Eminence_derived_primary_cultured_neurospheres__H3K4me1	2.52707921709e-08	7.1192591705e-08	0.361308359233
Fetal_Stomach__H3K4me3	7.59087314305e-08	2.15514818154e-07	0.362336461717
Primary_T_helper_naive_cells_from_peripheral_blood_2__H3K4me3	4.4579953271e-08	1.28831193703e-07	0.364658639865
Left_Ventricle__H3K4me3	7.56089980336e-08	2.21529998669e-07	0.366437498668
Primary_T_helper_cells_PMA-I_stimulated__H3K4me3	3.19689671597e-08	9.38945822452e-08	0.36674858418
Brain_Inferior_Temporal_Lobe__H3K27ac	1.21577376115e-08	3.72424698919e-08	0.372042633814
HMEC_Mammary_Epithelial_Primary_Cells__DNase	3.04202384296e-08	9.42614974777e-08	0.373452977261
skeletal_muscle_ENTEX__H3K4me3	2.43853005859e-08	7.64088148592e-08	0.374809226576
Nerve-Tibial_ENTEX__H3K4me3	5.52604491539e-08	1.76615953452e-07	0.37718408898
Foreskin_Keratinocyte_Primary_Cells_skin03__H3K4me3	4.00113665418e-08	1.30543363945e-07	0.379612498743
Lung__H3K36me3	1.87236580861e-08	6.51542986849e-08	0.386912944377
Brain_Cingulate_Gyrus__H3K4me3	4.33015438048e-08	1.53060856189e-07	0.388625175691
Brain_Dorsolateral_Prefrontal_Cortex__H3K4me3	4.73199427377e-08	1.75014885041e-07	0.393435241267
Artery-Coronary_ENTEX__H3K4me3	1.96592325463e-08	7.90842680582e-08	0.401840565052
Fetal_Lung__DNase	1.95927725928e-08	8.14289099085e-08	0.404927925693
Primary_T_helper_memory_cells_from_peripheral_blood_1__H3K4me3	3.16118522094e-08	1.33317476197e-07	0.406282976641
Breast_Myoepithelial_Primary_Cells__H3K4me1	7.61764242588e-09	3.25275337444e-08	0.407418508728
Small_Intestine__DNase	2.34840748926e-08	1.01961113665e-07	0.408920069734
NHDF-Ad_Adult_Dermal_Fibroblast_Primary_Cells__H3K36me3	2.8280779287e-08	1.23900898847e-07	0.40972469431
Primary_B_cells_from_cord_blood__H3K4me3	4.8198981096e-08	2.242819574e-07	0.414921272
Primary_T_helper_naive_cells_from_peripheral_blood_2__H3K27ac	1.13899672547e-08	5.41900234821e-08	0.416761375515
Small_Intestine__H3K36me3	2.8507167337e-08	1.36208559731e-07	0.417110705748
Aorta_ENTEX__H3K27ac	4.70622207119e-09	2.29558571374e-08	0.418781444734
Primary_T_killer_naive_cells_from_peripheral_blood__H3K9ac	3.19546571076e-08	1.55963089889e-07	0.418830588088
Fetal_Thymus__H3K4me1	6.65042991188e-09	3.48010751652e-08	0.424224249119
Colonic_Mucosa__H3K27ac	1.44109015446e-08	7.5877738433e-08	0.42468486969
Rectal_Smooth_Muscle__H3K4me3	2.46206594796e-08	1.54163979841e-07	0.436556983757
Primary_B_cells_from_cord_blood__H3K4me1	8.73661589829e-09	5.52154147889e-08	0.437138632883
Primary_hematopoietic_stem_cells_short_term_culture__H3K4me3	2.50308605075e-08	1.69352752286e-07	0.441249084351
Mammary_ENTEX__H3K36me3	6.49970900249e-09	4.56714495002e-08	0.443415801179
Rectal_Mucosa_Donor_31__H3K27ac	8.04471346979e-09	6.16535511994e-08	0.448092323868
Sigmoid_Colon__H3K27ac	9.41802072332e-09	7.62252180714e-08	0.45083373987
Adipose_Nuclei__H3K4me1	5.4692315882e-09	4.5093177298e-08	0.451731723062
Pancreas__H3K36me3	8.60266748326e-09	7.20114553511e-08	0.452454479458
Foreskin_Fibroblast_Primary_Cells_skin01__H3K4me1	5.03241563366e-09	4.24607246557e-08	0.452828099323
Primary_T_regulatory_cells_from_peripheral_blood__H3K4me3	1.30241303785e-08	1.11357598436e-07	0.453446780571
Small_Intestine__H3K4me3	2.97000070821e-08	2.59058001228e-07	0.45436279216
Right_Atrium__H3K4me1	7.96324976113e-09	7.06033625537e-08	0.45509910442
Small_Intestine__H3K27ac	8.62386658055e-09	8.12314547191e-08	0.457726065766
Fetal_Brain_Male__H3K36me3	1.41128761792e-08	1.71573469893e-07	0.467221736259
Adipose_Nuclei__H3K9ac	9.15567492e-09	1.2042812038e-07	0.469699184591
Primary_T_helper_cells_PMA-I_stimulated__H3K27ac	2.68058219897e-09	3.98776399794e-08	0.473203209456
Foreskin_Melanocyte_Primary_Cells_skin01__H3K36me3	5.30627716069e-09	8.07470768696e-08	0.473802448766
Primary_neutrophils_from_peripheral_blood__H3K36me3	1.73375906923e-09	2.6782296154e-08	0.474192391692
Primary_T_killer_memory_cells_from_peripheral_blood__H3K27ac	5.6858239415e-09	9.41250052149e-08	0.475915679414
Fetal_Muscle_Leg__H3K36me3	2.79430414965e-09	4.89416809061e-08	0.477234931566
Primary_T_helper_naive_cells_from_peripheral_blood_1__H3K4me1	2.49037836249e-09	4.46760597159e-08	0.477773265018
NHLF_Lung_Fibroblast_Primary_Cells__H3K36me3	5.45454584846e-09	1.00156791287e-07	0.478284310502
liver_ENTEX__H3K27ac	1.60491948548e-09	2.98334738526e-08	0.478548875915
Primary_T_helper_naive_cells_from_peripheral_blood_1__H3K4me3	7.96093798146e-09	1.49951747689e-07	0.478830100337
Testis_ENTEX__H3K27ac	1.61805832301e-09	3.14644440812e-08	0.479493441042
Primary_T_helper_17_cells_PMA-I_stimulated__H3K27ac	3.40214623472e-09	6.64410975526e-08	0.479580904919
Fetal_Kidney__DNase	5.36904356471e-09	1.10964215993e-07	0.480704563237
Aorta_ENTEX__H3K36me3	1.6338701016e-09	3.49163371626e-08	0.481338762384
Fetal_Adrenal_Gland__H3K4me1	1.79075442774e-09	4.53763655561e-08	0.484260038285
Stomach_Mucosa__H3K9ac	2.70678096985e-09	1.00406438618e-07	0.489246520386
Primary_T_helper_cells_from_peripheral_blood__H3K4me1	9.0457462671e-10	3.85357641598e-08	0.490636232754
Osteoblast_Primary_Cells__H3K36me3	8.78759100074e-10	3.74630932902e-08	0.490643004017
Lung__H3K27ac	5.26505589916e-10	6.82069343473e-08	0.496920499994
Primary_T_cells_from_peripheral_blood__H3K27ac	4.66083249912e-10	6.12606019974e-08	0.496964794425
Primary_T_helper_naive_cells_from_peripheral_blood_1__H3K27ac	5.53944879915e-10	1.0716209292e-07	0.497937787109
Skeletal_Muscle_Male__H3K36me3	1.43085161476e-10	6.00117224611e-08	0.499048808063
Breast_variant_Human_Mammary_Epithelial_Cells_(vHMEC)__DNase	1.69322250837e-10	9.0274772997e-08	0.499251731541
Liver__H3K27ac	-1.49406537769e-10	3.85708083331e-08	0.501545325037
Brain_Dorsolateral_Prefrontal_Cortex__H3K4me1	-2.82544348968e-10	6.72016753922e-08	0.501677317629
Primary_T_killer_naive_cells_from_peripheral_blood__H3K4me1	-6.86665485571e-10	3.98776221302e-08	0.506869174821
Fetal_Kidney__H3K4me3	-4.35353256977e-09	2.12365955617e-07	0.508177801207
Osteoblast_Primary_Cells__H3K4me1	-9.2145942459e-10	4.33915791749e-08	0.508471263394
Rectal_Smooth_Muscle__H3K36me3	-3.31489258302e-09	1.14236285349e-07	0.511574826981
Psoas_Muscle__H3K36me3	-3.65630954794e-09	1.2028006357e-07	0.512125299986
Stomach_ENTEX__H3K4me3	-5.33024793645e-09	1.3953117007e-07	0.515236338797
Foreskin_Melanocyte_Primary_Cells_skin03__H3K36me3	-1.45398730987e-09	3.269643622e-08	0.517734834678
Ovary__H3K36me3	-3.07405252606e-09	6.84045402258e-08	0.517922156363
Esoph-Mucosa_ENTEX__H3K4me3	-6.71791458265e-09	1.30678506597e-07	0.520499776387
Sigmoid_Colon__H3K4me3	-1.42753002345e-08	2.48825295255e-07	0.522875078921
Stomach_ENTEX__H3K27ac	-2.99046625909e-09	4.12765263146e-08	0.528877928255
Liver__H3K4me3	-6.28652500556e-09	8.66315480654e-08	0.52892435055
SI-Term-Ileum_ENTEX__H3K27ac	-3.57183268284e-09	4.80003095401e-08	0.529658998566
Esophagus__H3K4me3	-1.66978162196e-08	1.92206061929e-07	0.534614387649
Brain_Substantia_Nigra__H3K4me3	-1.31854740338e-08	1.43842490383e-07	0.536518317106
Adipose_Nuclei__H3K4me3	-8.59848537187e-09	9.30568255597e-08	0.536810028371
Esoph-GJ_ENTEX__H3K4me1	-4.14080656109e-09	4.27708351627e-08	0.538562862869
Foreskin_Fibroblast_Primary_Cells_skin01__H3K27ac	-5.99543710552e-09	5.80568908161e-08	0.541124987694
Stomach_Smooth_Muscle__H3K36me3	-6.42185159505e-09	6.21077081435e-08	0.541176698121
Primary_T_killer_memory_cells_from_peripheral_blood__H3K4me1	-5.09586772173e-09	4.88493136778e-08	0.541541543799
Foreskin_Fibroblast_Primary_Cells_skin01__H3K4me3	-1.0625700716e-08	9.1819009213e-08	0.546064520286
Placenta_Amnion__H3K27ac	-1.33937893415e-08	1.00371957109e-07	0.553077905711
Primary_hematopoietic_stem_cells_G-CSF-mobilized_Female__H3K36me3	-5.27902587965e-09	3.83223048599e-08	0.554782323021
Psoas_Muscle__H3K4me3	-3.05418733245e-08	2.1685814036e-07	0.556001050642
Brain_Inferior_Temporal_Lobe__H3K4me1	-8.99697489096e-09	6.04141894126e-08	0.559192232862
Spleen__H3K27ac	-9.32762727071e-09	6.18413921524e-08	0.559945664414
Prostate_ENTEX__H3K27ac	-7.59312006018e-09	4.92258545438e-08	0.561293946445
Aorta__H3K27ac	-7.98876930246e-09	5.17436480542e-08	0.561349395116
Duodenum_Smooth_Muscle__H3K27ac	-1.0227515212e-08	6.62427178813e-08	0.561350678231
Primary_T_helper_naive_cells_from_peripheral_blood__H3K9ac	-1.77639412184e-08	1.12632348742e-07	0.562659765875
HMEC_Mammary_Epithelial_Primary_Cells__H3K4me3	-3.1285676155e-08	1.97025441941e-07	0.563082848609
NHLF_Lung_Fibroblast_Primary_Cells__H3K4me3	-3.72374667591e-08	2.30769897525e-07	0.564095809567
Placenta_Amnion__H3K4me1	-8.70354769214e-09	4.96198736897e-08	0.569619086122
Placenta__H3K4me3	-3.94624449812e-08	2.08120928498e-07	0.575193821652
Fetal_Muscle_Leg__H3K4me1	-9.35729092772e-09	4.72251677555e-08	0.57853303192
Pancreas__H3K27ac	-2.22450738127e-08	1.11160745887e-07	0.579305175358
Fetal_Brain_Male__H3K4me3	-5.78280487759e-08	2.81970848343e-07	0.581247221633
Fetal_Lung__H3K4me1	-8.78865191236e-09	4.22966758255e-08	0.582301920059
Placenta_Amnion__H3K4me3	-5.34381096101e-08	2.55620729188e-07	0.582796307097
Primary_T_cells_effector_memory_enriched_from_peripheral_blood__H3K27ac	-1.3374825248e-08	6.15600243897e-08	0.585998999084
Primary_mononuclear_cells_from_peripheral_blood__H3K4me1	-3.16496013623e-08	1.44303070733e-07	0.586802447263
Foreskin_Melanocyte_Primary_Cells_skin01__H3K27ac	-2.85288795021e-08	1.29930041869e-07	0.586897391366
Mammary_ENTEX__H3K4me3	-2.71335798831e-08	1.17136948211e-07	0.591591105981
Primary_T_cells_effector_memory_enriched_from_peripheral_blood__H3K4me3	-3.27146938391e-08	1.38723380546e-07	0.593216472565
Primary_T_helper_17_cells_PMA-I_stimulated__H3K36me3	-1.17342664692e-08	4.82729918884e-08	0.596028830255
SI-Term-Ileum_ENTEX__H3K4me3	-3.6256839301e-08	1.48109732597e-07	0.596693246675
Mammary_ENTEX__H3K4me1	-2.3896628673e-08	9.68251043073e-08	0.597469265827
Fetal_Adrenal_Gland__H3K36me3	-1.13245423839e-08	4.57488145047e-08	0.597753822777
Fetal_Lung__H3K36me3	-1.13743789576e-08	4.45404755359e-08	0.600782004129
Primary_T_helper_17_cells_PMA-I_stimulated__H3K4me1	-1.25699831379e-08	4.38149356046e-08	0.612900994476
Fetal_Thymus__DNase	-2.4268952967e-08	8.28535301526e-08	0.61520602873
Brain_Angular_Gyrus__H3K4me1	-1.47283016879e-08	5.02120490053e-08	0.615362003583
Foreskin_Keratinocyte_Primary_Cells_skin03__H3K36me3	-8.32567166452e-09	2.83533355398e-08	0.615483472504
Fetal_Muscle_Trunk__H3K4me3	-7.03170097553e-08	2.38543396232e-07	0.615917726002
Fetal_Muscle_Leg__H3K4me3	-7.05717579012e-08	2.36264843615e-07	0.617414631866
Primary_hematopoietic_stem_cells_G-CSF-mobilized_Male__H3K36me3	-1.03935733264e-08	3.32430419708e-08	0.622728263884
Stomach_Mucosa__H3K4me1	-1.28459533995e-08	4.10777772563e-08	0.622754325941
Rectal_Mucosa_Donor_29__H3K4me3	-4.48419553759e-08	1.42823068916e-07	0.623227546718
Duodenum_Smooth_Muscle__H3K36me3	-2.34862891688e-08	7.32120475874e-08	0.625818317956
Primary_hematopoietic_stem_cells_G-CSF-mobilized_Female__H3K4me3	-5.19267879438e-08	1.57872598419e-07	0.628890324515
Primary_T_helper_cells_PMA-I_stimulated__H3K4me1	-1.14814844806e-08	3.33550773583e-08	0.634659575961
Stomach_ENTEX__H3K4me1	-1.83782942326e-08	5.28286013213e-08	0.636036840211
Rectal_Mucosa_Donor_29__H3K27ac	-2.26708629602e-08	6.47976591484e-08	0.636782482423
Fetal_Thymus__H3K4me3	-5.46287847779e-08	1.54683700566e-07	0.638017422983
Primary_T_helper_memory_cells_from_peripheral_blood_1__H3K27ac	-2.4074283365e-08	6.76553258447e-08	0.639018764904
Fetal_Muscle_Trunk__H3K27ac	-2.15462854597e-08	6.0514787409e-08	0.639098411119
Skeletal_Muscle_Female__H3K27ac	-1.59652031338e-08	4.18090499122e-08	0.648717388425
Aorta__H3K36me3	-5.80165166962e-08	1.5193016992e-07	0.648718522188
Lung_ENTEX__H3K36me3	-1.56724706004e-08	4.0465555753e-08	0.650734408502
Esoph-Mucosa_ENTEX__H3K27ac	-2.33924028694e-08	5.95278551909e-08	0.652827577464
Primary_T_cells_effector_memory_enriched_from_peripheral_blood__H3K4me1	-2.42040607167e-08	6.14314030952e-08	0.653210008567
Lung__H3K4me3	-7.51602561743e-08	1.83555396814e-07	0.658902266749
Esoph-Mucosa_ENTEX__H3K36me3	-2.69491984384e-08	6.543454976e-08	0.659775197691
Esoph-Muscularis_ENTEX__H3K4me3	-7.15861185654e-08	1.72572357139e-07	0.660862426063
Primary_T_regulatory_cells_from_peripheral_blood__H3K27ac	-1.98530999871e-08	4.65431759401e-08	0.665147286245
Stomach_Smooth_Muscle__H3K4me1	-2.22833775354e-08	5.17510103503e-08	0.666616110746
Ovary_ENTEX__H3K4me3	-8.99472751938e-08	2.08102504844e-07	0.66721135139
NHLF_Lung_Fibroblast_Primary_Cells__H3K4me1	-3.351743903e-08	7.66683857861e-08	0.66900748488
Foreskin_Fibroblast_Primary_Cells_skin01__DNase	-4.15770504555e-08	9.4359973441e-08	0.670256549212
Primary_T_helper_memory_cells_from_peripheral_blood_1__H3K4me1	-1.66530031569e-08	3.77445904375e-08	0.670466755042
Heart-Atrial_ENTEX__H3K4me3	-8.59371869002e-08	1.94738137614e-07	0.670500687035
Primary_B_cells_from_cord_blood__H3K36me3	-5.98783336199e-08	1.35567798999e-07	0.670641604883
Primary_Natural_Killer_cells_from_peripheral_blood__H3K27ac	-2.67398721083e-08	5.97272719379e-08	0.672814972766
Pancreatic_Islets__H3K36me3	-4.30453517413e-08	9.58905895633e-08	0.673248350556
Esoph-Muscularis_ENTEX__H3K27ac	-2.13654081184e-08	4.61036022243e-08	0.678468923896
Ovary__H3K4me3	-8.87440424215e-08	1.89584915231e-07	0.680142222444
Breast_Myoepithelial_Primary_Cells__H3K9ac	-5.17954672982e-08	1.09573199205e-07	0.681787090111
Stomach_Mucosa__H3K36me3	-5.48897821672e-08	1.15640026648e-07	0.682485602094
Primary_T_helper_memory_cells_from_peripheral_blood_2__H3K27ac	-3.32224625828e-08	6.95789781723e-08	0.683489268291
Primary_T_killer_naive_cells_from_peripheral_blood__H3K27ac	-4.88297681487e-08	1.02126671503e-07	0.683720959925
Primary_mononuclear_cells_from_peripheral_blood__H3K36me3	-2.13034937937e-08	4.39693365409e-08	0.685987293691
Primary_T_helper_cells_from_peripheral_blood__H3K27ac	-3.30161689134e-08	6.78573868919e-08	0.686712189655
Uterus_ENTEX__H3K4me3	-1.1148846438e-07	2.278088533e-07	0.687718885664
Esophagus__H3K4me1	-3.75147567505e-08	7.40139757699e-08	0.693873629632
Psoas_Muscle__DNase	-5.4943203003e-08	1.07164669906e-07	0.695919002811
Primary_T_cells_from_peripheral_blood__H3K4me1	-2.32445679744e-08	4.49440857323e-08	0.697487739141
Duodenum_Mucosa__H3K36me3	-2.64256338967e-08	5.10821692622e-08	0.697532277846
Fetal_Lung__H3K4me3	-7.41235739776e-08	1.40881772498e-07	0.700604624993
NHLF_Lung_Fibroblast_Primary_Cells__H3K27ac	-3.78663878442e-08	7.0766635092e-08	0.703705548101
Rectal_Mucosa_Donor_29__H3K36me3	-2.96307481027e-08	5.4661779774e-08	0.706116352015
Primary_T_killer_naive_cells_from_peripheral_blood__H3K4me3	-9.01169913547e-08	1.63584176331e-07	0.70914567739
Left_Ventricle__H3K4me1	-3.1460585905e-08	5.70090164273e-08	0.709475398972
Fetal_Heart__H3K4me1	-1.624797993e-08	2.93352760318e-08	0.71016668137
Primary_T_helper_cells_PMA-I_stimulated__H3K36me3	-2.18947537946e-08	3.90958227597e-08	0.712269816106
Primary_mononuclear_cells_from_peripheral_blood__H3K9ac	-6.85327964723e-08	1.2129099738e-07	0.713972603299
Primary_hematopoietic_stem_cells_short_term_culture__H3K4me1	-2.79653826701e-08	4.92084253595e-08	0.715085978394
Heart-Atrial_ENTEX__H3K4me1	-1.11042281247e-07	1.925639325e-07	0.717912550356
Primary_T_killer_memory_cells_from_peripheral_blood__H3K4me3	-9.21144254366e-08	1.58409000482e-07	0.719547372462
NHLF_Lung_Fibroblast_Primary_Cells__H3K9ac	-1.15980212465e-07	1.95361743668e-07	0.723633242
Foreskin_Fibroblast_Primary_Cells_skin02__H3K36me3	-2.72813322095e-08	4.56320000036e-08	0.725031749813
Primary_T_helper_cells_from_peripheral_blood__H3K36me3	-2.17344144244e-08	3.59395932916e-08	0.727326934835
Primary_hematopoietic_stem_cells_G-CSF-mobilized_Female__H3K4me1	-2.21646152926e-08	3.65579783271e-08	0.727837798819
Pancreas_ENTEX__H3K36me3	-2.69180912979e-08	4.43656965098e-08	0.727985635328
Skeletal_Muscle_Female__H3K4me1	-2.3719635691e-08	3.89092803378e-08	0.72894117838
Foreskin_Fibroblast_Primary_Cells_skin02__H3K4me3	-4.20519915892e-08	6.85752047262e-08	0.730136026962
Primary_hematopoietic_stem_cells_G-CSF-mobilized_Female__DNase	-6.94001385165e-08	1.12943146485e-07	0.730547496927
Adrenal_gland_ENTEX__H3K36me3	-2.84034633662e-08	4.4954267676e-08	0.736251077143
Ovary__DNase	-6.1399394661e-08	9.66354233253e-08	0.737406927044
Primary_T_cells_from_cord_blood__H3K4me3	-1.17426579069e-07	1.84483261016e-07	0.737779978096
Primary_mononuclear_cells_from_peripheral_blood__H3K4me3	-1.69633213527e-07	2.65046414727e-07	0.738918002748
Esophagus__H3K36me3	-4.52485600822e-08	6.88635586039e-08	0.744433827737
Heart-LV_ENTEX__H3K4me1	-3.93171171458e-08	5.9425296061e-08	0.745893430646
Osteoblast_Primary_Cells__H3K4me3	-8.84769939639e-08	1.31743554259e-07	0.749076032674
Esoph-GJ_ENTEX__H3K27ac	-2.96205050506e-08	4.38822827581e-08	0.750161858289
Fetal_Muscle_Leg__H3K27ac	-3.75749130158e-08	5.45418045836e-08	0.754563037883
Adipose_Nuclei__H3K36me3	-4.01422048233e-08	5.6979289064e-08	0.759440890205
Spleen_ENTEX__H3K36me3	-2.00368561984e-08	2.82457681225e-08	0.760954259784
Skeletal_Muscle_Female__H3K4me3	-7.37812594367e-08	1.03125567998e-07	0.762834702014
Primary_hematopoietic_stem_cells_G-CSF-mobilized_Male__H3K4me3	-8.16737784111e-08	1.13680319775e-07	0.763760480494
Primary_B_cells_from_peripheral_blood__H3K27ac	-5.5577260802e-08	7.62339066862e-08	0.76701017284
Colon-Sigm_ENTEX__H3K27ac	-3.5758740387e-08	4.89816829344e-08	0.767318084615
Heart-LV_ENTEX__H3K4me3	-1.12347195338e-07	1.5250400692e-07	0.769342597867
NHDF-Ad_Adult_Dermal_Fibroblast_Primary_Cells__H3K9ac	-1.01230748796e-07	1.36270709271e-07	0.771218309749
Primary_hematopoietic_stem_cells__H3K4me1	-6.72390919285e-08	9.02936778705e-08	0.771764711252
Colon-TV_ENTEX__H3K27ac	-2.91745190462e-08	3.88702257341e-08	0.773541887422
Uterus_ENTEX__H3K27ac	-2.52176686447e-08	3.28086530117e-08	0.778943085395
Stomach_Smooth_Muscle__H3K4me3	-8.18907042798e-08	1.0627549042e-07	0.779513495312
Fetal_Muscle_Trunk__H3K4me1	-3.40293191125e-08	4.36833658295e-08	0.782009988433
Colonic_Mucosa__H3K4me3	-1.27203506179e-07	1.63251312221e-07	0.782065588112
Skeletal_Muscle_Female__H3K9ac	-7.57486361921e-08	9.70094900946e-08	0.782550927403
Liver__H3K4me1	-2.71143778445e-08	3.45080735328e-08	0.783990123195
Rectal_Mucosa_Donor_31__H3K36me3	-3.97084974544e-08	5.02869178555e-08	0.785130605693
Artery-Tibial_ENTEX__H3K4me1	-9.6864232076e-08	1.21247925437e-07	0.787824041544
Duodenum_Mucosa__H3K4me3	-7.77866460828e-08	9.6874954066e-08	0.789000872718
Pancreas__H3K4me1	-4.66821132521e-08	5.7428167921e-08	0.791856090123
Primary_T_helper_memory_cells_from_peripheral_blood_2__H3K4me1	-3.04456901445e-08	3.741579658e-08	0.792095078241
Skeletal_Muscle_Male__H3K4me1	-4.16815266852e-08	5.10696460223e-08	0.792798620415
Foreskin_Fibroblast_Primary_Cells_skin02__H3K4me1	-4.35350433858e-08	5.25204785671e-08	0.796423913008
Pancreatic_Islets__H3K9ac	-1.78942156175e-07	2.1403089594e-07	0.798438748777
Fetal_Lung__H3K9ac	-1.0605566463e-07	1.26321549296e-07	0.799424974022
Testis_ENTEX__H3K36me3	-1.78807131067e-07	2.12617766223e-07	0.79982022246
Primary_hematopoietic_stem_cells_G-CSF-mobilized_Male__H3K4me1	-3.54545364366e-08	4.17993607653e-08	0.801838823678
Colon_Smooth_Muscle__H3K4me1	-3.31471225163e-08	3.88442328805e-08	0.803263072487
Primary_Natural_Killer_cells_from_peripheral_blood__H3K4me3	-1.64126799986e-07	1.89665737841e-07	0.806575996835
Primary_B_cells_from_peripheral_blood__H3K4me3	-2.02205957116e-07	2.28365682819e-07	0.812042496767
Fetal_Adrenal_Gland__H3K4me3	-2.19382260694e-07	2.46385515698e-07	0.813375079668
Duodenum_Smooth_Muscle__H3K4me1	-5.98957666278e-08	6.57768870544e-08	0.818744243407
Primary_T_regulatory_cells_from_peripheral_blood__H3K36me3	-3.24237338033e-08	3.55633996312e-08	0.81904097925
Gastric__H3K4me1	-7.85944661622e-08	8.54483858796e-08	0.821158424788
Adrenal_gland_ENTEX__H3K4me1	-4.34114819565e-08	4.71851111219e-08	0.821220153003
Primary_monocytes_from_peripheral_blood__H3K36me3	-2.5910672641e-08	2.81561361415e-08	0.821278826425
Right_Ventricle__H3K27ac	-5.2787359803e-08	5.72799240029e-08	0.821623089186
Esoph-GJ_ENTEX__H3K4me3	-1.32097953456e-07	1.42060798598e-07	0.82378058011
Fetal_Stomach__DNase	-1.1658392215e-07	1.25077491487e-07	0.824355907563
Ovary__H3K27ac	-7.15709627976e-08	7.6501061613e-08	0.825248864276
Prostate_ENTEX__H3K36me3	-2.90928144939e-07	3.10918042727e-07	0.825287930737
Primary_B_cells_from_peripheral_blood__H3K4me1	-3.83670570691e-08	4.05206260919e-08	0.828143033403
Primary_T_regulatory_cells_from_peripheral_blood__H3K4me1	-4.47267563985e-08	4.7231357301e-08	0.828173387572
Rectal_Mucosa_Donor_31__H3K4me3	-1.48688633162e-07	1.5620425664e-07	0.829422580517
Primary_Natural_Killer_cells_from_peripheral_blood__H3K36me3	-3.85919377708e-08	4.0298221292e-08	0.830882527738
Fetal_Heart__H3K4me3	-7.97071821893e-08	8.30131257201e-08	0.83151659087
Primary_T_cells_effector_memory_enriched_from_peripheral_blood__H3K36me3	-4.607580401e-08	4.79845695246e-08	0.831528066498
Pancreas_ENTEX__H3K27ac	-2.8905255692e-08	2.983711799e-08	0.833669610411
Fetal_Heart__DNase	-5.94655399806e-08	6.11929798698e-08	0.834417662404
Heart-LV_ENTEX__H3K27ac	-3.87481554166e-08	3.96496443529e-08	0.835780673381
Esoph-Mucosa_ENTEX__H3K4me1	-4.91710830604e-08	4.89092527082e-08	0.842636642684
Colonic_Mucosa__H3K36me3	-7.70523864848e-08	7.41148353512e-08	0.850745275378
Rectal_Smooth_Muscle__H3K9ac	-2.04353609456e-07	1.9655027098e-07	0.850760695758
Fetal_Kidney__H3K36me3	-1.37990718058e-07	1.32705325387e-07	0.850790099715
NHDF-Ad_Adult_Dermal_Fibroblast_Primary_Cells__H3K4me1	-6.2885311791e-08	5.95017344599e-08	0.854713440979
Gastric__H3K27ac	-9.27204352613e-08	8.71645732025e-08	0.856276730309
Spleen__H3K36me3	-5.60976747971e-08	5.26950641572e-08	0.856465107266
Prostate_ENTEX__H3K4me3	-2.67195198153e-07	2.45437622766e-07	0.861845448376
Foreskin_Fibroblast_Primary_Cells_skin02__H3K27ac	-7.04406307291e-08	6.3410902069e-08	0.866685678955
Spleen_ENTEX__H3K27ac	-3.28011323607e-08	2.95204897901e-08	0.866744024423
Gastric__H3K4me3	-1.66175610797e-07	1.49179421818e-07	0.867345646126
Psoas_Muscle__H3K27ac	-8.61763480656e-08	7.73553949103e-08	0.867367167361
Artery-Tibial_ENTEX__H3K36me3	-5.20381396497e-08	4.62946401264e-08	0.869507067814
Left_Ventricle__H3K27ac	-4.81472639985e-08	4.26325573274e-08	0.870625808658
Pancreas__H3K4me3	-2.1367187781e-07	1.87911974497e-07	0.872248612251
liver_ENTEX__H3K36me3	-6.09084988808e-08	5.25395451084e-08	0.876830728864
Breast_Myoepithelial_Primary_Cells__H3K4me3	-1.45861226049e-07	1.2561873172e-07	0.877207987316
Liver__H3K36me3	-4.06624973717e-08	3.4862525785e-08	0.878266939584
Skeletal_Muscle_Male__H3K9ac	-8.9592067989e-08	7.62266199327e-08	0.880070306812
Primary_T_helper_naive_cells_from_peripheral_blood_1__H3K36me3	-6.98820922051e-08	5.87739609009e-08	0.882779673405
Stomach_Smooth_Muscle__H3K27ac	-4.58370476186e-08	3.82240064578e-08	0.884768901136
Primary_T_helper_naive_cells_from_peripheral_blood_2__H3K36me3	-5.90651870904e-08	4.87722208591e-08	0.887060264091
Primary_mononuclear_cells_from_peripheral_blood__H3K27ac	-1.57974734593e-07	1.30052839167e-07	0.887759074892
Fetal_Heart__H3K9ac	-6.63832767736e-08	5.4578560458e-08	0.888062484306
Colon_Smooth_Muscle__H3K4me3	-1.53640926395e-07	1.26113804389e-07	0.888439701253
Rectal_Smooth_Muscle__H3K4me1	-6.6801038455e-08	5.3475802318e-08	0.894200841332
Spleen__H3K4me3	-1.42153682765e-07	1.128045474e-07	0.89619721965
Pancreas_ENTEX__H3K4me1	-3.05483188173e-08	2.40539003198e-08	0.897956688377
Primary_T_cells_from_cord_blood__H3K36me3	-9.7031199427e-08	7.6129479864e-08	0.898766580369
Primary_hematopoietic_stem_cells__H3K36me3	-1.073463235e-07	8.35668486434e-08	0.900526314457
Primary_B_cells_from_peripheral_blood__H3K36me3	-3.94175243548e-08	3.05074971669e-08	0.901831859513
NHDF-Ad_Adult_Dermal_Fibroblast_Primary_Cells__DNase	-1.20851646538e-07	9.26847188136e-08	0.903866236528
Primary_Natural_Killer_cells_from_peripheral_blood__H3K4me1	-5.55472136359e-08	4.12198720188e-08	0.911103787249
Skin_tissue_ENTEX__H3K4me3	-2.29384532153e-07	1.68230395158e-07	0.913639743372
Primary_hematopoietic_stem_cells_G-CSF-mobilized_Male__DNase	-1.88566933563e-07	1.36291771333e-07	0.916752365908
liver_ENTEX__H3K4me1	-1.84668405292e-07	1.33245628148e-07	0.917115048937
Primary_T_cells_from_peripheral_blood__H3K36me3	-5.11402660128e-08	3.6888975991e-08	0.917176803715
Breast_variant_Human_Mammary_Epithelial_Cells_(vHMEC)__H3K36me3	-4.14281641646e-08	2.98029283671e-08	0.917746227316
Stomach_Smooth_Muscle__H3K9ac	-1.90787882889e-07	1.35446623627e-07	0.920520823753
NHDF-Ad_Adult_Dermal_Fibroblast_Primary_Cells__H3K27ac	-1.05609819288e-07	7.47428712061e-08	0.921168483852
Primary_T_helper_memory_cells_from_peripheral_blood_2__H3K36me3	-1.04270636665e-07	7.37523975203e-08	0.921288681782
Skeletal_Muscle_Male__H3K4me3	-1.86179214602e-07	1.30804315383e-07	0.922681413546
Primary_hematopoietic_stem_cells__H3K4me3	-2.99630061779e-07	2.06347224165e-07	0.92675855686
Vagina_ENTEX__H3K36me3	-2.21992063247e-07	1.51278695067e-07	0.928871490006
Pancreas_ENTEX__H3K4me3	-1.96179895763e-07	1.32871559425e-07	0.930090133614
Esophagus__H3K27ac	-8.47174090957e-08	5.70072089364e-08	0.931371334698
Primary_hematopoietic_stem_cells_G-CSF-mobilized_Female__H3K27ac	-9.00729230888e-08	6.04122613067e-08	0.932015431294
Fetal_Muscle_Leg__DNase	-1.12448920765e-07	7.50606236989e-08	0.932947403392
Fetal_Muscle_Trunk__DNase	-1.3291492685e-07	8.80683904263e-08	0.93437922317
Foreskin_Fibroblast_Primary_Cells_skin02__DNase	-1.45214987428e-07	9.55673610828e-08	0.935682159013
Vagina_ENTEX__H3K27ac	-7.86841308858e-08	5.06544385238e-08	0.939830368031
Colon-Sigm_ENTEX__H3K4me1	-3.62533935691e-07	2.33147630473e-07	0.940021535987
Vagina_ENTEX__H3K4me3	-2.60785030347e-07	1.66701985729e-07	0.941135666305
Ovary_ENTEX__H3K36me3	-2.62539327372e-07	1.65091785786e-07	0.944112211222
Pancreatic_Islets__H3K4me3	-3.21836431109e-07	1.94310585216e-07	0.95116936017
Stomach_ENTEX__H3K36me3	-6.05548445082e-08	3.6363637682e-08	0.952069369331
Primary_T_killer_memory_cells_from_peripheral_blood__H3K36me3	-1.10217411581e-07	6.60856823954e-08	0.952321847067
Spleen_ENTEX__H3K4me1	-2.03133913293e-07	1.20155302913e-07	0.954542877227
Ovary__H3K4me1	-9.56060805029e-08	5.58288236524e-08	0.956596431418
Colon-Sigm_ENTEX__H3K4me3	-4.09660757058e-07	2.30648939314e-07	0.962143630896
Right_Ventricle__H3K4me1	-1.08463640546e-07	6.0714860906e-08	0.962986223763
Primary_T_helper_memory_cells_from_peripheral_blood_1__H3K36me3	-1.01646818767e-07	5.66537135283e-08	0.963607579828
Primary_T_killer_naive_cells_from_peripheral_blood__H3K36me3	-1.26658289273e-07	7.03444779073e-08	0.964112565744
Nerve-Tibial_ENTEX__H3K36me3	-8.82133848434e-08	4.79888507592e-08	0.966983958866
Colonic_Mucosa__H3K9ac	-2.59910056944e-07	1.37659961343e-07	0.970490949775
Pancreatic_Islets__H3K27ac	-2.30647229943e-07	1.20397686417e-07	0.972299084763
Lung_ENTEX__H3K4me3	-3.82033475994e-07	1.95354171196e-07	0.9747435092
Colon-TV_ENTEX__H3K4me1	-1.91701295156e-07	9.77961127451e-08	0.975014600114
Rectal_Smooth_Muscle__H3K27ac	-8.38325399194e-08	3.97203885019e-08	0.9825952253
Colon-TV_ENTEX__H3K4me3	-3.11690138051e-07	1.47411791944e-07	0.982760206807
Pancreas__DNase	-2.26979192319e-07	1.0414414725e-07	0.985351667159
Gastric__DNase	-3.0829310983e-07	1.37586948284e-07	0.987477722247
Pancreatic_Islets__H3K4me1	-1.19140406714e-07	4.79623772234e-08	0.993504917613
Spleen__H3K4me1	-1.36403649885e-07	5.47179158754e-08	0.993663912015
Colon_Smooth_Muscle__H3K27ac	-1.15486529434e-07	4.42669258805e-08	0.995457875088
SI-Term-Ileum_ENTEX__H3K36me3	-2.7607038203e-07	1.04529765053e-07	0.995867762703
Colon_Smooth_Muscle__H3K9ac	-3.09480291384e-07	1.03200168977e-07	0.998644930378
