Name	Coefficient	Coefficient_std_error	Coefficient_P_value
Brain_Angular_Gyrus__H3K4me3	6.83583308665e-07	1.63852971637e-07	1.5101448519e-05
Brain_Inferior_Temporal_Lobe__H3K4me3	4.58065585156e-07	1.20540691077e-07	7.2321505902e-05
Brain_Hippocampus_Middle__H3K4me3	3.99795802736e-07	1.09771274069e-07	0.000135221801186
Fetal_Brain_Female__H3K4me3	5.71052557121e-07	1.7693998604e-07	0.000624647332869
Brain_Anterior_Caudate__H3K4me3	3.84346159147e-07	1.19772290863e-07	0.000666047844745
Fetal_Brain_Female__H3K4me1	2.46536066742e-07	7.75571473381e-08	0.000739515762204
Brain_Cingulate_Gyrus__H3K9ac	3.52017043657e-07	1.12984508376e-07	0.000917786354048
Brain_Cingulate_Gyrus__H3K4me3	4.50054134141e-07	1.45689466938e-07	0.00100370789389
Brain_Substantia_Nigra__H3K4me3	4.31871880342e-07	1.46971181146e-07	0.00164912954484
Artery-Coronary_ENTEX__H3K4me3	2.60486485366e-07	9.08873507676e-08	0.00207823010432
Brain_Dorsolateral_Prefrontal_Cortex__H3K4me3	4.65636310824e-07	1.66899182535e-07	0.0026360073109
Cortex_derived_primary_cultured_neurospheres__H3K36me3	1.89894396313e-07	6.97700190914e-08	0.00324716554978
Fetal_Stomach__H3K4me1	1.03155598028e-07	3.94579876564e-08	0.00447033187374
Brain_Germinal_Matrix__H3K4me3	4.87443580838e-07	1.88004890479e-07	0.00476104670495
Aorta_ENTEX__H3K4me1	6.05425774991e-08	2.34067054879e-08	0.00484712720103
Ganglion_Eminence_derived_primary_cultured_neurospheres__H3K4me1	1.94938598462e-07	7.55232742248e-08	0.00492326837952
Aorta_ENTEX__H3K4me3	1.81509857876e-07	7.09102416011e-08	0.00523793385585
Cortex_derived_primary_cultured_neurospheres__H3K4me3	5.94422699606e-07	2.35942771482e-07	0.0058785664662
Aorta_ENTEX__H3K27ac	5.79287565459e-08	2.30424302195e-08	0.0059684578159
Fetal_Brain_Female__DNase	2.6470486434e-07	1.05326218568e-07	0.00598223342719
Cortex_derived_primary_cultured_neurospheres__H3K4me1	1.302441288e-07	5.21932693645e-08	0.00629040582781
Fetal_Brain_Male__H3K4me1	1.18717622553e-07	4.81413155336e-08	0.00683111570218
Nerve-Tibial_ENTEX__H3K4me1	1.03707341889e-07	4.27124545994e-08	0.00759043556754
Brain_Germinal_Matrix__H3K36me3	2.15392051351e-07	8.96465676168e-08	0.00813770225517
Fetal_Brain_Male__DNase	2.40208527589e-07	1.0398480915e-07	0.0104431138406
Fetal_Brain_Female__H3K36me3	1.49726536742e-07	6.53183299406e-08	0.0109453479767
Aorta__H3K4me1	2.73252133287e-07	1.24154170619e-07	0.0138712043102
Brain_Dorsolateral_Prefrontal_Cortex__H3K9ac	3.13123406011e-07	1.43943126576e-07	0.0148028008606
Fetal_Heart__DNase	1.68016554328e-07	7.8126524751e-08	0.0157550807129
Colon_Smooth_Muscle__H3K4me3	2.81830264031e-07	1.33733819862e-07	0.0175415864289
Ganglion_Eminence_derived_primary_cultured_neurospheres__H3K4me3	3.30395437234e-07	1.58270358318e-07	0.0184197506426
Fetal_Heart__H3K9ac	1.26623171867e-07	6.31263590476e-08	0.0224351426824
Ganglion_Eminence_derived_primary_cultured_neurospheres__H3K36me3	1.37519892499e-07	6.86690995949e-08	0.0226076533692
Colon_Smooth_Muscle__H3K27ac	9.27494854264e-08	5.24003290446e-08	0.0383621349892
Pancreatic_Islets__H3K36me3	1.5216111839e-07	8.8057767062e-08	0.0419968639877
Brain_Anterior_Caudate__H3K36me3	1.12824727943e-07	6.58570209059e-08	0.0433399985752
Brain_Angular_Gyrus__H3K4me1	9.89424021461e-08	5.9285516945e-08	0.0475672575929
Fetal_Muscle_Leg__H3K4me1	6.94876159697e-08	4.19941798381e-08	0.0489930542345
Brain_Angular_Gyrus__H3K9ac	1.76178384352e-07	1.08843147056e-07	0.0527618645587
Artery-Coronary_ENTEX__H3K27ac	6.75410062992e-08	4.3548047479e-08	0.0604563874179
Fetal_Muscle_Leg__H3K27ac	9.13212165779e-08	6.01350681779e-08	0.0644313918824
Brain_Anterior_Caudate__H3K9ac	1.46890979383e-07	9.85808954146e-08	0.0681048564745
Brain_Inferior_Temporal_Lobe__H3K9ac	1.31253102384e-07	9.02758786448e-08	0.0729854769341
Brain_Cingulate_Gyrus__H3K27ac	6.5730747922e-08	4.52696276997e-08	0.0732531105565
Esoph-GJ_ENTEX__H3K4me3	2.00504898795e-07	1.40049077536e-07	0.0761182884417
Esoph-Muscularis_ENTEX__H3K4me3	2.25923621249e-07	1.58565941416e-07	0.0771085433552
Fetal_Lung__H3K4me1	5.97832731815e-08	4.28561635252e-08	0.081511701708
Psoas_Muscle__DNase	1.30841365297e-07	9.41323263811e-08	0.0822685814143
Primary_hematopoietic_stem_cells__H3K4me1	1.22400383026e-07	8.91156925471e-08	0.0847985166712
Brain_Dorsolateral_Prefrontal_Cortex__H3K4me1	1.0226212104e-07	7.53015335892e-08	0.0872262832186
Brain_Dorsolateral_Prefrontal_Cortex__H3K27ac	7.47534279411e-08	5.53609798792e-08	0.0884613433646
Primary_hematopoietic_stem_cells_G-CSF-mobilized_Female__H3K27ac	8.25074712647e-08	6.13152914261e-08	0.0892115260846
Foreskin_Melanocyte_Primary_Cells_skin01__H3K36me3	1.08613063392e-07	8.08961162651e-08	0.0896968851433
Fetal_Muscle_Trunk__H3K27ac	9.55197146733e-08	7.19242918449e-08	0.0920792817577
Brain_Cingulate_Gyrus__H3K4me1	6.76047495728e-08	5.10605479975e-08	0.0927496230365
Stomach_Smooth_Muscle__H3K4me3	1.31175137421e-07	1.00291530598e-07	0.0954471130531
Brain_Hippocampus_Middle__H3K4me1	4.69317599893e-08	3.61934337576e-08	0.0973684774765
Brain_Germinal_Matrix__H3K4me1	1.24826778828e-07	9.70859292142e-08	0.0992677780126
NHLF_Lung_Fibroblast_Primary_Cells__DNase	1.23708124694e-07	9.7246704342e-08	0.101667714081
Brain_Anterior_Caudate__H3K27ac	5.67397653439e-08	4.51314324588e-08	0.104338492197
Fetal_Brain_Male__H3K4me3	3.83303734462e-07	3.064769183e-07	0.105526111985
Primary_T_killer_naive_cells_from_peripheral_blood__H3K9ac	2.48865304579e-07	2.01107111548e-07	0.107955135136
Brain_Dorsolateral_Prefrontal_Cortex__H3K36me3	9.91841097444e-08	8.14466085806e-08	0.111653656168
Primary_hematopoietic_stem_cells_G-CSF-mobilized_Female__H3K36me3	5.36523932161e-08	4.41653385988e-08	0.112219722492
Rectal_Smooth_Muscle__H3K27ac	6.5013162301e-08	5.41750807653e-08	0.115058682986
Aorta__H3K4me3	2.67351494185e-07	2.23339952335e-07	0.115641435598
Fetal_Muscle_Trunk__H3K4me1	4.82110874336e-08	4.04298076737e-08	0.116539692524
Aorta__H3K27ac	7.94931691606e-08	6.70156480194e-08	0.117773997692
Fetal_Muscle_Leg__DNase	8.02055513872e-08	6.81416908853e-08	0.119589607941
Brain_Inferior_Temporal_Lobe__H3K4me1	7.31924299249e-08	6.22564682551e-08	0.119865415059
Rectal_Smooth_Muscle__H3K4me1	8.0549844358e-08	6.91243631722e-08	0.121951060994
Placenta__H3K4me3	2.20327852892e-07	1.91435579709e-07	0.124881698151
Heart-LV_ENTEX__H3K36me3	7.04714996618e-08	6.21374169556e-08	0.128371391039
Foreskin_Fibroblast_Primary_Cells_skin02__H3K4me3	7.35678363902e-08	6.51207251388e-08	0.129298243701
Foreskin_Fibroblast_Primary_Cells_skin02__DNase	1.1457969081e-07	1.01492673052e-07	0.12946042441
Testis_ENTEX__H3K27ac	3.89061085824e-08	3.45510613181e-08	0.13007287639
Primary_hematopoietic_stem_cells_G-CSF-mobilized_Female__H3K4me1	3.87795054851e-08	3.47460093074e-08	0.132192841087
Colon-Sigm_ENTEX__H3K36me3	7.71426090364e-08	6.92894928221e-08	0.132781696538
Primary_hematopoietic_stem_cells_G-CSF-mobilized_Male__DNase	1.58786740145e-07	1.44247524485e-07	0.135493266456
Brain_Anterior_Caudate__H3K4me1	5.90572160697e-08	5.40761518105e-08	0.137391930609
Fetal_Stomach__H3K36me3	4.3027060097e-08	3.99485605088e-08	0.140726375648
Fetal_Heart__H3K4me1	3.54826045776e-08	3.31583048761e-08	0.142287811071
Primary_hematopoietic_stem_cells_G-CSF-mobilized_Male__H3K36me3	4.0940470577e-08	3.86059593492e-08	0.144465363355
Nerve-Tibial_ENTEX__H3K36me3	6.32997914235e-08	6.05851166884e-08	0.148055946768
Foreskin_Melanocyte_Primary_Cells_skin01__DNase	7.92855508344e-08	7.71872110739e-08	0.152166663395
Fetal_Muscle_Trunk__DNase	8.72072512092e-08	8.58232617057e-08	0.15478468471
Primary_hematopoietic_stem_cells_short_term_culture__H3K4me3	1.58579577055e-07	1.56628790522e-07	0.155660314393
Esoph-GJ_ENTEX__H3K27ac	5.55922383261e-08	5.49669647718e-08	0.15591838509
Foreskin_Keratinocyte_Primary_Cells_skin02__H3K36me3	4.80029862674e-08	4.74640517826e-08	0.155923375302
Right_Ventricle__H3K4me1	5.79435273548e-08	5.73912240467e-08	0.156337857903
Breast_Myoepithelial_Primary_Cells__H3K36me3	4.33112264551e-08	4.30882504602e-08	0.157406327332
Esoph-Muscularis_ENTEX__H3K27ac	5.2412952081e-08	5.44188802735e-08	0.167738857787
Fetal_Thymus__H3K4me3	1.51807155861e-07	1.57941942994e-07	0.168236375139
Right_Ventricle__H3K36me3	6.29732335654e-08	6.65159045237e-08	0.171885771024
Artery-Tibial_ENTEX__H3K36me3	4.67783605428e-08	4.98309519479e-08	0.173931853915
Pancreatic_Islets__H3K4me1	5.33685598868e-08	5.73847965867e-08	0.176182388582
Heart-Atrial_ENTEX__H3K4me3	1.56849472482e-07	1.69032788252e-07	0.176723663547
Colon_Smooth_Muscle__H3K4me1	4.39080038468e-08	4.79956277047e-08	0.180139545739
Right_Ventricle__H3K27ac	5.13077999691e-08	5.6329756021e-08	0.181187947211
Fetal_Stomach__H3K4me3	1.9525497937e-07	2.1568155094e-07	0.18265511516
Stomach_Smooth_Muscle__H3K36me3	5.96291517796e-08	6.59096440673e-08	0.182809369442
Right_Atrium__H3K4me1	7.50151750403e-08	8.32100723135e-08	0.183657131922
Nerve-Tibial_ENTEX__H3K27ac	2.67654717724e-08	2.99110172057e-08	0.185437231484
NHDF-Ad_Adult_Dermal_Fibroblast_Primary_Cells__DNase	8.5856021881e-08	9.66522823588e-08	0.187190257741
Foreskin_Melanocyte_Primary_Cells_skin01__H3K27ac	1.28966730029e-07	1.47208794104e-07	0.190493180552
Fetal_Kidney__H3K36me3	1.21500710221e-07	1.39041267769e-07	0.191100955975
Osteoblast_Primary_Cells__H3K4me3	1.09445373256e-07	1.27463761877e-07	0.195269822069
Left_Ventricle__H3K4me3	1.73655815836e-07	2.03963625886e-07	0.197271983083
Brain_Substantia_Nigra__H3K9ac	9.43358672304e-08	1.11620551115e-07	0.199014151405
Primary_hematopoietic_stem_cells__H3K36me3	8.89580494078e-08	1.05264277553e-07	0.199029603225
Brain_Hippocampus_Middle__H3K27ac	3.44079773751e-08	4.0788917965e-08	0.199457129469
Primary_B_cells_from_cord_blood__H3K36me3	1.15597910572e-07	1.38357241367e-07	0.201717237897
Colon-Sigm_ENTEX__H3K4me3	2.05897488629e-07	2.48129869815e-07	0.203326707243
Testis_ENTEX__H3K4me3	7.99196639223e-08	9.79245102331e-08	0.207211336174
Foreskin_Melanocyte_Primary_Cells_skin03__H3K4me1	2.9925602095e-08	3.7151823326e-08	0.21026709056
Brain_Hippocampus_Middle__H3K36me3	5.14590041671e-08	6.48686244959e-08	0.21380725575
Foreskin_Melanocyte_Primary_Cells_skin03__H3K27ac	4.95830292912e-08	6.25717434455e-08	0.214058244491
Brain_Inferior_Temporal_Lobe__H3K27ac	3.25267672337e-08	4.14726090143e-08	0.216433464366
Pancreas__H3K4me3	1.574259601e-07	2.06106866599e-07	0.222490998413
Fetal_Thymus__H3K27ac	3.96609832912e-08	5.21881247998e-08	0.223638697905
Brain_Substantia_Nigra__H3K27ac	2.88324767608e-08	3.80142776134e-08	0.224086504706
Foreskin_Fibroblast_Primary_Cells_skin01__DNase	7.12281631223e-08	9.70956166583e-08	0.231599988946
Heart-LV_ENTEX__H3K4me1	4.77645021175e-08	6.51809189561e-08	0.23184056298
Skeletal_Muscle_Female__H3K27ac	3.29589345041e-08	4.51202428634e-08	0.23255180589
Heart-Atrial_ENTEX__H3K4me1	1.56671110229e-07	2.15852981239e-07	0.233973568966
Heart-LV_ENTEX__H3K27ac	3.07999753505e-08	4.244105007e-08	0.234007700624
Primary_hematopoietic_stem_cells_G-CSF-mobilized_Male__H3K4me1	2.70409532559e-08	3.73280026716e-08	0.234405593839
Pancreatic_Islets__H3K4me3	1.64586029301e-07	2.29398801112e-07	0.236543049921
Primary_hematopoietic_stem_cells__H3K4me3	1.47207740408e-07	2.08146961306e-07	0.239711831393
Spleen_ENTEX__H3K4me1	7.57019287389e-08	1.07978555569e-07	0.241625612133
skeletal_muscle_ENTEX__H3K4me1	1.56296382034e-08	2.23939646363e-08	0.24260743532
Nerve-Tibial_ENTEX__H3K4me3	1.19911799623e-07	1.71969699117e-07	0.242812394126
Brain_Angular_Gyrus__H3K27ac	3.56310515568e-08	5.21060905376e-08	0.247045237653
Heart-Atrial_ENTEX__H3K27ac	2.3467731336e-08	3.53124973931e-08	0.253161830681
Artery-Tibial_ENTEX__H3K4me1	8.22768148763e-08	1.25050667724e-07	0.25528582893
Brain_Substantia_Nigra__H3K4me1	2.6857707899e-08	4.16461494363e-08	0.259495170111
Stomach_Smooth_Muscle__H3K27ac	3.03985227378e-08	4.74243807684e-08	0.260764803005
Thymus__H3K36me3	4.78297945231e-08	7.5263760997e-08	0.262552593621
Colon-Sigm_ENTEX__H3K27ac	3.55389270108e-08	5.60572784836e-08	0.263048487977
NHDF-Ad_Adult_Dermal_Fibroblast_Primary_Cells__H3K36me3	8.34003098567e-08	1.34148195451e-07	0.267068652305
Right_Atrium__H3K27ac	4.15668017174e-08	6.87092055245e-08	0.272600462863
Foreskin_Keratinocyte_Primary_Cells_skin03__H3K36me3	1.83754000182e-08	3.03863326728e-08	0.272680593778
Rectal_Smooth_Muscle__H3K9ac	1.19625218044e-07	1.99150852053e-07	0.274027768409
Vagina_ENTEX__H3K36me3	9.49265160397e-08	1.58383697499e-07	0.274471340949
Pancreas__H3K36me3	4.62264569982e-08	7.74356301526e-08	0.275264960193
Primary_B_cells_from_cord_blood__H3K4me1	2.54328127105e-08	4.46583216441e-08	0.284509206087
Colon_Smooth_Muscle__H3K9ac	7.49439088877e-08	1.32400082825e-07	0.285682868429
Fetal_Intestine_Large__H3K36me3	2.90322272901e-08	5.15061689408e-08	0.286491053623
Primary_hematopoietic_stem_cells_short_term_culture__H3K4me1	2.60237078356e-08	4.63058376325e-08	0.287059281651
Lung_ENTEX__H3K36me3	2.61791664136e-08	4.73007205342e-08	0.289973438425
Pancreatic_Islets__H3K27ac	7.10766194638e-08	1.29948294935e-07	0.292202842034
Spleen__H3K36me3	3.08495985845e-08	5.64179984376e-08	0.292256628146
Thymus__H3K4me3	1.00812165508e-07	1.85216612317e-07	0.293119820253
Placenta_Amnion__H3K4me1	2.63863869894e-08	5.05340502335e-08	0.300782722924
Stomach_Smooth_Muscle__H3K9ac	8.24517259686e-08	1.58579929375e-07	0.30155340619
Brain_Inferior_Temporal_Lobe__H3K36me3	3.6369160592e-08	7.48896079629e-08	0.313612297861
Adipose_Nuclei__H3K36me3	2.98033846274e-08	6.20447242752e-08	0.315488117154
Stomach_Smooth_Muscle__H3K4me1	2.47821551981e-08	5.21624025772e-08	0.317359231104
Left_Ventricle__H3K27ac	1.97672968318e-08	4.43353075617e-08	0.327849542403
Foreskin_Fibroblast_Primary_Cells_skin02__H3K4me1	1.87854426049e-08	4.30464373793e-08	0.331273460476
Foreskin_Keratinocyte_Primary_Cells_skin02__H3K4me1	2.34910834043e-08	5.4725857708e-08	0.333870590039
HMEC_Mammary_Epithelial_Primary_Cells__H3K4me1	2.03397636071e-08	4.75092822209e-08	0.334281190936
Primary_B_cells_from_peripheral_blood__H3K4me1	1.61891619144e-08	3.7833700031e-08	0.334360792816
Spleen__H3K4me3	5.3110155249e-08	1.27156364722e-07	0.338092029765
Lung__H3K4me1	2.80711869605e-08	6.76225712432e-08	0.339028625226
Primary_monocytes_from_peripheral_blood__H3K4me3	9.28943468173e-08	2.24527569433e-07	0.339535020841
Skeletal_Muscle_Male__H3K9ac	2.89601386411e-08	7.03638386802e-08	0.340324741028
Primary_T_killer_memory_cells_from_peripheral_blood__H3K27ac	3.87972203302e-08	9.52242491031e-08	0.341846080984
Ovary__H3K36me3	3.11435086509e-08	7.65442812697e-08	0.342052038045
Aorta__H3K36me3	6.08948933433e-08	1.51531863978e-07	0.343892806203
Aorta_ENTEX__H3K36me3	1.52628999314e-08	3.8766400735e-08	0.346895861709
Placenta__H3K4me1	1.69928953673e-08	4.39200149361e-08	0.349413084388
Brain_Cingulate_Gyrus__H3K36me3	2.7123248955e-08	7.05024951155e-08	0.350224912767
Uterus_ENTEX__H3K4me3	7.65619921422e-08	1.99214662525e-07	0.350370990883
Primary_B_cells_from_peripheral_blood__DNase	3.18921549761e-08	8.30315037397e-08	0.350453261911
Duodenum_Smooth_Muscle__H3K36me3	2.71546474163e-08	7.08979161786e-08	0.350855983679
Skeletal_Muscle_Female__H3K4me3	3.98251470818e-08	1.08310014019e-07	0.356550002471
Duodenum_Smooth_Muscle__H3K27ac	3.15543609621e-08	8.59943651472e-08	0.356833671104
Osteoblast_Primary_Cells__H3K36me3	1.43809441535e-08	3.92125388502e-08	0.35690517393
Rectal_Mucosa_Donor_31__H3K36me3	2.25830031512e-08	6.66491221236e-08	0.367367311251
Skeletal_Muscle_Female__H3K4me1	1.17538017423e-08	3.5791690543e-08	0.371306622107
Foreskin_Fibroblast_Primary_Cells_skin02__H3K36me3	1.26215219033e-08	3.89041532787e-08	0.372807739196
Esoph-GJ_ENTEX__H3K4me1	1.43359295272e-08	4.43314224689e-08	0.373203445632
Fetal_Muscle_Trunk__H3K4me3	6.86269025138e-08	2.16164504817e-07	0.375441469113
Fetal_Thymus__H3K36me3	1.17284731749e-08	3.79179323939e-08	0.378542085035
Colon_Smooth_Muscle__H3K36me3	2.14687772518e-08	7.00607090531e-08	0.37963823177
Stomach_ENTEX__H3K36me3	1.42131863508e-08	4.93885464134e-08	0.386756407769
Vagina_ENTEX__H3K27ac	1.22627198075e-08	4.33426038106e-08	0.388617044508
Placenta__DNase	1.86531155636e-08	6.84578317145e-08	0.392628024628
Rectal_Smooth_Muscle__H3K36me3	3.17711503495e-08	1.19272704649e-07	0.394975584108
Fetal_Adrenal_Gland__H3K27ac	1.17087742105e-08	4.43722590429e-08	0.395937734946
Osteoblast_Primary_Cells__H3K4me1	1.01839192341e-08	3.90001914445e-08	0.396998113464
Colonic_Mucosa__H3K36me3	2.1255129424e-08	8.16008411933e-08	0.39724798815
Duodenum_Smooth_Muscle__H3K4me3	2.07480703686e-08	8.09686708972e-08	0.398879623929
Colon-TV_ENTEX__H3K36me3	1.9377099358e-08	7.60371096307e-08	0.399424343643
Pancreatic_Islets__H3K9ac	5.449724597e-08	2.15075641483e-07	0.399984811834
Fetal_Heart__H3K36me3	3.09791778251e-08	1.24550798035e-07	0.401785883263
HMEC_Mammary_Epithelial_Primary_Cells__H3K36me3	1.77498499214e-08	7.25318024464e-08	0.403337329274
Foreskin_Melanocyte_Primary_Cells_skin01__H3K4me1	2.50521124744e-08	1.05677353793e-07	0.40630424446
Esophagus__H3K36me3	1.5421594337e-08	6.66031669936e-08	0.408445924798
Osteoblast_Primary_Cells__H3K27ac	9.38063688139e-09	4.17251640659e-08	0.411059788504
Esoph-Mucosa_ENTEX__H3K36me3	1.67804384485e-08	7.50024381164e-08	0.411482958823
Fetal_Heart__H3K4me3	2.03928152893e-08	9.44982576575e-08	0.414571447644
Esoph-Muscularis_ENTEX__H3K36me3	1.07453916123e-08	5.31905585205e-08	0.419951757086
NHLF_Lung_Fibroblast_Primary_Cells__H3K36me3	1.90917657228e-08	9.89849456267e-08	0.423528256861
Primary_hematopoietic_stem_cells_G-CSF-mobilized_Male__H3K4me3	1.8665611286e-08	9.96194812989e-08	0.425685629069
Fetal_Stomach__H3K27ac	9.85080848739e-09	5.83309058509e-08	0.432946290118
Primary_T_helper_memory_cells_from_peripheral_blood_2__H3K27ac	1.14549323665e-08	6.96023298973e-08	0.434638525972
Fetal_Intestine_Small__H3K36me3	6.3433314754e-09	3.89714775082e-08	0.435350329768
NHEK-Epidermal_Keratinocyte_Primary_Cells__H3K36me3	7.72816760385e-09	4.90749459596e-08	0.437434528043
Adipose_Nuclei__H3K27ac	5.88248835711e-09	3.83158271687e-08	0.43899161373
Primary_monocytes_from_peripheral_blood__H3K36me3	5.0218410667e-09	3.34730982043e-08	0.440371980059
Fetal_Kidney__H3K4me1	1.93728247618e-08	1.37356619188e-07	0.443919035658
Foreskin_Keratinocyte_Primary_Cells_skin03__H3K4me1	4.66014289306e-09	3.47102285202e-08	0.446599087812
Lung__H3K36me3	9.59478096867e-09	7.36574505154e-08	0.448179495742
Primary_monocytes_from_peripheral_blood__H3K4me1	4.37318383849e-09	3.51131513166e-08	0.450441701454
Fetal_Muscle_Leg__H3K4me3	2.4088332782e-08	2.06699769637e-07	0.453613172015
Primary_hematopoietic_stem_cells_G-CSF-mobilized_Female__H3K4me3	1.49961751427e-08	1.35750133024e-07	0.456018735302
Lung__H3K27ac	6.51199264603e-09	6.72508730069e-08	0.461430164644
Breast_variant_Human_Mammary_Epithelial_Cells_(vHMEC)__H3K36me3	3.47627569469e-09	3.70217213764e-08	0.462594982927
Primary_monocytes_from_peripheral_blood__H3K27ac	5.10163021169e-09	5.76938454535e-08	0.464769088328
Skeletal_Muscle_Female__H3K9ac	8.12786527651e-09	9.31959503564e-08	0.465251244444
skeletal_muscle_ENTEX__H3K27ac	1.52461836593e-09	2.00403646177e-08	0.469678769419
Primary_T_cells_from_peripheral_blood__DNase	6.23915762639e-09	8.70167580002e-08	0.471420071645
Prostate_ENTEX__H3K4me3	1.75406914548e-08	2.45066563478e-07	0.471469983356
Psoas_Muscle__H3K27ac	4.91177670564e-09	6.96335665772e-08	0.471882932789
Brain_Angular_Gyrus__H3K36me3	5.11813600774e-09	8.14933497127e-08	0.47496115511
Placenta_Amnion__H3K27ac	6.97870213788e-09	1.11868723318e-07	0.475128932076
Foreskin_Melanocyte_Primary_Cells_skin01__H3K4me3	9.9607700863e-09	1.61051857564e-07	0.475341853039
NHLF_Lung_Fibroblast_Primary_Cells__H3K4me1	4.42048755748e-09	7.21190561156e-08	0.475562412365
Foreskin_Keratinocyte_Primary_Cells_skin02__DNase	4.33574125725e-09	7.65274140621e-08	0.47740959103
Foreskin_Melanocyte_Primary_Cells_skin03__H3K4me3	6.5459429579e-09	1.41590076788e-07	0.481562807955
Gastric__H3K36me3	3.05263523989e-09	6.8426638105e-08	0.482208369972
Fetal_Thymus__H3K4me1	1.38725757333e-09	3.18159222743e-08	0.482610581558
Esoph-Muscularis_ENTEX__H3K4me1	1.70911580891e-09	4.10293025971e-08	0.48338647317
Right_Atrium__H3K4me3	7.38589666567e-09	1.79035570964e-07	0.483546784138
Pancreas_ENTEX__H3K36me3	1.25939736507e-09	4.84177440578e-08	0.489624254139
Spleen_ENTEX__H3K4me3	1.47006426378e-09	5.85458792928e-08	0.489983767004
Foreskin_Melanocyte_Primary_Cells_skin03__H3K36me3	7.35614212998e-10	3.38711448904e-08	0.491336444513
NHDF-Ad_Adult_Dermal_Fibroblast_Primary_Cells__H3K27ac	1.0722844091e-09	9.44477839192e-08	0.495470826524
Fetal_Brain_Male__H3K36me3	2.10494014453e-09	1.91048245483e-07	0.495604604326
Primary_hematopoietic_stem_cells_G-CSF-mobilized_Female__DNase	1.23372612705e-09	1.13327058486e-07	0.495657031962
Fetal_Muscle_Leg__H3K36me3	4.07616518459e-10	5.66117334887e-08	0.497127555574
Primary_T_helper_naive_cells_from_peripheral_blood__H3K9ac	7.87364825149e-10	1.33651563166e-07	0.497649774574
Primary_B_cells_from_peripheral_blood__H3K27ac	3.42910912074e-10	6.475759271e-08	0.497887490622
Mammary_ENTEX__H3K36me3	2.43431057356e-10	4.81879316889e-08	0.497984671168
Primary_mononuclear_cells_from_peripheral_blood__H3K27ac	5.02147699591e-10	1.42857469914e-07	0.498597710459
Fetal_Adrenal_Gland__H3K4me1	-7.05704877993e-10	4.32602638108e-08	0.506507658582
Fetal_Muscle_Trunk__H3K36me3	-1.08184544724e-09	5.93889194437e-08	0.507266844143
Foreskin_Keratinocyte_Primary_Cells_skin03__H3K27ac	-1.01351378882e-09	5.3609280157e-08	0.507541780379
Fetal_Lung__DNase	-1.97311426816e-09	8.28602732036e-08	0.509498934654
Small_Intestine__H3K36me3	-4.7834109445e-09	1.64249862121e-07	0.511616662137
Breast_variant_Human_Mammary_Epithelial_Cells_(vHMEC)__DNase	-4.40977025213e-09	1.01405926221e-07	0.517343064165
Fetal_Lung__H3K9ac	-5.49592233779e-09	1.18193995725e-07	0.51854380097
Foreskin_Fibroblast_Primary_Cells_skin01__H3K4me3	-5.47989371097e-09	9.34447164121e-08	0.523381834534
Primary_B_cells_from_cord_blood__H3K4me3	-1.17554310824e-08	1.86412023211e-07	0.525141253922
Mammary_ENTEX__H3K4me3	-8.64578393979e-09	1.19333038549e-07	0.528878453565
Placenta_Amnion__H3K36me3	-4.98127750454e-09	6.80353334419e-08	0.529182897603
Primary_mononuclear_cells_from_peripheral_blood__H3K4me1	-1.03127442429e-08	1.35660109935e-07	0.530298004088
Left_Ventricle__H3K36me3	-6.38919855428e-09	7.22950870581e-08	0.53521134558
Vagina_ENTEX__H3K4me3	-1.79681652143e-08	1.85817981779e-07	0.538516753457
NHEK-Epidermal_Keratinocyte_Primary_Cells__H3K4me1	-3.45895969291e-09	3.45507235653e-08	0.539872498553
NHDF-Ad_Adult_Dermal_Fibroblast_Primary_Cells__H3K9ac	-1.52480855462e-08	1.50182530147e-07	0.540435268731
HMEC_Mammary_Epithelial_Primary_Cells__H3K27ac	-7.41521841522e-09	5.64550031357e-08	0.552249755368
Esoph-Mucosa_ENTEX__H3K27ac	-7.26423885831e-09	5.35163771927e-08	0.553986039612
Psoas_Muscle__H3K4me3	-3.19981366081e-08	2.25351030146e-07	0.556457000858
Adrenal_gland_ENTEX__H3K27ac	-5.51480875622e-09	3.69146283705e-08	0.55937846423
Skeletal_Muscle_Male__H3K4me1	-6.53585739596e-09	4.33661805801e-08	0.559899034045
Right_Atrium__H3K36me3	-1.82563279821e-08	1.18335386291e-07	0.561303999733
Adipose_Nuclei__H3K4me3	-1.45883757516e-08	8.89310251811e-08	0.56515074964
Fetal_Kidney__H3K9ac	-3.40642578096e-08	1.92140851368e-07	0.570358892637
Ovary__H3K4me1	-1.24997628884e-08	6.9493734833e-08	0.571372261461
Spleen_ENTEX__H3K36me3	-5.6885932791e-09	3.15705663432e-08	0.571496964398
Primary_neutrophils_from_peripheral_blood__H3K4me3	-1.32750115547e-08	7.1606933147e-08	0.57353734122
Spleen__H3K4me1	-1.05278795387e-08	5.30047587114e-08	0.578720544983
Placenta__H3K27ac	-7.52063389797e-09	3.69649161199e-08	0.580609625406
NHLF_Lung_Fibroblast_Primary_Cells__H3K9ac	-4.38651262572e-08	2.10018699873e-07	0.582722388016
Adrenal_gland_ENTEX__H3K4me3	-2.72855913479e-08	1.286437788e-07	0.583986235649
Placenta__H3K36me3	-1.26911606072e-08	5.96632095167e-08	0.584224719702
Primary_B_cells_from_peripheral_blood__H3K4me3	-3.9520031284e-08	1.8086959169e-07	0.586480275759
Primary_hematopoietic_stem_cells_short_term_culture__H3K36me3	-1.16045315929e-08	4.52862944478e-08	0.60112040508
Foreskin_Fibroblast_Primary_Cells_skin02__H3K27ac	-1.61238324852e-08	6.25073048232e-08	0.60177770404
Skeletal_Muscle_Male__H3K4me3	-3.34080742369e-08	1.24157050512e-07	0.606065614516
liver_ENTEX__H3K4me3	-2.18878409647e-08	7.90718556198e-08	0.60903680763
Esoph-Mucosa_ENTEX__H3K4me3	-3.19872400382e-08	1.1192769104e-07	0.61247854944
Breast_variant_Human_Mammary_Epithelial_Cells_(vHMEC)__H3K4me1	-1.3255024259e-08	4.49595676502e-08	0.6159346846
Skin_tissue_ENTEX__H3K4me3	-5.15465256952e-08	1.73049260257e-07	0.617099562573
Primary_T_cells_effector_memory_enriched_from_peripheral_blood__H3K4me3	-4.69005115458e-08	1.57351252046e-07	0.617172278623
NHDF-Ad_Adult_Dermal_Fibroblast_Primary_Cells__H3K4me1	-1.86773183357e-08	6.03956750398e-08	0.621434040786
Primary_Natural_Killer_cells_from_peripheral_blood__H3K4me1	-1.6207900088e-08	5.16100579311e-08	0.623256712419
Primary_T_cells_from_cord_blood__H3K4me3	-6.55843962286e-08	2.04555564283e-07	0.625750423521
Fetal_Adrenal_Gland__DNase	-3.44514402123e-08	1.04794249476e-07	0.628828863512
Fetal_Kidney__DNase	-3.46565063418e-08	1.04082998978e-07	0.630421499974
Primary_T_killer_naive_cells_from_peripheral_blood__H3K27ac	-3.53930148066e-08	1.05474270015e-07	0.631398899847
Heart-Atrial_ENTEX__H3K36me3	-1.46907662096e-08	4.31811404284e-08	0.633151768843
Thyroid_gland_ENTEX__H3K36me3	-1.50492008559e-08	4.3301746656e-08	0.635908133207
Primary_T_cells_effector_memory_enriched_from_peripheral_blood__H3K27ac	-2.38542442924e-08	6.83672680902e-08	0.6364227735
Liver__H3K4me3	-2.90667917349e-08	8.14839757594e-08	0.63934849362
liver_ENTEX__H3K4me1	-5.57683293316e-08	1.40302698634e-07	0.654495369232
Fetal_Adrenal_Gland__H3K36me3	-1.71779960083e-08	4.24967471765e-08	0.656974187507
Colon-TV_ENTEX__H3K4me1	-4.53562660978e-08	1.10703794033e-07	0.658990039034
Uterus_ENTEX__H3K27ac	-1.47937206045e-08	3.61061790685e-08	0.658997338012
Duodenum_Smooth_Muscle__H3K4me1	-3.2001845175e-08	7.44553727816e-08	0.666333957205
Brain_Substantia_Nigra__H3K36me3	-4.60898088188e-08	1.0286057652e-07	0.672952415503
Rectal_Smooth_Muscle__H3K4me3	-7.0436351024e-08	1.55630369539e-07	0.67457707882
liver_ENTEX__H3K36me3	-2.61420344683e-08	5.75172728791e-08	0.67526821853
Fetal_Lung__H3K4me3	-6.78842707668e-08	1.45365241534e-07	0.679746869111
Ovary__DNase	-5.1021232511e-08	1.0534585084e-07	0.685921045848
Primary_T_helper_cells_PMA-I_stimulated__H3K27ac	-1.65782940758e-08	3.41849601625e-08	0.686147181431
Foreskin_Fibroblast_Primary_Cells_skin01__H3K36me3	-1.63661643272e-08	3.33553920645e-08	0.688166610167
Spleen__H3K27ac	-3.25745574185e-08	6.4501986368e-08	0.693226322151
Heart-LV_ENTEX__H3K4me3	-7.92101783172e-08	1.51801333958e-07	0.699095760792
Adipose_Nuclei__H3K4me1	-2.4065923321e-08	4.53598490749e-08	0.702136625362
Primary_T_cells_from_peripheral_blood__H3K4me1	-2.47065557699e-08	4.62076809836e-08	0.703566166152
Adrenal_gland_ENTEX__H3K36me3	-2.60976669249e-08	4.85815857806e-08	0.704432698529
Thyroid_gland_ENTEX__H3K4me1	-1.60917645212e-08	2.94998792814e-08	0.707290269407
Primary_T_cells_from_cord_blood__DNase	-6.57059513582e-08	1.20013149797e-07	0.707978793187
Ovary_ENTEX__H3K4me3	-1.1320730628e-07	2.02319917157e-07	0.712105436657
Small_Intestine__H3K27ac	-5.13048536958e-08	8.65156327209e-08	0.72341361451
Sigmoid_Colon__H3K36me3	-5.71922477989e-08	9.58976445579e-08	0.724542123414
NHLF_Lung_Fibroblast_Primary_Cells__H3K27ac	-4.49213247828e-08	7.412445099e-08	0.727751167399
Thymus__H3K4me1	-3.57166195405e-08	5.87872872838e-08	0.728259289174
Foreskin_Fibroblast_Primary_Cells_skin01__H3K27ac	-3.44497103477e-08	5.63448097312e-08	0.7295354982
Psoas_Muscle__H3K4me1	-4.94807722693e-08	8.03357101775e-08	0.731027989538
Primary_T_regulatory_cells_from_peripheral_blood__H3K4me3	-7.60611714544e-08	1.20331281928e-07	0.736338602915
Right_Ventricle__H3K4me3	-1.04221042138e-07	1.62324683367e-07	0.739580598852
Fetal_Thymus__DNase	-5.61703869367e-08	8.5899692598e-08	0.743414050512
Primary_T_regulatory_cells_from_peripheral_blood__H3K36me3	-2.42210503057e-08	3.69658140776e-08	0.743839636187
liver_ENTEX__H3K27ac	-2.10759453849e-08	3.20324265438e-08	0.7447169796
Foreskin_Fibroblast_Primary_Cells_skin01__H3K4me1	-2.38491864826e-08	3.59376703345e-08	0.746535269196
Mammary_ENTEX__H3K27ac	-2.69772024537e-08	4.03589613006e-08	0.748070914296
Adipose_Nuclei__H3K9ac	-7.86261185145e-08	1.17619975071e-07	0.74808506922
Stomach_Mucosa__H3K36me3	-8.20295299098e-08	1.22640901841e-07	0.748207440176
Lung_ENTEX__H3K27ac	-2.51336308183e-08	3.70841144571e-08	0.751033798559
Primary_T_killer_memory_cells_from_peripheral_blood__H3K4me3	-1.02434487949e-07	1.50385178621e-07	0.752110917065
Small_Intestine__H3K4me3	-1.81179270434e-07	2.57452436447e-07	0.759202275811
Skeletal_Muscle_Male__H3K36me3	-4.51759804288e-08	6.4003098087e-08	0.759856341744
Primary_T_killer_naive_cells_from_peripheral_blood__H3K4me3	-1.53825826003e-07	2.15619602313e-07	0.762204882547
HMEC_Mammary_Epithelial_Primary_Cells__H3K9ac	-7.14077927984e-08	9.95853822326e-08	0.763328669824
Primary_T_helper_cells_PMA-I_stimulated__H3K4me1	-2.20070634743e-08	3.03463106241e-08	0.765834510036
Spleen_ENTEX__H3K27ac	-2.12724335959e-08	2.90114078098e-08	0.768295113517
Psoas_Muscle__H3K36me3	-8.42064339933e-08	1.13350006745e-07	0.771225452408
Primary_T_helper_17_cells_PMA-I_stimulated__H3K27ac	-4.81373702485e-08	6.47305889999e-08	0.771458063444
Breast_variant_Human_Mammary_Epithelial_Cells_(vHMEC)__H3K4me3	-1.40364975536e-07	1.82564790812e-07	0.779008877437
Primary_T_helper_naive_cells_from_peripheral_blood_1__H3K27ac	-8.34604737306e-08	1.06487785778e-07	0.783408441955
Primary_neutrophils_from_peripheral_blood__H3K4me1	-2.1617137958e-08	2.73231816041e-08	0.785576068757
Thyroid_gland_ENTEX__H3K27ac	-2.22225985568e-08	2.79522883662e-08	0.786698756412
Primary_T_helper_17_cells_PMA-I_stimulated__H3K4me3	-8.32796146848e-08	1.04554262331e-07	0.787135221307
Skeletal_Muscle_Female__H3K36me3	-4.06854618067e-08	5.05264544487e-08	0.789656772509
Primary_T_regulatory_cells_from_peripheral_blood__H3K27ac	-3.90049581747e-08	4.83704976222e-08	0.789987851989
Testis_ENTEX__H3K36me3	-2.36350372271e-07	2.89447291073e-07	0.792909340137
NHDF-Ad_Adult_Dermal_Fibroblast_Primary_Cells__H3K4me3	-1.66150812397e-07	2.00866609412e-07	0.795929614034
Placenta_Amnion__H3K4me3	-1.95245412121e-07	2.35586015731e-07	0.796381262892
Primary_T_helper_naive_cells_from_peripheral_blood_1__H3K4me1	-3.26479555956e-08	3.92913485094e-08	0.796990503615
NHEK-Epidermal_Keratinocyte_Primary_Cells__H3K27ac	-4.28097460387e-08	5.1343128076e-08	0.797802306254
Duodenum_Mucosa__H3K36me3	-4.91433156767e-08	5.69380004322e-08	0.805959371579
Primary_B_cells_from_peripheral_blood__H3K36me3	-3.07310783807e-08	3.50918477148e-08	0.809412316652
Fetal_Lung__H3K36me3	-4.29186580011e-08	4.87593255502e-08	0.810628399192
Liver__H3K36me3	-3.87921468146e-08	4.30691942057e-08	0.816124369061
Breast_Myoepithelial_Primary_Cells__H3K4me1	-3.47543408764e-08	3.81314188586e-08	0.818967105348
Primary_monocytes_from_peripheral_blood__DNase	-1.0516140551e-07	1.14504677928e-07	0.820795961468
Primary_T_helper_naive_cells_from_peripheral_blood_2__H3K4me1	-3.30804674913e-08	3.51675114673e-08	0.826558952511
Prostate_ENTEX__H3K36me3	-3.13618663274e-07	3.32202795211e-07	0.827429961647
Left_Ventricle__H3K4me1	-5.95178064844e-08	6.18873396706e-08	0.831902891254
Primary_T_cells_from_peripheral_blood__H3K4me3	-1.87792802356e-07	1.94037976241e-07	0.833431535141
Primary_T_helper_cells_from_peripheral_blood__H3K27ac	-6.68662587837e-08	6.90243938053e-08	0.833660971752
Pancreas__H3K4me1	-5.18889982472e-08	5.18453396603e-08	0.841548422079
Adrenal_gland_ENTEX__H3K4me1	-4.55691775004e-08	4.53679542053e-08	0.84241559373
Ovary__H3K27ac	-7.38549145872e-08	7.34291938961e-08	0.842743553872
Fetal_Kidney__H3K4me3	-1.98154893754e-07	1.95230524362e-07	0.844942094902
Primary_Natural_Killer_cells_from_peripheral_blood__DNase	-1.23641258282e-07	1.21770491058e-07	0.84503360228
Primary_T_helper_memory_cells_from_peripheral_blood_1__H3K27ac	-7.80821079276e-08	7.64161785067e-08	0.846562391031
Primary_T_cells_effector_memory_enriched_from_peripheral_blood__H3K4me1	-6.25993812252e-08	6.08730366491e-08	0.848109684573
Primary_mononuclear_cells_from_peripheral_blood__H3K4me3	-2.3184273268e-07	2.25418768591e-07	0.848142163596
Gastric__H3K27ac	-9.33965763993e-08	8.85589658879e-08	0.854201766234
Primary_Natural_Killer_cells_from_peripheral_blood__H3K4me3	-1.75758432943e-07	1.6574068471e-07	0.855528286632
Liver__H3K27ac	-4.52448063638e-08	4.24679322843e-08	0.856649705977
Prostate_ENTEX__H3K27ac	-5.42505288049e-08	5.08562659327e-08	0.856955884165
Primary_T_helper_cells_PMA-I_stimulated__H3K4me3	-8.28849672077e-08	7.76505434441e-08	0.857106634447
Primary_T_helper_cells_from_peripheral_blood__H3K4me1	-3.83481769558e-08	3.58133261377e-08	0.857865716127
Primary_T_helper_memory_cells_from_peripheral_blood_2__H3K4me3	-1.5903320612e-07	1.47153083939e-07	0.860092068856
Lung_ENTEX__H3K4me1	-4.52128953256e-08	4.16541258027e-08	0.861135742994
Small_Intestine__H3K4me1	-1.01807569778e-07	9.25172431639e-08	0.864424815786
Primary_T_cells_from_cord_blood__H3K4me1	-6.51073575102e-08	5.90738266471e-08	0.864798601473
Primary_T_helper_cells_from_peripheral_blood__H3K36me3	-4.12563999402e-08	3.7409272054e-08	0.864951431202
Thymus__H3K27ac	-9.45140745918e-08	8.55838633663e-08	0.865278151608
Liver__H3K4me1	-4.13445749819e-08	3.74368331758e-08	0.865286326757
Primary_T_helper_memory_cells_from_peripheral_blood_1__H3K36me3	-6.83077223471e-08	6.175993374e-08	0.865641070082
skeletal_muscle_ENTEX__H3K4me3	-7.79833684797e-08	6.99971773137e-08	0.867380364171
Breast_Myoepithelial_Primary_Cells__H3K4me3	-1.53541440594e-07	1.3764250512e-07	0.86768379838
Esoph-Mucosa_ENTEX__H3K4me1	-5.04937784468e-08	4.50372486593e-08	0.868889252756
Foreskin_Keratinocyte_Primary_Cells_skin03__H3K4me3	-1.44679533057e-07	1.29023734329e-07	0.868928514351
Pancreas_ENTEX__H3K4me1	-3.29848620162e-08	2.93593566234e-08	0.869384687784
Primary_T_cells_effector_memory_enriched_from_peripheral_blood__H3K36me3	-5.67839653502e-08	5.02374701531e-08	0.870827400393
Primary_Natural_Killer_cells_from_peripheral_blood__H3K27ac	-7.6249298175e-08	6.72738527195e-08	0.871480316747
Pancreas_ENTEX__H3K4me3	-1.44302679897e-07	1.25067073766e-07	0.875709388639
HMEC_Mammary_Epithelial_Primary_Cells__DNase	-1.06876191811e-07	9.20326725646e-08	0.877237056735
Breast_Myoepithelial_Primary_Cells__H3K9ac	-1.46123728895e-07	1.23827318232e-07	0.881011926269
Primary_T_cells_from_peripheral_blood__H3K27ac	-6.61530165397e-08	5.58313686937e-08	0.881965938518
Pancreas__H3K27ac	-1.10720946616e-07	9.20424624715e-08	0.885498940947
Primary_T_helper_naive_cells_from_peripheral_blood_2__H3K27ac	-6.71656372401e-08	5.58299070466e-08	0.885519668674
Fetal_Intestine_Small__H3K4me3	-2.05045724187e-07	1.6920071662e-07	0.88721491184
Fetal_Intestine_Large__H3K4me3	-2.13301226525e-07	1.70019433188e-07	0.89518249273
Lung__H3K4me3	-2.66244253167e-07	2.10896647819e-07	0.896604653682
Ovary_ENTEX__H3K36me3	-2.34289286272e-07	1.85534468478e-07	0.896665940862
Esophagus__H3K27ac	-7.74198988027e-08	6.07340114945e-08	0.898798847937
Stomach_ENTEX__H3K27ac	-5.48309564188e-08	4.27985446272e-08	0.899927870679
Primary_T_killer_naive_cells_from_peripheral_blood__H3K4me1	-4.87398795069e-08	3.77006171807e-08	0.901962273016
Primary_T_cells_from_peripheral_blood__H3K36me3	-5.1914030701e-08	3.91088131015e-08	0.907815993985
Primary_T_killer_naive_cells_from_peripheral_blood__H3K36me3	-1.12803928905e-07	8.46869118314e-08	0.908571772781
NHLF_Lung_Fibroblast_Primary_Cells__H3K4me3	-2.68171836959e-07	2.01149596647e-07	0.908766253598
Fetal_Stomach__DNase	-1.87694384727e-07	1.40462808237e-07	0.909267326713
Mammary_ENTEX__H3K4me1	-1.2592121181e-07	9.37670728408e-08	0.910350256109
Primary_T_cells_from_cord_blood__H3K36me3	-1.12020080769e-07	8.17302663569e-08	0.914751260828
Foreskin_Keratinocyte_Primary_Cells_skin02__H3K4me3	-2.07013941601e-07	1.50597987891e-07	0.915374261303
NHEK-Epidermal_Keratinocyte_Primary_Cells__H3K4me3	-1.69759101557e-07	1.23244190419e-07	0.915808894842
Thyroid_gland_ENTEX__H3K4me3	-1.96945178572e-07	1.42706868141e-07	0.916217141771
Primary_T_helper_naive_cells_from_peripheral_blood_1__H3K4me3	-1.94001829707e-07	1.39972032543e-07	0.917127194641
HMEC_Mammary_Epithelial_Primary_Cells__H3K4me3	-2.35642947633e-07	1.69834748979e-07	0.917352842513
Esophagus__H3K4me1	-9.85962471135e-08	7.00367789763e-08	0.920401613787
Primary_T_helper_naive_cells_from_peripheral_blood_2__H3K4me3	-1.86494752173e-07	1.31109804635e-07	0.922549527925
Rectal_Mucosa_Donor_29__H3K36me3	-9.77498549728e-08	6.82680883844e-08	0.923907026701
Primary_neutrophils_from_peripheral_blood__H3K36me3	-4.00505789914e-08	2.78997082267e-08	0.924430461496
Primary_Natural_Killer_cells_from_peripheral_blood__H3K36me3	-5.86618928289e-08	4.0729753224e-08	0.925104664824
Primary_T_helper_memory_cells_from_peripheral_blood_2__H3K4me1	-4.97229743336e-08	3.44481198626e-08	0.925548368626
Stomach_ENTEX__H3K4me1	-7.97483013555e-08	5.34327102528e-08	0.932215895544
Primary_T_helper_17_cells_PMA-I_stimulated__H3K36me3	-6.46665610774e-08	4.33014218098e-08	0.932334401272
NHEK-Epidermal_Keratinocyte_Primary_Cells__DNase	-1.13645508082e-07	7.59568891076e-08	0.932697188009
Pancreas_ENTEX__H3K27ac	-5.0927132634e-08	3.36921809792e-08	0.934674739038
Primary_T_helper_memory_cells_from_peripheral_blood_1__H3K4me1	-5.40759516002e-08	3.57269320311e-08	0.934935157701
Gastric__H3K4me1	-1.20778441877e-07	7.88768823297e-08	0.937143396938
Colon-Sigm_ENTEX__H3K4me1	-3.55205058954e-07	2.31410938254e-07	0.937602390311
Colonic_Mucosa__H3K27ac	-1.20419147343e-07	7.83068238407e-08	0.937949541625
Primary_mononuclear_cells_from_peripheral_blood__H3K36me3	-6.61462032707e-08	4.29848104172e-08	0.938076778382
NHEK-Epidermal_Keratinocyte_Primary_Cells__H3K9ac	-1.25403823385e-07	8.13764774857e-08	0.938345601971
Primary_T_helper_naive_cells_from_peripheral_blood_1__H3K36me3	-9.51492445486e-08	6.08121108204e-08	0.941166681764
Primary_T_killer_memory_cells_from_peripheral_blood__H3K4me1	-6.78744600802e-08	4.30849331352e-08	0.942413795495
Primary_T_helper_cells_from_peripheral_blood__H3K4me3	-2.68227766375e-07	1.6781203075e-07	0.945021030509
Colonic_Mucosa__H3K4me3	-2.35359711828e-07	1.43747162202e-07	0.949217903343
Primary_T_helper_cells_PMA-I_stimulated__H3K36me3	-6.12353988433e-08	3.70007349307e-08	0.95103551023
Sigmoid_Colon__H3K4me1	-2.00836684389e-07	1.1701926743e-07	0.956943702306
Primary_T_helper_naive_cells_from_peripheral_blood_2__H3K36me3	-8.76765671314e-08	5.05331726619e-08	0.958632248175
Gastric__H3K4me3	-2.56923262667e-07	1.48009725398e-07	0.958705166739
Duodenum_Mucosa__H3K9ac	-2.13827032988e-07	1.23059534573e-07	0.958858470123
Sigmoid_Colon__H3K27ac	-1.43019680558e-07	8.21566091652e-08	0.959142232041
Stomach_Mucosa__H3K9ac	-1.85500189032e-07	1.05706982432e-07	0.96035775117
Sigmoid_Colon__H3K4me3	-3.7501411503e-07	2.12028502041e-07	0.961527749597
Primary_mononuclear_cells_from_peripheral_blood__H3K9ac	-2.25655987203e-07	1.27120883533e-07	0.962061718409
Liver__H3K9ac	-1.3967968737e-07	7.73478197216e-08	0.964530251918
Primary_T_regulatory_cells_from_peripheral_blood__H3K4me1	-7.69839823489e-08	4.16103695195e-08	0.967851535238
Colonic_Mucosa__H3K9ac	-2.9741942381e-07	1.60187224312e-07	0.968322989343
Lung_ENTEX__H3K4me3	-3.88933845404e-07	2.06694357367e-07	0.970060658259
Primary_T_helper_memory_cells_from_peripheral_blood_1__H3K4me3	-2.24500513208e-07	1.18392268355e-07	0.971036041914
Primary_T_killer_memory_cells_from_peripheral_blood__H3K36me3	-1.39802997986e-07	7.35147256455e-08	0.971394846408
Gastric__DNase	-2.89586716046e-07	1.4988028664e-07	0.97332765868
Pancreas__DNase	-2.29365630528e-07	1.18484640751e-07	0.973555483181
Primary_T_helper_17_cells_PMA-I_stimulated__H3K4me1	-7.45126740727e-08	3.82135872107e-08	0.974405981005
skeletal_muscle_ENTEX__H3K36me3	-6.46027808702e-08	3.24459553824e-08	0.976764441465
SI-Term-Ileum_ENTEX__H3K36me3	-2.63205815064e-07	1.31609957875e-07	0.977244082842
Fetal_Intestine_Large__H3K27ac	-9.33876552963e-08	4.65017714905e-08	0.977692173727
SI-Term-Ileum_ENTEX__H3K27ac	-8.87102137799e-08	4.37634005276e-08	0.978670897799
Esophagus__H3K4me3	-3.65553806275e-07	1.76727718627e-07	0.980701496758
Colon-TV_ENTEX__H3K27ac	-9.078267347e-08	4.33873487068e-08	0.981797580139
Ovary__H3K4me3	-3.12702113566e-07	1.48776692369e-07	0.982215560989
Fetal_Intestine_Small__H3K27ac	-1.0358637583e-07	4.8520722251e-08	0.983614977493
Fetal_Adrenal_Gland__H3K4me3	-4.55905469357e-07	2.08713268741e-07	0.985532194856
Primary_T_helper_memory_cells_from_peripheral_blood_2__H3K36me3	-1.72569607179e-07	7.5125449426e-08	0.989193063719
SI-Term-Ileum_ENTEX__H3K4me3	-2.61589512113e-07	1.12544244266e-07	0.989945985598
Stomach_ENTEX__H3K4me3	-3.15965586157e-07	1.34365197785e-07	0.990652144277
Stomach_Mucosa__H3K4me1	-1.0456775956e-07	4.32237705394e-08	0.992223059942
Fetal_Intestine_Large__H3K4me1	-1.03457211497e-07	4.22346249893e-08	0.992848909152
Duodenum_Mucosa__H3K4me3	-2.27785891111e-07	9.2772759238e-08	0.992961844511
Rectal_Mucosa_Donor_29__H3K9ac	-3.28265914073e-07	1.32250903364e-07	0.993470293294
Fetal_Intestine_Small__H3K4me1	-1.10162278519e-07	4.15540632702e-08	0.995988010294
Colon-TV_ENTEX__H3K4me3	-3.80666675776e-07	1.36871281083e-07	0.997292098352
Duodenum_Mucosa__H3K4me1	-1.73995499465e-07	5.99478640058e-08	0.998148701113
Rectal_Mucosa_Donor_29__H3K27ac	-1.91593636968e-07	6.55014743771e-08	0.998277873031
Rectal_Mucosa_Donor_31__H3K27ac	-1.7240130318e-07	5.88501411119e-08	0.998302443745
Rectal_Mucosa_Donor_31__H3K4me3	-4.17604922583e-07	1.37687291658e-07	0.998789303554
Stomach_Mucosa__H3K4me3	-5.27871753787e-07	1.67102505595e-07	0.999208360277
Small_Intestine__DNase	-3.11346069854e-07	9.79518210928e-08	0.999259965677
Colonic_Mucosa__H3K4me1	-2.5900220833e-07	8.07547506476e-08	0.999329991848
Rectal_Mucosa_Donor_29__H3K4me1	-2.56651260392e-07	7.80961188704e-08	0.999492527781
SI-Term-Ileum_ENTEX__H3K4me1	-2.08381515519e-07	6.14263511945e-08	0.999653558427
Rectal_Mucosa_Donor_31__H3K9ac	-3.14534640677e-07	9.13539935197e-08	0.999712383419
Rectal_Mucosa_Donor_29__H3K4me3	-4.22702635308e-07	1.19569371742e-07	0.999796273084
Fetal_Intestine_Large__DNase	-3.89839717558e-07	1.01680628565e-07	0.999936952315
Fetal_Intestine_Small__DNase	-5.49036648681e-07	1.29156986718e-07	0.999989355522
Rectal_Mucosa_Donor_31__H3K4me1	-2.46537679996e-07	5.17096056473e-08	0.999999068455
