Name	Coefficient	Coefficient_std_error	Coefficient_P_value
Fetal_Brain_Female__H3K4me3	5.63280275048e-07	1.48921779878e-07	7.76648205012e-05
Fetal_Brain_Male__H3K4me1	1.23935528962e-07	4.3727899204e-08	0.00229671338554
Artery-Coronary_ENTEX__H3K27ac	1.11639267726e-07	3.95812737334e-08	0.00239738984113
Artery-Tibial_ENTEX__H3K36me3	1.40799456816e-07	5.21879189229e-08	0.00348858448926
Fetal_Brain_Female__H3K36me3	1.85369674334e-07	6.88971117979e-08	0.0035669421805
Brain_Germinal_Matrix__H3K4me3	4.03251138663e-07	1.55247861783e-07	0.00469571239977
Brain_Hippocampus_Middle__H3K4me3	2.95477640641e-07	1.1480504032e-07	0.0050303788032
Fetal_Brain_Female__H3K4me1	1.74445160613e-07	6.90854566577e-08	0.00578387030654
Right_Atrium__H3K4me3	5.65832076201e-07	2.32483872829e-07	0.00746948555896
Fetal_Muscle_Trunk__DNase	2.19985794279e-07	9.22468376228e-08	0.00854532827987
Right_Atrium__H3K4me1	1.86968281837e-07	8.27124227285e-08	0.0118962986479
Fetal_Muscle_Trunk__H3K27ac	1.53140409483e-07	7.03652425231e-08	0.0147640114296
Right_Atrium__H3K27ac	1.52956540729e-07	7.17123279237e-08	0.0164657120502
Colon_Smooth_Muscle__H3K4me3	2.58798696328e-07	1.21995152928e-07	0.016944705217
Breast_Myoepithelial_Primary_Cells__H3K36me3	8.46349800266e-08	4.09479140438e-08	0.0193720921316
Brain_Germinal_Matrix__H3K36me3	1.75841010824e-07	8.5792351344e-08	0.0202011667607
Fetal_Muscle_Leg__H3K27ac	1.1413743536e-07	5.6754702158e-08	0.0221592582789
Ovary__H3K36me3	1.48095475126e-07	7.47862624244e-08	0.0238377378301
Brain_Angular_Gyrus__H3K4me3	2.94568294271e-07	1.51362488636e-07	0.0258206680041
Lung_ENTEX__H3K4me1	8.6687513035e-08	4.46118361847e-08	0.0259989867528
Artery-Coronary_ENTEX__H3K4me3	1.81627110108e-07	9.50725620326e-08	0.0280405355079
Primary_hematopoietic_stem_cells_G-CSF-mobilized_Female__H3K4me3	2.8098761105e-07	1.50629869921e-07	0.031061445851
Lung__H3K4me1	1.49882489742e-07	8.03981605028e-08	0.031143111194
Vagina_ENTEX__H3K27ac	7.85470798748e-08	4.29966813336e-08	0.0338636244205
Uterus_ENTEX__H3K27ac	7.04829963471e-08	3.94937809769e-08	0.037158189639
Stomach_Smooth_Muscle__H3K4me3	1.75861784831e-07	9.89710811005e-08	0.0377922883207
Cortex_derived_primary_cultured_neurospheres__H3K4me3	3.64090276304e-07	2.0853346187e-07	0.0404092875081
Skeletal_Muscle_Male__H3K4me3	2.43845039166e-07	1.42217239422e-07	0.043209706902
Fetal_Stomach__H3K4me1	7.69891267664e-08	4.54162832508e-08	0.0450199055262
Fetal_Muscle_Trunk__H3K36me3	1.01508590446e-07	6.0439669985e-08	0.0465270541023
Skeletal_Muscle_Female__H3K9ac	1.67546261788e-07	1.02023018846e-07	0.0502701590293
Skeletal_Muscle_Female__H3K27ac	7.37914319465e-08	4.53398473723e-08	0.0518135311217
Right_Ventricle__H3K4me1	1.00265380897e-07	6.17031120542e-08	0.0520850369941
Liver__H3K27ac	5.80159423401e-08	3.63689923266e-08	0.0553333728192
Gastric__DNase	2.52604732554e-07	1.58738858409e-07	0.0557684968384
Fetal_Muscle_Leg__H3K36me3	8.64228030148e-08	5.48897247939e-08	0.0576881995696
Esoph-GJ_ENTEX__H3K4me1	7.76700047467e-08	5.04750309245e-08	0.0619289183498
Ovary__H3K4me1	8.79973990545e-08	5.79251696171e-08	0.0643615514812
Psoas_Muscle__H3K4me3	3.82777165957e-07	2.52032734664e-07	0.0644114939082
Foreskin_Fibroblast_Primary_Cells_skin01__H3K4me3	1.14566923934e-07	7.62245840584e-08	0.066417197719
Fetal_Lung__H3K4me1	6.1230582975e-08	4.07583680662e-08	0.066512083422
Fetal_Muscle_Leg__H3K4me3	3.56407290398e-07	2.38937448655e-07	0.067897522557
Stomach_Smooth_Muscle__H3K4me1	7.44310413258e-08	5.03163859628e-08	0.0695353552229
Ganglion_Eminence_derived_primary_cultured_neurospheres__H3K36me3	8.70477193098e-08	5.94139280296e-08	0.0714459612454
Psoas_Muscle__H3K27ac	1.11199270665e-07	7.67551793885e-08	0.0737033336095
Left_Ventricle__H3K36me3	9.20395289326e-08	6.49750509237e-08	0.0783092478459
Heart-Atrial_ENTEX__H3K27ac	4.73844922009e-08	3.38697322368e-08	0.0809032298517
Placenta_Amnion__H3K4me1	6.28925869269e-08	4.5363937399e-08	0.0828123171057
Fetal_Stomach__H3K4me3	3.04933452336e-07	2.24152381354e-07	0.0868541212982
Skeletal_Muscle_Female__H3K4me3	1.60178514253e-07	1.18054336781e-07	0.0874191664576
Fetal_Muscle_Leg__DNase	1.05763251563e-07	7.91591217617e-08	0.0907608774778
Brain_Anterior_Caudate__H3K4me3	1.64785400453e-07	1.23536279718e-07	0.0911178422688
Left_Ventricle__H3K4me3	3.71407266741e-07	2.78625243701e-07	0.0912660097353
Fetal_Brain_Female__DNase	1.26667337116e-07	9.57912337621e-08	0.0930296387638
Heart-LV_ENTEX__H3K36me3	8.2604400127e-08	6.37818469102e-08	0.0976414338635
NHDF-Ad_Adult_Dermal_Fibroblast_Primary_Cells__H3K27ac	1.0285724537e-07	8.05528297188e-08	0.100820229942
Adipose_Nuclei__H3K36me3	7.65727425095e-08	6.05499435893e-08	0.103003574303
Right_Atrium__H3K36me3	1.43490414438e-07	1.14084803587e-07	0.10424069101
Foreskin_Keratinocyte_Primary_Cells_skin02__DNase	1.01729438681e-07	8.09625192806e-08	0.104467298661
Liver__H3K4me1	4.27026208469e-08	3.4631376323e-08	0.108776388402
Fetal_Brain_Male__DNase	1.21674706767e-07	9.88466672484e-08	0.109171914634
Fetal_Heart__DNase	8.2797541279e-08	6.75267667215e-08	0.110072241277
Fetal_Lung__H3K36me3	6.13170722414e-08	5.01451520227e-08	0.110704203568
Fetal_Heart__H3K36me3	1.83727743169e-07	1.50301470493e-07	0.110779173316
Duodenum_Smooth_Muscle__H3K4me3	8.97710510596e-08	7.36330073525e-08	0.111390102085
Testis_ENTEX__H3K4me3	1.11921909603e-07	9.19810484115e-08	0.111841463539
Artery-Tibial_ENTEX__H3K4me1	1.57313996297e-07	1.29523426288e-07	0.11226694149
Brain_Cingulate_Gyrus__H3K4me3	1.82763114066e-07	1.51622032937e-07	0.114027113078
Fetal_Intestine_Large__H3K36me3	6.52660226061e-08	5.45982333666e-08	0.115967916145
Left_Ventricle__H3K4me1	7.49330059111e-08	6.28170157568e-08	0.116458672406
Aorta__H3K27ac	7.27722457879e-08	6.10161213682e-08	0.116498843434
Left_Ventricle__H3K27ac	5.88720019627e-08	4.97393420797e-08	0.118283663256
Fetal_Muscle_Leg__H3K4me1	5.05513406731e-08	4.30761768731e-08	0.120290946612
Liver__H3K9ac	8.30655924251e-08	7.16664981714e-08	0.12321637335
Primary_neutrophils_from_peripheral_blood__H3K4me3	9.29903224386e-08	8.10398007734e-08	0.125594777208
Skeletal_Muscle_Female__H3K4me1	4.31623320045e-08	3.77137012681e-08	0.126213659145
Adipose_Nuclei__H3K4me3	9.90128916779e-08	8.74203827989e-08	0.128689773974
Foreskin_Keratinocyte_Primary_Cells_skin02__H3K4me3	1.98679231578e-07	1.75654348549e-07	0.129010577677
Esophagus__H3K4me1	9.59149053679e-08	8.51248341327e-08	0.129922859599
Cortex_derived_primary_cultured_neurospheres__H3K36me3	7.01709467571e-08	6.25883160832e-08	0.131111818301
Placenta_Amnion__H3K27ac	1.13108867944e-07	1.01241201e-07	0.131949769619
Lung_ENTEX__H3K27ac	3.99378650023e-08	3.68392370959e-08	0.139157535353
Brain_Dorsolateral_Prefrontal_Cortex__H3K4me3	1.7550618198e-07	1.65277945401e-07	0.144143932738
Duodenum_Smooth_Muscle__H3K36me3	8.3365384419e-08	7.87810508649e-08	0.144984228953
Brain_Inferior_Temporal_Lobe__H3K4me3	1.407782954e-07	1.35490014793e-07	0.149395211315
Colon_Smooth_Muscle__H3K27ac	5.21924049107e-08	5.07579657331e-08	0.151913682396
Fetal_Kidney__DNase	1.27286509765e-07	1.23960991878e-07	0.152250935548
Brain_Germinal_Matrix__H3K4me1	1.02543755335e-07	1.00011329077e-07	0.152605782203
Placenta_Amnion__H3K4me3	2.58171678639e-07	2.53071043537e-07	0.153827488862
Stomach_Smooth_Muscle__H3K27ac	4.61322596938e-08	4.52560484555e-08	0.15401576049
Aorta_ENTEX__H3K27ac	2.39555686668e-08	2.36916832142e-08	0.155975116942
Heart-Atrial_ENTEX__H3K36me3	5.1590630315e-08	5.11288954604e-08	0.156479931463
Mammary_ENTEX__H3K36me3	4.18571104749e-08	4.17448486949e-08	0.158005412338
Right_Ventricle__H3K36me3	6.67419616199e-08	6.65990290631e-08	0.158136501906
Adipose_Nuclei__H3K9ac	1.05796942083e-07	1.08289795983e-07	0.164289579044
Adrenal_gland_ENTEX__H3K4me3	1.21929963413e-07	1.26082231578e-07	0.166755274565
Stomach_Mucosa__H3K4me1	3.99890593511e-08	4.16694746742e-08	0.168609971017
Primary_hematopoietic_stem_cells__H3K4me3	1.94011188856e-07	2.0261545296e-07	0.169148892267
Aorta_ENTEX__H3K4me1	2.21400651314e-08	2.31313600993e-08	0.16924704233
Fetal_Heart__H3K9ac	5.64261761186e-08	5.8996908659e-08	0.169428532405
Heart-Atrial_ENTEX__H3K4me3	2.03630711561e-07	2.13610125626e-07	0.170223576315
Skeletal_Muscle_Male__H3K4me1	4.59285511484e-08	4.82099662699e-08	0.170376743109
Duodenum_Smooth_Muscle__H3K27ac	7.15299365847e-08	7.62472375575e-08	0.174088413573
Fetal_Lung__DNase	7.28983418436e-08	7.79754949594e-08	0.174923052906
Brain_Inferior_Temporal_Lobe__H3K9ac	8.68329767628e-08	9.30336814643e-08	0.175319670862
Lung__H3K27ac	5.84632026124e-08	6.32412167093e-08	0.177626613022
Esophagus__H3K36me3	6.82063759261e-08	7.39654455249e-08	0.178228200532
NHLF_Lung_Fibroblast_Primary_Cells__DNase	8.30261789133e-08	9.04144071731e-08	0.17923488245
Adipose_Nuclei__H3K27ac	3.16172896499e-08	3.45324803344e-08	0.179943298791
Pancreas__H3K4me1	4.61557677962e-08	5.08559557844e-08	0.182050501081
Fetal_Stomach__H3K36me3	3.47640778849e-08	3.84961027093e-08	0.183248491543
Foreskin_Melanocyte_Primary_Cells_skin01__H3K4me3	1.39775529559e-07	1.563497706e-07	0.185662939563
Brain_Inferior_Temporal_Lobe__H3K36me3	5.75025770385e-08	6.51470566233e-08	0.188710514262
Primary_hematopoietic_stem_cells_G-CSF-mobilized_Male__H3K4me3	9.29557990961e-08	1.05538985388e-07	0.189220578152
Fetal_Brain_Male__H3K36me3	1.72804648966e-07	1.97272049386e-07	0.190522824455
Rectal_Smooth_Muscle__H3K27ac	4.29846932328e-08	4.93493979067e-08	0.191869510602
Rectal_Smooth_Muscle__H3K4me3	1.28563354385e-07	1.47894269836e-07	0.192343628575
Uterus_ENTEX__H3K4me3	1.8171915993e-07	2.12406461692e-07	0.196130126537
Primary_hematopoietic_stem_cells_G-CSF-mobilized_Female__H3K4me1	3.15252066374e-08	3.68648091548e-08	0.196232065983
Brain_Hippocampus_Middle__H3K36me3	5.39944528944e-08	6.31806746269e-08	0.196385225347
Right_Ventricle__H3K4me3	1.73774044164e-07	2.03947176457e-07	0.197092010814
Nerve-Tibial_ENTEX__H3K27ac	2.34635992514e-08	2.75477016593e-08	0.197177999659
Aorta__H3K36me3	1.3273639426e-07	1.58451041869e-07	0.201096138492
Aorta__H3K4me1	9.1880064822e-08	1.10110240049e-07	0.202017370834
Esoph-Mucosa_ENTEX__H3K4me3	1.10492329193e-07	1.34306583695e-07	0.205342901672
Primary_hematopoietic_stem_cells_G-CSF-mobilized_Male__DNase	1.09337074101e-07	1.33576616695e-07	0.20652601475
Ovary__H3K4me3	1.38093985923e-07	1.69772927976e-07	0.207993221183
Fetal_Muscle_Trunk__H3K4me1	2.97664903889e-08	3.68108435866e-08	0.209362923623
Skeletal_Muscle_Male__H3K9ac	6.18839658459e-08	7.68960677472e-08	0.210475017087
NHDF-Ad_Adult_Dermal_Fibroblast_Primary_Cells__H3K9ac	1.10300172114e-07	1.38504087362e-07	0.212909192878
Breast_Myoepithelial_Primary_Cells__H3K4me1	3.10722019284e-08	3.91769172264e-08	0.213852429006
Psoas_Muscle__DNase	7.47227087018e-08	9.69061621353e-08	0.220328823886
Aorta_ENTEX__H3K4me3	5.62320454449e-08	7.45948013079e-08	0.225474662
Fetal_Lung__H3K9ac	9.66485736297e-08	1.29705512503e-07	0.228093992332
Esoph-Mucosa_ENTEX__H3K4me1	3.69363785902e-08	4.99778006038e-08	0.229936586647
Placenta__H3K4me3	1.52979681495e-07	2.12072700007e-07	0.235345593344
Right_Ventricle__H3K27ac	4.33366252422e-08	6.34141846313e-08	0.247180190698
Fetal_Heart__H3K4me3	6.09356046308e-08	8.91844868049e-08	0.247223364594
Stomach_ENTEX__H3K4me3	7.96481181742e-08	1.17688177982e-07	0.249275165866
Psoas_Muscle__H3K36me3	7.90318221092e-08	1.16916914287e-07	0.249531215894
Ganglion_Eminence_derived_primary_cultured_neurospheres__H3K4me3	9.3030729677e-08	1.37833763084e-07	0.249854154956
Foreskin_Keratinocyte_Primary_Cells_skin03__H3K4me1	3.11717653195e-08	4.67383856478e-08	0.252404775997
Lung_ENTEX__H3K36me3	3.11017202516e-08	4.68242551126e-08	0.253273981593
NHDF-Ad_Adult_Dermal_Fibroblast_Primary_Cells__H3K4me1	3.51436361076e-08	5.36593456332e-08	0.256253286954
Esoph-Mucosa_ENTEX__H3K36me3	3.89453648478e-08	6.08597272149e-08	0.261112261495
Brain_Angular_Gyrus__H3K36me3	5.00494979243e-08	7.89549159697e-08	0.263073139131
Mammary_ENTEX__H3K27ac	2.5277361351e-08	4.07211731828e-08	0.267384542718
Foreskin_Keratinocyte_Primary_Cells_skin02__H3K36me3	2.94755579051e-08	4.88769635355e-08	0.273235637799
Small_Intestine__H3K4me1	5.52152247668e-08	9.16899020363e-08	0.273522083898
Psoas_Muscle__H3K4me1	4.66037297503e-08	7.76116213737e-08	0.274095324737
Heart-Atrial_ENTEX__H3K4me1	1.33705622018e-07	2.30965468497e-07	0.281328745369
Adipose_Nuclei__H3K4me1	2.62949986888e-08	4.62961309109e-08	0.28502631108
Foreskin_Keratinocyte_Primary_Cells_skin03__H3K27ac	3.44304340072e-08	6.20771834226e-08	0.289570764824
Esoph-GJ_ENTEX__H3K4me3	8.00143040991e-08	1.45836686308e-07	0.291620464985
Cortex_derived_primary_cultured_neurospheres__H3K4me1	2.65449989411e-08	4.84191291331e-08	0.291765718092
Rectal_Smooth_Muscle__H3K4me1	3.21866320266e-08	6.09356066645e-08	0.298677733005
Vagina_ENTEX__H3K4me3	9.55105351071e-08	1.81162493984e-07	0.299024157243
Fetal_Stomach__H3K27ac	2.96133680283e-08	5.67455724029e-08	0.300883146795
Foreskin_Keratinocyte_Primary_Cells_skin02__H3K4me1	3.05820120572e-08	5.95850989664e-08	0.303888461951
Fetal_Muscle_Trunk__H3K4me3	1.26713258255e-07	2.57279370178e-07	0.311178609063
Brain_Hippocampus_Middle__H3K27ac	1.82549175521e-08	3.73934016183e-08	0.312709216806
Brain_Substantia_Nigra__H3K27ac	1.69521407006e-08	3.52306802161e-08	0.315195880641
Brain_Dorsolateral_Prefrontal_Cortex__H3K9ac	6.50876418439e-08	1.36713380168e-07	0.317005733162
Esoph-Muscularis_ENTEX__H3K4me3	7.06369785323e-08	1.50440966849e-07	0.319344398707
NHEK-Epidermal_Keratinocyte_Primary_Cells__H3K4me3	6.09309916356e-08	1.29907119529e-07	0.319522293322
Primary_monocytes_from_peripheral_blood__DNase	5.44043450705e-08	1.17822262734e-07	0.32213056322
Brain_Substantia_Nigra__H3K36me3	4.88391985407e-08	1.06419908527e-07	0.323142521242
Fetal_Adrenal_Gland__H3K4me1	1.89725461211e-08	4.2057497295e-08	0.325955233763
Brain_Anterior_Caudate__H3K36me3	2.7238263962e-08	6.12940336994e-08	0.328381451283
Stomach_Smooth_Muscle__H3K36me3	2.93542372684e-08	6.64524512011e-08	0.329341231719
Primary_T_cells_from_cord_blood__H3K36me3	3.76170239269e-08	8.84155206743e-08	0.335251691131
Liver__H3K4me3	2.97542836201e-08	7.01999795529e-08	0.335837489605
Foreskin_Keratinocyte_Primary_Cells_skin03__H3K4me3	5.84363301661e-08	1.40374053254e-07	0.338598864086
Pancreas__DNase	4.89986230708e-08	1.18965051127e-07	0.340215853585
Brain_Hippocampus_Middle__H3K4me1	1.36434915693e-08	3.40489869328e-08	0.344319829538
Brain_Cingulate_Gyrus__H3K9ac	4.43938082273e-08	1.119317733e-07	0.345825734424
Colon-Sigm_ENTEX__H3K4me1	9.04560338545e-08	2.32801924208e-07	0.348803185362
Esoph-Muscularis_ENTEX__H3K36me3	2.17107047347e-08	5.63468146848e-08	0.350005759638
Brain_Inferior_Temporal_Lobe__H3K27ac	1.36914807695e-08	3.58070613018e-08	0.351094145524
Esoph-Mucosa_ENTEX__H3K27ac	2.06943955408e-08	5.54989983439e-08	0.354619354817
Fetal_Intestine_Small__H3K36me3	1.17281387484e-08	3.27971939924e-08	0.360322911791
Spleen__H3K36me3	1.72212156471e-08	4.91353985908e-08	0.362987407283
Ovary__DNase	2.89804796702e-08	8.35931909328e-08	0.364414105828
Lung__H3K36me3	2.62910547204e-08	7.60514473097e-08	0.364783749269
NHEK-Epidermal_Keratinocyte_Primary_Cells__H3K27ac	2.03955170445e-08	5.90907704408e-08	0.364988655266
Placenta__H3K27ac	1.20570219283e-08	3.74645232593e-08	0.373792619401
Nerve-Tibial_ENTEX__H3K36me3	1.99567435382e-08	6.29694044539e-08	0.375649261585
Fetal_Adrenal_Gland__H3K36me3	1.55019091463e-08	5.03344424414e-08	0.379049474125
Primary_B_cells_from_cord_blood__H3K4me1	1.40260982812e-08	4.63082266999e-08	0.380988496112
Spleen_ENTEX__H3K4me3	1.88238327707e-08	6.2490876239e-08	0.381621350365
Primary_monocytes_from_peripheral_blood__H3K27ac	1.95925138748e-08	6.6480102397e-08	0.384106775708
Aorta_ENTEX__H3K36me3	1.1721301138e-08	4.0434428695e-08	0.385952423027
Brain_Anterior_Caudate__H3K9ac	2.70640891947e-08	9.5516550834e-08	0.388456384702
Brain_Cingulate_Gyrus__H3K36me3	2.04866351804e-08	7.26777288813e-08	0.389016512746
Mammary_ENTEX__H3K4me3	3.04177428312e-08	1.09557815314e-07	0.390643972765
Brain_Inferior_Temporal_Lobe__H3K4me1	1.52280383877e-08	5.49037512283e-08	0.390752308117
Skeletal_Muscle_Female__H3K36me3	1.40101777999e-08	5.13758997976e-08	0.392542142364
Spleen_ENTEX__H3K4me1	3.10734881983e-08	1.1633333943e-07	0.394693260327
Primary_hematopoietic_stem_cells_G-CSF-mobilized_Male__H3K4me1	1.09054162677e-08	4.09142396155e-08	0.39491040992
Fetal_Brain_Male__H3K4me3	8.54818713723e-08	3.24267315184e-07	0.396038129455
Gastric__H3K27ac	2.50966783858e-08	9.76762899099e-08	0.398613602925
Primary_Natural_Killer_cells_from_peripheral_blood__H3K36me3	9.77396056133e-09	4.05724072666e-08	0.404815664894
Primary_hematopoietic_stem_cells_short_term_culture__H3K4me1	1.11203106437e-08	4.6492993939e-08	0.405482034929
Spleen__H3K4me3	2.8194333489e-08	1.18731881299e-07	0.406149121154
Breast_Myoepithelial_Primary_Cells__H3K9ac	2.90042890076e-08	1.23824133511e-07	0.407400196828
Mammary_ENTEX__H3K4me1	2.02080484488e-08	9.57206249176e-08	0.416398813831
Primary_hematopoietic_stem_cells__H3K4me1	1.7191388784e-08	8.18165250996e-08	0.416786528594
Primary_monocytes_from_peripheral_blood__H3K4me1	6.8024675158e-09	3.42462882988e-08	0.42127463864
Brain_Angular_Gyrus__H3K27ac	8.75350051374e-09	4.43025212596e-08	0.421685001971
Brain_Dorsolateral_Prefrontal_Cortex__H3K27ac	9.55391760013e-09	4.88844996727e-08	0.422524805006
Primary_neutrophils_from_peripheral_blood__H3K4me1	6.34074593523e-09	3.25000871748e-08	0.42265758508
Adrenal_gland_ENTEX__H3K27ac	6.45274063108e-09	3.63612078612e-08	0.429572669543
Esoph-Muscularis_ENTEX__H3K4me1	7.11156599962e-09	4.06647017139e-08	0.430585774854
Gastric__H3K4me1	1.4558272542e-08	9.11562397799e-08	0.436556016891
Duodenum_Smooth_Muscle__H3K4me1	1.16839036846e-08	7.32563760811e-08	0.436640104753
Fetal_Stomach__DNase	1.9071227911e-08	1.22272519804e-07	0.43802709965
NHEK-Epidermal_Keratinocyte_Primary_Cells__H3K4me1	6.73062399199e-09	4.39744913509e-08	0.439176480894
liver_ENTEX__H3K27ac	4.68394967951e-09	3.14587522683e-08	0.440819513039
Aorta__H3K4me3	3.56499595491e-08	2.42747349956e-07	0.441621126307
Ovary__H3K27ac	8.95561970263e-09	6.3168394543e-08	0.443629362491
Primary_T_helper_naive_cells_from_peripheral_blood_2__H3K36me3	6.17427503471e-09	4.56148745249e-08	0.446164962076
Brain_Dorsolateral_Prefrontal_Cortex__H3K36me3	9.8113293326e-09	7.28536818019e-08	0.446435723892
Lung__H3K4me3	2.61206042311e-08	2.01943563498e-07	0.448541913551
NHDF-Ad_Adult_Dermal_Fibroblast_Primary_Cells__H3K36me3	1.59921763138e-08	1.29948388478e-07	0.451027575949
Esoph-Muscularis_ENTEX__H3K27ac	6.63993430818e-09	5.51204171928e-08	0.452058456265
Spleen__H3K4me1	6.65390369443e-09	5.62796632494e-08	0.45294299789
Brain_Cingulate_Gyrus__H3K4me1	5.22824051741e-09	4.51132301135e-08	0.453869260805
Brain_Substantia_Nigra__H3K9ac	1.26858805981e-08	1.09880656877e-07	0.454043652217
Colon_Smooth_Muscle__H3K36me3	8.46167934745e-09	7.40558846695e-08	0.454515556257
Heart-LV_ENTEX__H3K4me1	7.69494581597e-09	6.85134414564e-08	0.455287642335
Primary_hematopoietic_stem_cells_short_term_culture__H3K4me3	1.80302668403e-08	1.63781698075e-07	0.456170113832
Primary_mononuclear_cells_from_peripheral_blood__H3K36me3	4.25668658575e-09	3.89927453414e-08	0.456535367332
Pancreatic_Islets__H3K36me3	9.18606290432e-09	9.12600622132e-08	0.459910943668
Brain_Cingulate_Gyrus__H3K27ac	3.8977752294e-09	3.95524036488e-08	0.460748931236
Placenta__H3K36me3	4.84629521298e-09	5.20852411927e-08	0.462933723093
NHLF_Lung_Fibroblast_Primary_Cells__H3K4me1	6.02855689288e-09	7.00237553892e-08	0.465696234314
Fetal_Heart__H3K4me1	2.4453429801e-09	3.06416969836e-08	0.468196402828
Brain_Substantia_Nigra__H3K4me3	4.84382882177e-09	1.20878462842e-07	0.484017904991
Fetal_Thymus__H3K27ac	1.03980529125e-09	5.25744610535e-08	0.492110328024
Foreskin_Melanocyte_Primary_Cells_skin01__H3K36me3	1.63323630213e-09	8.89557351692e-08	0.492675790842
Pancreatic_Islets__H3K4me3	3.46703375438e-09	1.98147325709e-07	0.493019962422
Thymus__H3K27ac	6.23999700716e-10	8.79508037313e-08	0.497169579304
Primary_T_helper_17_cells_PMA-I_stimulated__H3K36me3	2.56818149548e-10	4.76827552821e-08	0.497851317058
Spleen_ENTEX__H3K36me3	1.49525706007e-10	3.02232009947e-08	0.498026288387
Placenta__H3K4me1	1.83513221263e-10	4.38979474771e-08	0.498332246177
Primary_hematopoietic_stem_cells_G-CSF-mobilized_Female__DNase	3.68768914151e-11	1.14337467651e-07	0.499871330447
Foreskin_Keratinocyte_Primary_Cells_skin03__H3K36me3	-2.44816400944e-10	2.81821559849e-08	0.50346553986
Fetal_Thymus__H3K4me1	-6.05164137989e-10	3.32926340578e-08	0.507251221596
Stomach_ENTEX__H3K4me1	-1.05245284598e-09	5.11623388534e-08	0.508206003435
Brain_Substantia_Nigra__H3K4me1	-9.67316043144e-10	3.91109786084e-08	0.509865872513
Small_Intestine__H3K27ac	-2.44014955629e-09	7.93427638113e-08	0.512267349209
Rectal_Smooth_Muscle__H3K9ac	-5.38503652962e-09	1.72637499549e-07	0.512442084881
liver_ENTEX__H3K4me3	-2.8374676238e-09	8.21095952716e-08	0.513783535769
Fetal_Lung__H3K4me3	-6.01661559481e-09	1.30265392831e-07	0.51841954457
Thyroid_gland_ENTEX__H3K36me3	-2.52657832358e-09	5.01943251657e-08	0.520072656243
Gastric__H3K36me3	-3.41852230563e-09	6.62778731373e-08	0.520567778734
NHEK-Epidermal_Keratinocyte_Primary_Cells__H3K9ac	-4.69289290543e-09	9.02032549928e-08	0.520745916198
Stomach_Smooth_Muscle__H3K9ac	-8.76394817984e-09	1.42635144815e-07	0.524496843403
Colon_Smooth_Muscle__H3K4me1	-2.64752120641e-09	4.18917460136e-08	0.525196024609
Primary_monocytes_from_peripheral_blood__H3K36me3	-2.19921044657e-09	3.22485499034e-08	0.527185050509
Breast_Myoepithelial_Primary_Cells__H3K4me3	-9.38670733188e-09	1.32269877589e-07	0.528287722311
Stomach_Mucosa__H3K9ac	-8.52794801217e-09	1.06796457128e-07	0.531822655803
Testis_ENTEX__H3K27ac	-2.48189788826e-09	2.85452770271e-08	0.534642785615
Nerve-Tibial_ENTEX__H3K4me3	-1.41161496827e-08	1.60017453669e-07	0.53514762378
Esophagus__H3K27ac	-6.07186520002e-09	6.80122832307e-08	0.535568719959
Brain_Angular_Gyrus__H3K9ac	-8.91717772193e-09	9.91849085897e-08	0.535818479902
Stomach_ENTEX__H3K27ac	-4.24290433353e-09	4.41623348413e-08	0.538269568783
Primary_T_regulatory_cells_from_peripheral_blood__H3K36me3	-3.65973369587e-09	3.59066309468e-08	0.540591347987
NHLF_Lung_Fibroblast_Primary_Cells__H3K27ac	-6.7884183709e-09	6.11569907446e-08	0.54419177735
Vagina_ENTEX__H3K36me3	-1.5441129202e-08	1.37542330109e-07	0.544693179517
Nerve-Tibial_ENTEX__H3K4me1	-5.85753703245e-09	4.03577373541e-08	0.55769997844
HMEC_Mammary_Epithelial_Primary_Cells__H3K9ac	-1.94769773967e-08	1.19815591795e-07	0.564566752595
Primary_B_cells_from_peripheral_blood__H3K4me3	-3.08414988394e-08	1.87040528687e-07	0.565485530572
Duodenum_Mucosa__H3K4me1	-9.68465912109e-09	5.32869304973e-08	0.572108766436
Pancreatic_Islets__H3K27ac	-2.38162658276e-08	1.2523981941e-07	0.57541019298
Foreskin_Melanocyte_Primary_Cells_skin03__H3K36me3	-7.09105902861e-09	3.65757584191e-08	0.576862412386
Ovary_ENTEX__H3K4me3	-4.02261729183e-08	2.06094353992e-07	0.577375267762
NHLF_Lung_Fibroblast_Primary_Cells__H3K4me3	-4.06573071797e-08	2.03870390194e-07	0.579035719068
Foreskin_Melanocyte_Primary_Cells_skin01__H3K4me1	-1.89381883268e-08	9.05979859925e-08	0.582789707083
Fetal_Kidney__H3K36me3	-3.2722786635e-08	1.54362605346e-07	0.583941212232
Pancreatic_Islets__H3K9ac	-4.68282074669e-08	2.20319017851e-07	0.584159951009
Foreskin_Melanocyte_Primary_Cells_skin03__H3K4me1	-8.00567504869e-09	3.60350335104e-08	0.587906760084
NHLF_Lung_Fibroblast_Primary_Cells__H3K9ac	-3.72509023819e-08	1.66687643633e-07	0.588417970763
Foreskin_Fibroblast_Primary_Cells_skin02__H3K4me3	-1.5941145018e-08	6.32573818908e-08	0.599481207985
Pancreas__H3K36me3	-2.1320761654e-08	8.291447299e-08	0.601465274149
HMEC_Mammary_Epithelial_Primary_Cells__H3K4me1	-1.41031742023e-08	5.27163140597e-08	0.605469284993
Ganglion_Eminence_derived_primary_cultured_neurospheres__H3K4me1	-1.87649021153e-08	6.86015184384e-08	0.607778924442
Placenta__DNase	-2.06782605029e-08	7.55857395622e-08	0.607793825714
NHDF-Ad_Adult_Dermal_Fibroblast_Primary_Cells__DNase	-2.40218685196e-08	8.77147053962e-08	0.607905292709
Fetal_Adrenal_Gland__H3K27ac	-1.19729153163e-08	4.22013718274e-08	0.611683358846
Fetal_Adrenal_Gland__DNase	-2.73438899644e-08	9.41039228618e-08	0.61431035612
Primary_B_cells_from_cord_blood__H3K4me3	-6.62743423186e-08	2.05507815049e-07	0.626459477981
Primary_T_cells_from_peripheral_blood__H3K36me3	-1.28130183154e-08	3.9620764829e-08	0.626800614563
Primary_T_helper_cells_from_peripheral_blood__H3K36me3	-1.13595649426e-08	3.44402221385e-08	0.629237397904
Thymus__H3K4me1	-2.11993460785e-08	6.29731681166e-08	0.631806202384
Foreskin_Melanocyte_Primary_Cells_skin03__H3K27ac	-2.00283061007e-08	5.92436139625e-08	0.632343620775
skeletal_muscle_ENTEX__H3K4me1	-8.50351083946e-09	2.40820301992e-08	0.637995535642
Fetal_Kidney__H3K4me1	-4.28218434219e-08	1.19701651538e-07	0.639730347467
skeletal_muscle_ENTEX__H3K4me3	-2.58952017388e-08	6.64512391889e-08	0.651616093163
Fetal_Intestine_Small__H3K27ac	-1.99570314078e-08	5.06715172022e-08	0.653154502512
Skeletal_Muscle_Male__H3K36me3	-2.56207125301e-08	6.36504135451e-08	0.656350169647
skeletal_muscle_ENTEX__H3K27ac	-8.17058085671e-09	2.02789927705e-08	0.656492272663
Fetal_Thymus__H3K4me3	-5.73362737415e-08	1.40872101246e-07	0.657999469176
Brain_Anterior_Caudate__H3K4me1	-1.87791492382e-08	4.59595752673e-08	0.658583917944
Primary_T_cells_effector_memory_enriched_from_peripheral_blood__H3K36me3	-2.01298502499e-08	4.90513227044e-08	0.659237651702
Primary_B_cells_from_peripheral_blood__H3K4me1	-1.59152002311e-08	3.87718027657e-08	0.659274488793
Foreskin_Melanocyte_Primary_Cells_skin01__H3K27ac	-4.80969106979e-08	1.16307913353e-07	0.660391138981
Duodenum_Mucosa__H3K4me3	-3.50884413772e-08	8.46485519052e-08	0.660753008241
Placenta_Amnion__H3K36me3	-2.32586061822e-08	5.46919353881e-08	0.664678515945
Duodenum_Mucosa__H3K36me3	-2.40343445559e-08	5.56427236579e-08	0.66710766219
Colon-TV_ENTEX__H3K4me1	-5.02406252377e-08	1.16255085195e-07	0.667186896638
Primary_T_helper_naive_cells_from_peripheral_blood_2__H3K27ac	-2.20174460804e-08	5.09366474137e-08	0.667220710933
Colon-Sigm_ENTEX__H3K27ac	-2.60759279601e-08	5.97564220825e-08	0.668715958845
Spleen__H3K27ac	-3.11090315857e-08	6.97140101543e-08	0.672287285805
Duodenum_Mucosa__H3K9ac	-5.57762211529e-08	1.22708861905e-07	0.675280291671
Stomach_ENTEX__H3K36me3	-1.86936012679e-08	4.1038705714e-08	0.67562934205
Fetal_Intestine_Small__H3K4me1	-1.84788442165e-08	4.05417006216e-08	0.675732539813
Foreskin_Fibroblast_Primary_Cells_skin02__DNase	-4.67081314139e-08	9.55851048721e-08	0.687456986581
Thymus__H3K4me3	-8.63108970157e-08	1.74227367831e-07	0.689838386616
Osteoblast_Primary_Cells__H3K4me1	-1.93614581125e-08	3.79013396973e-08	0.695267876069
Small_Intestine__DNase	-4.56099602977e-08	8.91832618726e-08	0.695470940148
Primary_T_killer_memory_cells_from_peripheral_blood__H3K36me3	-3.89298701819e-08	7.5196294187e-08	0.697669674724
Pancreas_ENTEX__H3K36me3	-2.87794577383e-08	5.54233305473e-08	0.698212411529
Esoph-GJ_ENTEX__H3K27ac	-2.82074875893e-08	5.38939787169e-08	0.699648030293
Foreskin_Fibroblast_Primary_Cells_skin02__H3K27ac	-2.89984352491e-08	5.52029992291e-08	0.700314558386
NHDF-Ad_Adult_Dermal_Fibroblast_Primary_Cells__H3K4me3	-1.09026031835e-07	2.04199436106e-07	0.703301335823
Prostate_ENTEX__H3K4me3	-1.16355986303e-07	2.11948265143e-07	0.708491428631
Primary_neutrophils_from_peripheral_blood__H3K36me3	-1.47084671252e-08	2.62869563432e-08	0.712101609428
Primary_Natural_Killer_cells_from_peripheral_blood__H3K4me1	-2.80072058362e-08	4.99801575728e-08	0.712385260701
Osteoblast_Primary_Cells__H3K27ac	-2.24469603864e-08	3.90712312499e-08	0.717189907632
Small_Intestine__H3K36me3	-8.48026990284e-08	1.4672411599e-07	0.718359105533
Primary_T_helper_naive_cells_from_peripheral_blood_1__H3K36me3	-3.50774592478e-08	6.06715561579e-08	0.718419681208
HMEC_Mammary_Epithelial_Primary_Cells__DNase	-4.93652588379e-08	8.52802604531e-08	0.718657891202
Primary_B_cells_from_peripheral_blood__H3K27ac	-3.46486130095e-08	5.88789974582e-08	0.721892076991
HMEC_Mammary_Epithelial_Primary_Cells__H3K27ac	-3.90060606821e-08	6.51563457056e-08	0.725297943929
Primary_T_killer_memory_cells_from_peripheral_blood__H3K27ac	-6.28609280885e-08	1.04860225588e-07	0.725571417017
Breast_variant_Human_Mammary_Epithelial_Cells_(vHMEC)__H3K4me1	-3.20405684298e-08	5.34253628872e-08	0.725655504124
Primary_T_helper_cells_PMA-I_stimulated__H3K36me3	-2.31141790018e-08	3.85098634474e-08	0.725818359239
Primary_B_cells_from_peripheral_blood__H3K36me3	-1.99583741122e-08	3.32045580234e-08	0.726104425497
Primary_T_regulatory_cells_from_peripheral_blood__H3K4me1	-3.0485495481e-08	5.06450600868e-08	0.726394328526
Rectal_Mucosa_Donor_29__H3K36me3	-3.86126923145e-08	6.37234304775e-08	0.727723310616
Fetal_Intestine_Large__DNase	-6.05717849863e-08	9.99501909137e-08	0.72774916508
Primary_hematopoietic_stem_cells_G-CSF-mobilized_Female__H3K27ac	-3.78318670947e-08	6.23507998941e-08	0.727994346486
Foreskin_Melanocyte_Primary_Cells_skin01__DNase	-4.78363590559e-08	7.78133025705e-08	0.730642762309
liver_ENTEX__H3K4me1	-9.59938945393e-08	1.51632296689e-07	0.736656112505
Heart-LV_ENTEX__H3K4me3	-1.15174707068e-07	1.81513379575e-07	0.737130745629
Brain_Anterior_Caudate__H3K27ac	-2.66590861899e-08	4.16192733671e-08	0.739091364966
Primary_B_cells_from_cord_blood__H3K36me3	-8.27322444825e-08	1.28547634468e-07	0.740080019019
Primary_T_regulatory_cells_from_peripheral_blood__H3K27ac	-3.51114900875e-08	5.40421092342e-08	0.742058970872
Foreskin_Fibroblast_Primary_Cells_skin02__H3K36me3	-2.6271558045e-08	4.0130062137e-08	0.74365675066
Gastric__H3K4me3	-1.1192063473e-07	1.63064116669e-07	0.75375683785
skeletal_muscle_ENTEX__H3K36me3	-2.62839339009e-08	3.67078398723e-08	0.76301375001
Fetal_Intestine_Large__H3K27ac	-3.32876654352e-08	4.63841555165e-08	0.763513946826
Spleen_ENTEX__H3K27ac	-2.36444673704e-08	3.26263508815e-08	0.765683371321
Liver__H3K36me3	-2.57340343374e-08	3.51297864461e-08	0.768081007244
Foreskin_Fibroblast_Primary_Cells_skin02__H3K4me1	-2.98901402631e-08	4.06031014928e-08	0.769181543646
Primary_T_helper_memory_cells_from_peripheral_blood_2__H3K27ac	-5.45206850493e-08	7.38871304831e-08	0.76970980566
Pancreatic_Islets__H3K4me1	-3.83757881245e-08	5.13156232085e-08	0.7727211496
Foreskin_Fibroblast_Primary_Cells_skin01__H3K4me1	-2.55911255731e-08	3.38789152097e-08	0.774986578939
Brain_Angular_Gyrus__H3K4me1	-3.80234388959e-08	5.02784176922e-08	0.775252638215
Breast_variant_Human_Mammary_Epithelial_Cells_(vHMEC)__H3K36me3	-2.64451844671e-08	3.38869206493e-08	0.782420803908
Foreskin_Fibroblast_Primary_Cells_skin01__DNase	-7.31169221927e-08	9.1327549681e-08	0.788318647031
NHEK-Epidermal_Keratinocyte_Primary_Cells__H3K36me3	-3.78854603056e-08	4.7201190958e-08	0.788907944664
Fetal_Adrenal_Gland__H3K4me3	-1.96671835951e-07	2.40855094527e-07	0.792909089584
Primary_T_killer_naive_cells_from_peripheral_blood__H3K9ac	-1.31876501285e-07	1.61186210337e-07	0.7933677772
Primary_T_helper_cells_from_peripheral_blood__H3K4me3	-1.17364160209e-07	1.41414628476e-07	0.796710654248
Pancreas_ENTEX__H3K4me1	-2.14526368271e-08	2.56837216395e-08	0.798214897384
Foreskin_Melanocyte_Primary_Cells_skin03__H3K4me3	-1.43650744501e-07	1.69663901146e-07	0.801412773215
Colon_Smooth_Muscle__H3K9ac	-1.14413560813e-07	1.35093010316e-07	0.801481357223
Heart-LV_ENTEX__H3K27ac	-3.38822689593e-08	3.98422542787e-08	0.802451532864
Primary_B_cells_from_peripheral_blood__DNase	-6.99411800961e-08	7.98784066984e-08	0.809375036305
Brain_Dorsolateral_Prefrontal_Cortex__H3K4me1	-5.52663736582e-08	6.24156550928e-08	0.81204487741
Primary_T_killer_naive_cells_from_peripheral_blood__H3K36me3	-5.98245574719e-08	6.72915793194e-08	0.81300781811
Primary_T_helper_memory_cells_from_peripheral_blood_1__H3K36me3	-5.82448003629e-08	6.50857133302e-08	0.814578065352
Stomach_Mucosa__H3K36me3	-1.03357324715e-07	1.13650999248e-07	0.818437699338
Sigmoid_Colon__H3K4me1	-1.17777631035e-07	1.28276578504e-07	0.820730830175
Primary_mononuclear_cells_from_peripheral_blood__H3K27ac	-1.39092127324e-07	1.49669581332e-07	0.823640426399
Rectal_Smooth_Muscle__H3K36me3	-1.10258594498e-07	1.18306853197e-07	0.824324327086
Stomach_Mucosa__H3K4me3	-1.58256022301e-07	1.68491235565e-07	0.826199756955
Breast_variant_Human_Mammary_Epithelial_Cells_(vHMEC)__H3K4me3	-2.00638000057e-07	2.09755133072e-07	0.830598842953
Adrenal_gland_ENTEX__H3K4me1	-4.58313419777e-08	4.7743142605e-08	0.83146145581
Adrenal_gland_ENTEX__H3K36me3	-5.04372807168e-08	5.24174053809e-08	0.832031429271
Skin_tissue_ENTEX__H3K4me3	-1.49737626312e-07	1.53405004476e-07	0.835490931615
Primary_hematopoietic_stem_cells_short_term_culture__H3K36me3	-4.17267495901e-08	4.18177850849e-08	0.840817412986
Colon-Sigm_ENTEX__H3K36me3	-6.89941212022e-08	6.80166561402e-08	0.844797113552
liver_ENTEX__H3K36me3	-5.54485383265e-08	5.42512646981e-08	0.846625888711
Primary_hematopoietic_stem_cells_G-CSF-mobilized_Male__H3K36me3	-3.62016709672e-08	3.51184562204e-08	0.848693150311
Rectal_Mucosa_Donor_31__H3K4me3	-1.34582913027e-07	1.29089374211e-07	0.851423032174
HMEC_Mammary_Epithelial_Primary_Cells__H3K4me3	-2.07023856272e-07	1.97176148291e-07	0.853128002724
Colonic_Mucosa__H3K9ac	-1.45466351587e-07	1.37219537605e-07	0.855450313114
Fetal_Intestine_Small__H3K4me3	-1.65103001101e-07	1.55293660193e-07	0.856146750794
Foreskin_Fibroblast_Primary_Cells_skin01__H3K27ac	-5.22838663255e-08	4.89550495032e-08	0.857239161099
Primary_T_helper_17_cells_PMA-I_stimulated__H3K27ac	-7.87474755576e-08	7.093311427e-08	0.866536078905
Primary_T_cells_effector_memory_enriched_from_peripheral_blood__H3K27ac	-7.78706285809e-08	6.87029623827e-08	0.871485063386
Fetal_Intestine_Large__H3K4me1	-4.66001494747e-08	4.10892528592e-08	0.871627923065
Primary_T_cells_from_peripheral_blood__H3K4me1	-4.57290676927e-08	3.99794259948e-08	0.87364981898
Osteoblast_Primary_Cells__H3K4me3	-1.4086097912e-07	1.22303409758e-07	0.875284774623
Fetal_Intestine_Large__H3K4me3	-2.02641844522e-07	1.75028743298e-07	0.876519665276
Primary_hematopoietic_stem_cells__H3K36me3	-9.78008666975e-08	8.35709062777e-08	0.879054658326
NHLF_Lung_Fibroblast_Primary_Cells__H3K36me3	-1.05684188719e-07	9.00728023211e-08	0.879666177009
Thymus__H3K36me3	-8.14580972758e-08	6.88734896762e-08	0.881540057831
Foreskin_Fibroblast_Primary_Cells_skin01__H3K36me3	-4.20813979945e-08	3.53781293596e-08	0.882873585002
Pancreas__H3K27ac	-1.20447427923e-07	1.00518893426e-07	0.884591432475
Colon-Sigm_ENTEX__H3K4me3	-2.82848220215e-07	2.34968851568e-07	0.885660563297
Colonic_Mucosa__H3K4me3	-1.54273954687e-07	1.27890738427e-07	0.886148112099
Fetal_Intestine_Small__DNase	-1.55619672366e-07	1.28611291194e-07	0.886860568505
Esophagus__H3K4me3	-2.23619480931e-07	1.80529639318e-07	0.892269039992
Primary_T_helper_naive_cells_from_peripheral_blood_2__H3K4me1	-4.99495675715e-08	4.00918473163e-08	0.893595483945
Thyroid_gland_ENTEX__H3K4me3	-1.574933465e-07	1.23810404157e-07	0.89832278451
Primary_hematopoietic_stem_cells_G-CSF-mobilized_Female__H3K36me3	-5.0683193766e-08	3.98388879839e-08	0.898349681586
Primary_T_helper_17_cells_PMA-I_stimulated__H3K4me1	-5.55832069751e-08	4.32394927303e-08	0.900686503444
Prostate_ENTEX__H3K36me3	-3.3758392312e-07	2.5807774025e-07	0.904575330082
Primary_T_helper_cells_from_peripheral_blood__H3K27ac	-8.75083967295e-08	6.66531253215e-08	0.905390433979
Primary_T_helper_memory_cells_from_peripheral_blood_2__H3K36me3	-1.16001776687e-07	8.70637459768e-08	0.908631914973
Thyroid_gland_ENTEX__H3K27ac	-4.14868244466e-08	3.03227700261e-08	0.914371185299
Primary_Natural_Killer_cells_from_peripheral_blood__H3K27ac	-8.30295156022e-08	6.02891988111e-08	0.915772817823
Fetal_Thymus__DNase	-1.15362589733e-07	8.32290244299e-08	0.917139685279
HMEC_Mammary_Epithelial_Primary_Cells__H3K36me3	-9.66609593088e-08	6.97140448149e-08	0.917208191337
Colonic_Mucosa__H3K36me3	-1.15063597577e-07	8.11632284061e-08	0.921858095516
Primary_monocytes_from_peripheral_blood__H3K4me3	-2.32331819414e-07	1.630150273e-07	0.922952785846
NHEK-Epidermal_Keratinocyte_Primary_Cells__DNase	-1.18012417814e-07	8.16936491794e-08	0.925711031415
Fetal_Kidney__H3K9ac	-2.75706561955e-07	1.90718025717e-07	0.925858659294
Primary_T_helper_cells_PMA-I_stimulated__H3K4me1	-4.98718345521e-08	3.38244510249e-08	0.929817269794
Colonic_Mucosa__H3K27ac	-1.16889350283e-07	7.61838745337e-08	0.937522763642
Primary_T_cells_effector_memory_enriched_from_peripheral_blood__H3K4me1	-1.11849530615e-07	6.90120778948e-08	0.947461577457
Small_Intestine__H3K4me3	-3.87343172717e-07	2.37378860993e-07	0.948634014875
Pancreas_ENTEX__H3K27ac	-5.00432958603e-08	3.04412513583e-08	0.949904701045
Thyroid_gland_ENTEX__H3K4me1	-5.18788647987e-08	3.14933874695e-08	0.950251173562
Fetal_Thymus__H3K36me3	-5.07866952542e-08	3.0743843553e-08	0.950725648151
SI-Term-Ileum_ENTEX__H3K27ac	-7.08216558391e-08	4.28420987935e-08	0.950843276432
Primary_T_helper_cells_PMA-I_stimulated__H3K27ac	-6.74675467314e-08	4.06253341767e-08	0.951615750512
Rectal_Mucosa_Donor_29__H3K4me1	-1.23954184319e-07	7.39938433048e-08	0.953052100973
Rectal_Mucosa_Donor_31__H3K36me3	-9.63054798431e-08	5.70546024187e-08	0.954289861695
Lung_ENTEX__H3K4me3	-3.24987018093e-07	1.90124433257e-07	0.956305869367
Prostate_ENTEX__H3K27ac	-8.18251960422e-08	4.78253659571e-08	0.956451713324
Primary_T_killer_naive_cells_from_peripheral_blood__H3K4me1	-7.50428502677e-08	4.26395910083e-08	0.960790469941
Rectal_Mucosa_Donor_31__H3K27ac	-1.01071821281e-07	5.73984323028e-08	0.960870745103
Primary_T_helper_cells_from_peripheral_blood__H3K4me1	-7.03572564235e-08	3.96897033589e-08	0.961859362671
Breast_variant_Human_Mammary_Epithelial_Cells_(vHMEC)__DNase	-1.67386842732e-07	9.38762302007e-08	0.962711637695
Primary_T_helper_memory_cells_from_peripheral_blood_1__H3K4me1	-7.29477329056e-08	4.06135302584e-08	0.963764159984
Sigmoid_Colon__H3K36me3	-1.3104826466e-07	7.28394362693e-08	0.964001645735
Primary_mononuclear_cells_from_peripheral_blood__H3K9ac	-2.08490196446e-07	1.14800389386e-07	0.965323290916
Primary_T_helper_cells_PMA-I_stimulated__H3K4me3	-1.51638343127e-07	8.28752700798e-08	0.96635391371
Primary_T_cells_from_cord_blood__H3K4me3	-3.5181233348e-07	1.91820566752e-07	0.96667819284
Primary_T_cells_from_cord_blood__H3K4me1	-1.28730905257e-07	7.00477177561e-08	0.966951122966
Rectal_Mucosa_Donor_31__H3K4me1	-9.39621693087e-08	5.07541974961e-08	0.967938105013
Colon-TV_ENTEX__H3K36me3	-1.23555634419e-07	6.66674731709e-08	0.968081180765
Primary_T_regulatory_cells_from_peripheral_blood__H3K4me3	-2.17855164599e-07	1.15881497576e-07	0.969944755029
Fetal_Kidney__H3K4me3	-3.87841869637e-07	2.05325539854e-07	0.97054818725
Primary_T_cells_from_cord_blood__DNase	-2.10001888119e-07	1.111640193e-07	0.970561953305
Sigmoid_Colon__H3K27ac	-1.41146470184e-07	7.31515977254e-08	0.973165981922
Primary_T_cells_from_peripheral_blood__H3K27ac	-1.0512828942e-07	5.44120025428e-08	0.973325124287
Primary_mononuclear_cells_from_peripheral_blood__H3K4me3	-4.13301238138e-07	2.13861681955e-07	0.973354991526
Primary_T_helper_naive_cells_from_peripheral_blood_1__H3K4me1	-8.92262758129e-08	4.607407311e-08	0.973601843222
Osteoblast_Primary_Cells__H3K36me3	-7.44482052164e-08	3.77330790079e-08	0.97575348746
SI-Term-Ileum_ENTEX__H3K4me3	-2.29959504239e-07	1.16210945087e-07	0.976081358994
Pancreas_ENTEX__H3K4me3	-2.27547030063e-07	1.12094782062e-07	0.978819292064
Primary_T_helper_17_cells_PMA-I_stimulated__H3K4me3	-2.29700329078e-07	1.12837619667e-07	0.979108324768
Colonic_Mucosa__H3K4me1	-1.46857397357e-07	7.17632909062e-08	0.979642168092
SI-Term-Ileum_ENTEX__H3K4me1	-1.31147918639e-07	6.40656011256e-08	0.979675273952
Primary_T_helper_memory_cells_from_peripheral_blood_2__H3K4me1	-7.98656983759e-08	3.85217508963e-08	0.980926067837
Primary_Natural_Killer_cells_from_peripheral_blood__DNase	-2.39848214972e-07	1.15602189869e-07	0.980996175955
Primary_T_helper_naive_cells_from_peripheral_blood_1__H3K27ac	-2.06485101375e-07	9.8464108568e-08	0.982005848904
Pancreas__H3K4me3	-3.58596500027e-07	1.70942533092e-07	0.982036847908
Primary_T_helper_memory_cells_from_peripheral_blood_1__H3K27ac	-1.6750953409e-07	7.67716444609e-08	0.985442256063
Rectal_Mucosa_Donor_29__H3K27ac	-1.39480103514e-07	6.33421450777e-08	0.986167736101
Primary_T_helper_naive_cells_from_peripheral_blood_2__H3K4me3	-2.3621238911e-07	1.07068788703e-07	0.986314094184
Primary_T_killer_memory_cells_from_peripheral_blood__H3K4me1	-1.08994407741e-07	4.84761221793e-08	0.987725108846
Rectal_Mucosa_Donor_29__H3K4me3	-2.35251671949e-07	1.04590584028e-07	0.987752097928
Rectal_Mucosa_Donor_31__H3K9ac	-2.13009696219e-07	9.16618689123e-08	0.989933601694
Sigmoid_Colon__H3K4me3	-5.34262337954e-07	2.2842983176e-07	0.990328313299
Primary_T_helper_memory_cells_from_peripheral_blood_2__H3K4me3	-3.08579681411e-07	1.31228489839e-07	0.990650267651
Primary_T_helper_naive_cells_from_peripheral_blood_1__H3K4me3	-2.94320786117e-07	1.23170421291e-07	0.991565282273
Primary_mononuclear_cells_from_peripheral_blood__H3K4me1	-2.90275373929e-07	1.20824000204e-07	0.991857492934
Primary_T_killer_naive_cells_from_peripheral_blood__H3K27ac	-2.26192076163e-07	9.38406644338e-08	0.992032140329
SI-Term-Ileum_ENTEX__H3K36me3	-2.82498695747e-07	1.17122876113e-07	0.99206704688
Primary_Natural_Killer_cells_from_peripheral_blood__H3K4me3	-3.93115482895e-07	1.62867431245e-07	0.992104585249
Primary_T_cells_effector_memory_enriched_from_peripheral_blood__H3K4me3	-3.50651721411e-07	1.42879085533e-07	0.992939785965
Primary_T_killer_naive_cells_from_peripheral_blood__H3K4me3	-3.93191217805e-07	1.58631036858e-07	0.993406014134
Ovary_ENTEX__H3K36me3	-3.38015745378e-07	1.35911452275e-07	0.993559258047
Primary_T_helper_naive_cells_from_peripheral_blood__H3K9ac	-3.08863709263e-07	1.17748247409e-07	0.995643128679
Rectal_Mucosa_Donor_29__H3K9ac	-3.50519945973e-07	1.3032812491e-07	0.996422244496
Primary_T_cells_from_peripheral_blood__DNase	-2.61405228416e-07	9.19136030403e-08	0.997772671322
Primary_T_cells_from_peripheral_blood__H3K4me3	-4.00008132378e-07	1.40581002355e-07	0.997782163692
Testis_ENTEX__H3K36me3	-4.57284045504e-07	1.51788106213e-07	0.998705101897
Colon-TV_ENTEX__H3K27ac	-1.21354494318e-07	3.90123839173e-08	0.999066670127
Primary_T_killer_memory_cells_from_peripheral_blood__H3K4me3	-4.46624699575e-07	1.31948314592e-07	0.999643908759
Primary_T_helper_memory_cells_from_peripheral_blood_1__H3K4me3	-4.36536240717e-07	1.23028227419e-07	0.999806108002
Colon-TV_ENTEX__H3K4me3	-5.44895621855e-07	1.26193141336e-07	0.99999212573
