Name	Coefficient	Coefficient_std_error	Coefficient_P_value
Brain_Germinal_Matrix__H3K4me3	6.07162902873e-07	1.94810803896e-07	0.000914500461092
Fetal_Heart__H3K9ac	1.70186641647e-07	6.15657751758e-08	0.00285220083386
Rectal_Smooth_Muscle__H3K4me3	4.62852751618e-07	1.73611784322e-07	0.00383773907671
Brain_Germinal_Matrix__H3K4me1	2.59216034156e-07	1.00758997645e-07	0.0050463922584
Colon_Smooth_Muscle__H3K4me3	3.2466386876e-07	1.35463202385e-07	0.00827186253816
Fetal_Heart__DNase	1.71284902467e-07	7.24661990368e-08	0.00904789204148
Fetal_Brain_Female__H3K4me3	4.04980005277e-07	1.71631909949e-07	0.00914770528247
Fetal_Muscle_Trunk__H3K36me3	1.43820101682e-07	6.72545532349e-08	0.0162403587745
Aorta__H3K4me3	4.93839514587e-07	2.33858999287e-07	0.0173561925433
Aorta__H3K27ac	1.24327688415e-07	6.39032560874e-08	0.0258537425315
Ganglion_Eminence_derived_primary_cultured_neurospheres__H3K36me3	1.54776048911e-07	8.18468708115e-08	0.0293092232798
Cortex_derived_primary_cultured_neurospheres__H3K36me3	1.63100527945e-07	8.93027766125e-08	0.0338967547886
Ganglion_Eminence_derived_primary_cultured_neurospheres__H3K4me1	1.34730898798e-07	7.41660591409e-08	0.0346383283708
Fetal_Brain_Male__H3K4me1	8.94923857636e-08	4.94014440896e-08	0.0350291308998
Fetal_Brain_Female__H3K4me1	1.4777744487e-07	8.17200214352e-08	0.0352769319754
SI-Term-Ileum_ENTEX__H3K4me1	1.48555691692e-07	8.24709486413e-08	0.0358270667086
Rectal_Smooth_Muscle__H3K27ac	8.58418515934e-08	4.81556879976e-08	0.0373265281219
Mammary_ENTEX__H3K4me1	1.93365277637e-07	1.09616927672e-07	0.0388652084209
Rectal_Smooth_Muscle__H3K9ac	3.62155085688e-07	2.0544494743e-07	0.038968455484
Colon-TV_ENTEX__H3K36me3	1.39753522951e-07	7.95142505862e-08	0.0394085717345
Ovary__DNase	1.69996529915e-07	9.83081189286e-08	0.0418847144027
Fetal_Muscle_Leg__H3K36me3	9.23809546026e-08	5.36595050843e-08	0.0425697336822
Thyroid_gland_ENTEX__H3K36me3	7.41135612685e-08	4.35486836626e-08	0.0443912416637
Adrenal_gland_ENTEX__H3K4me3	2.12397938737e-07	1.25784373333e-07	0.0456492400003
Fetal_Intestine_Small__H3K4me1	7.89497349362e-08	4.84593211983e-08	0.051635760896
Foreskin_Keratinocyte_Primary_Cells_skin02__H3K36me3	1.05188506903e-07	6.47381638308e-08	0.0520993997339
Fetal_Muscle_Leg__H3K4me3	3.20807250809e-07	2.00183722102e-07	0.0545154601017
Fetal_Muscle_Trunk__H3K4me3	3.56296935198e-07	2.299282706e-07	0.0606187310086
Fetal_Heart__H3K36me3	2.15765259742e-07	1.40936455554e-07	0.0628921089057
Cortex_derived_primary_cultured_neurospheres__H3K4me1	8.20098202729e-08	5.36066395904e-08	0.0630276175664
Colon-Sigm_ENTEX__H3K4me3	3.75650775247e-07	2.53097502852e-07	0.0688761213059
Ganglion_Eminence_derived_primary_cultured_neurospheres__H3K4me3	2.36735863899e-07	1.59507172353e-07	0.0688818268226
Ovary__H3K27ac	1.30052620259e-07	8.80901961783e-08	0.0699239751514
Rectal_Mucosa_Donor_31__H3K4me1	8.32848278227e-08	5.64420708691e-08	0.0700282509432
SI-Term-Ileum_ENTEX__H3K4me3	2.35957792819e-07	1.60265511061e-07	0.0704708840766
Duodenum_Mucosa__H3K4me1	9.02035477778e-08	6.19007043848e-08	0.0725264859639
Fetal_Heart__H3K4me1	4.9794296182e-08	3.43245578568e-08	0.0734330870649
Colon-Sigm_ENTEX__H3K36me3	1.40073736103e-07	9.67705837808e-08	0.0738809033074
Fetal_Heart__H3K4me3	1.67279965282e-07	1.15911247265e-07	0.0744858925412
Colon_Smooth_Muscle__H3K27ac	7.10575257807e-08	4.92681019631e-08	0.0746141964182
Rectal_Mucosa_Donor_29__H3K4me1	1.24088275221e-07	8.64318628146e-08	0.0755470743299
Brain_Germinal_Matrix__H3K36me3	2.2306292487e-07	1.5670490017e-07	0.0773016396359
Fetal_Intestine_Large__H3K4me1	6.93698657279e-08	4.90636811235e-08	0.0786994426599
Ovary__H3K4me1	9.22069443821e-08	6.62444352341e-08	0.081973335022
Foreskin_Keratinocyte_Primary_Cells_skin03__H3K36me3	4.30904854664e-08	3.19012354694e-08	0.0883883089768
Cortex_derived_primary_cultured_neurospheres__H3K4me3	3.17623326227e-07	2.35732191036e-07	0.0889272414684
Right_Ventricle__H3K27ac	8.38173218112e-08	6.28554246415e-08	0.0911848972032
Fetal_Muscle_Leg__H3K4me1	6.13037784834e-08	4.68882003217e-08	0.0955306831712
Colon-TV_ENTEX__H3K27ac	5.49529136272e-08	4.21654765121e-08	0.0962416515444
Artery-Coronary_ENTEX__H3K27ac	6.05645044006e-08	4.67435957963e-08	0.0975437540002
Fetal_Muscle_Leg__DNase	1.11720422949e-07	8.66223236762e-08	0.098570178075
Skeletal_Muscle_Male__H3K4me3	1.75318225262e-07	1.37064676321e-07	0.100432465992
Colon-TV_ENTEX__H3K4me1	1.47385284868e-07	1.15591301752e-07	0.10114486079
Skeletal_Muscle_Female__H3K27ac	5.67405853444e-08	4.54855906743e-08	0.10611794215
Placenta_Amnion__H3K4me1	6.06762742984e-08	4.88884872967e-08	0.107281485744
Stomach_Smooth_Muscle__H3K27ac	5.21821135637e-08	4.27494487859e-08	0.1111092881
Nerve-Tibial_ENTEX__H3K4me1	5.19309214411e-08	4.30412037874e-08	0.113804729096
Fetal_Adrenal_Gland__H3K36me3	5.96012978445e-08	4.96338366698e-08	0.114910539073
Fetal_Stomach__H3K36me3	5.25984215297e-08	4.38110642186e-08	0.114958259469
Fetal_Intestine_Large__H3K36me3	6.92651709327e-08	5.77262040899e-08	0.115090776718
Small_Intestine__H3K27ac	1.04874225203e-07	8.8033882716e-08	0.116769118941
Skeletal_Muscle_Female__H3K36me3	7.97954498838e-08	6.71557850313e-08	0.117374537308
Right_Atrium__H3K27ac	9.03501046322e-08	7.61549887257e-08	0.117732636779
Fetal_Brain_Female__H3K36me3	1.1383246133e-07	9.63354330199e-08	0.118677047727
Aorta_ENTEX__H3K4me3	9.02036743903e-08	7.78502232165e-08	0.123292857517
Fetal_Muscle_Trunk__H3K27ac	8.38605393545e-08	7.24422831152e-08	0.123509843632
Pancreas__H3K4me1	7.20724462572e-08	6.23881761026e-08	0.123998934828
Fetal_Muscle_Trunk__DNase	1.08083385057e-07	9.4549102409e-08	0.126489083852
Rectal_Mucosa_Donor_31__H3K9ac	1.24017059542e-07	1.09876443168e-07	0.129513129972
NHEK-Epidermal_Keratinocyte_Primary_Cells__H3K36me3	6.02756162743e-08	5.38824423774e-08	0.131644654314
Colon_Smooth_Muscle__H3K36me3	1.03662649646e-07	9.38599987765e-08	0.134701360537
Ovary_ENTEX__H3K4me3	2.3762216676e-07	2.159670219e-07	0.13560711691
Osteoblast_Primary_Cells__H3K36me3	4.10617245448e-08	3.74882029708e-08	0.136687381029
Fetal_Intestine_Large__DNase	1.28424240105e-07	1.17631279247e-07	0.137470956966
Nerve-Tibial_ENTEX__H3K27ac	3.14879172606e-08	3.01182526097e-08	0.147901459963
Thymus__H3K36me3	9.78103599852e-08	9.55804110203e-08	0.153075778625
Osteoblast_Primary_Cells__H3K4me3	1.58086806437e-07	1.5457185245e-07	0.153215411942
Skeletal_Muscle_Female__H3K4me3	1.10521778553e-07	1.08302863089e-07	0.153748524763
Rectal_Smooth_Muscle__H3K4me1	6.2925057564e-08	6.17486982724e-08	0.154089435785
Sigmoid_Colon__H3K4me3	2.27802923338e-07	2.27349291277e-07	0.158172929269
Colonic_Mucosa__H3K4me1	8.45949891878e-08	8.5116845874e-08	0.160143339324
NHDF-Ad_Adult_Dermal_Fibroblast_Primary_Cells__DNase	1.10236680308e-07	1.12982979115e-07	0.164608358309
Breast_Myoepithelial_Primary_Cells__H3K4me3	1.27655132345e-07	1.31382868143e-07	0.165618090991
Colonic_Mucosa__H3K36me3	8.93600031995e-08	9.31014291709e-08	0.168574557904
Rectal_Mucosa_Donor_29__H3K9ac	1.43204301824e-07	1.5169036846e-07	0.172570348824
Small_Intestine__DNase	1.12099087459e-07	1.19413363633e-07	0.173930004301
Ovary__H3K36me3	7.2974761582e-08	8.00428513511e-08	0.180964338486
Brain_Dorsolateral_Prefrontal_Cortex__H3K36me3	6.81631907048e-08	7.51549391025e-08	0.182211627941
NHLF_Lung_Fibroblast_Primary_Cells__DNase	9.83397045925e-08	1.13090472846e-07	0.192268632546
Fetal_Brain_Male__H3K36me3	1.9456596634e-07	2.24929740779e-07	0.193517270772
Colon_Smooth_Muscle__H3K9ac	1.04811060384e-07	1.21314790725e-07	0.193805082162
Primary_monocytes_from_peripheral_blood__H3K36me3	2.95414085031e-08	3.43628718632e-08	0.194980044971
Artery-Tibial_ENTEX__H3K36me3	4.12101342548e-08	4.82467363882e-08	0.196509882952
NHDF-Ad_Adult_Dermal_Fibroblast_Primary_Cells__H3K27ac	7.75533109511e-08	9.15386889487e-08	0.19843654946
Fetal_Intestine_Small__H3K27ac	4.52463533065e-08	5.34316858124e-08	0.198551208241
Stomach_Mucosa__H3K4me1	3.65264961718e-08	4.33883140845e-08	0.199935676683
Left_Ventricle__H3K27ac	4.0420285864e-08	4.82448554941e-08	0.201067176905
Heart-Atrial_ENTEX__H3K27ac	2.95367026464e-08	3.52880664227e-08	0.201291576662
Fetal_Lung__H3K4me1	3.73185620771e-08	4.49200467441e-08	0.203049680731
Rectal_Mucosa_Donor_31__H3K4me3	1.16702954155e-07	1.41655278375e-07	0.205011889114
Rectal_Smooth_Muscle__H3K36me3	1.35887149677e-07	1.69149077024e-07	0.210884117292
Heart-LV_ENTEX__H3K36me3	7.21768423337e-08	9.09070074193e-08	0.213608351306
Fetal_Stomach__H3K4me1	3.93909570296e-08	5.01342086109e-08	0.216018655035
Foreskin_Fibroblast_Primary_Cells_skin02__H3K36me3	4.75091070934e-08	6.0707423931e-08	0.216933550474
Breast_variant_Human_Mammary_Epithelial_Cells_(vHMEC)__H3K36me3	3.28766107094e-08	4.22747870059e-08	0.218376371458
Esoph-Mucosa_ENTEX__H3K27ac	4.39342722587e-08	5.65898904123e-08	0.218767471827
Fetal_Muscle_Leg__H3K27ac	4.34607901188e-08	5.71867516329e-08	0.223633256276
Colonic_Mucosa__H3K4me3	1.4222882485e-07	1.90395237185e-07	0.227526101207
HMEC_Mammary_Epithelial_Primary_Cells__H3K36me3	6.3127156995e-08	8.51434793457e-08	0.229219131236
Placenta__DNase	6.35584819098e-08	8.70903690354e-08	0.23275646587
Aorta__H3K4me1	7.9683719917e-08	1.10552395858e-07	0.235523097962
Artery-Coronary_ENTEX__H3K4me3	5.99563321235e-08	8.4872266562e-08	0.23996032325
NHDF-Ad_Adult_Dermal_Fibroblast_Primary_Cells__H3K9ac	1.10930043346e-07	1.58969253188e-07	0.242648585125
Right_Atrium__H3K4me3	1.57858951715e-07	2.26884194232e-07	0.243286804396
Esophagus__H3K36me3	5.49924601549e-08	7.94660999806e-08	0.244461082066
Ovary__H3K4me3	1.28932755666e-07	1.88857148021e-07	0.247398247142
Colonic_Mucosa__H3K27ac	5.42553737415e-08	7.9771584291e-08	0.248209781034
Sigmoid_Colon__H3K27ac	5.10633200686e-08	7.51843443857e-08	0.248513522467
Fetal_Kidney__H3K36me3	1.16511306847e-07	1.72981346583e-07	0.250299238345
Duodenum_Smooth_Muscle__H3K27ac	5.37248755889e-08	8.21298624983e-08	0.256509052133
Esoph-Mucosa_ENTEX__H3K4me3	8.79579322988e-08	1.34791999412e-07	0.257024618314
Duodenum_Mucosa__H3K9ac	9.23398370985e-08	1.42534112745e-07	0.258543000879
Thymus__H3K27ac	6.72671801976e-08	1.04924564803e-07	0.260728728003
Sigmoid_Colon__H3K4me1	8.04197796171e-08	1.25478140478e-07	0.260791654692
Heart-Atrial_ENTEX__H3K4me3	1.28227600207e-07	2.01486466908e-07	0.262255262719
NHLF_Lung_Fibroblast_Primary_Cells__H3K9ac	1.28143255559e-07	2.03748797885e-07	0.264698206936
Foreskin_Fibroblast_Primary_Cells_skin01__DNase	6.86619979105e-08	1.12873722397e-07	0.271491579903
Rectal_Mucosa_Donor_29__H3K36me3	4.02978965144e-08	6.66908508458e-08	0.272838971304
Left_Ventricle__H3K4me3	1.43793819393e-07	2.38361494513e-07	0.273168058643
Foreskin_Melanocyte_Primary_Cells_skin01__H3K27ac	8.08385246672e-08	1.34245410618e-07	0.273530576352
Esoph-GJ_ENTEX__H3K27ac	3.02684643708e-08	5.04363421759e-08	0.274209124146
Small_Intestine__H3K4me1	5.65416073121e-08	9.47920613495e-08	0.275427169604
HMEC_Mammary_Epithelial_Primary_Cells__DNase	5.26394487734e-08	8.84273494974e-08	0.275826588561
Foreskin_Fibroblast_Primary_Cells_skin01__H3K36me3	2.52882282634e-08	4.27296947017e-08	0.276986031995
Stomach_Smooth_Muscle__H3K9ac	8.9300104847e-08	1.51968656277e-07	0.278393066598
Fetal_Muscle_Trunk__H3K4me1	2.57090993203e-08	4.43355304004e-08	0.280999202143
Nerve-Tibial_ENTEX__H3K4me3	1.0713933273e-07	1.87864622605e-07	0.284236870555
Foreskin_Melanocyte_Primary_Cells_skin01__H3K4me3	1.24673647208e-07	2.20999750143e-07	0.286331202137
Brain_Dorsolateral_Prefrontal_Cortex__H3K4me3	8.51192925912e-08	1.51174316395e-07	0.286699081439
Fetal_Intestine_Small__DNase	8.46227087843e-08	1.50474780453e-07	0.286931509817
Esoph-Muscularis_ENTEX__H3K27ac	2.61091046304e-08	4.66913584869e-08	0.28801775405
Aorta__H3K36me3	9.69214813067e-08	1.73970442377e-07	0.288724550965
Fetal_Stomach__H3K27ac	3.14411435734e-08	5.66379142808e-08	0.289404452722
Placenta_Amnion__H3K27ac	6.14723082087e-08	1.10951534852e-07	0.289773515505
Pancreatic_Islets__H3K36me3	6.6129764646e-08	1.19721810238e-07	0.290350219851
Rectal_Mucosa_Donor_29__H3K4me3	6.55658714675e-08	1.19268693588e-07	0.291251447208
Pancreas_ENTEX__H3K4me1	1.59891628828e-08	2.91324089152e-08	0.291556078641
Fetal_Brain_Male__DNase	5.72819349771e-08	1.04658592246e-07	0.292078815405
Brain_Substantia_Nigra__H3K4me3	8.12167840689e-08	1.50185169468e-07	0.294330422387
Brain_Anterior_Caudate__H3K36me3	3.54266399884e-08	6.66817958943e-08	0.297612716589
Heart-LV_ENTEX__H3K27ac	2.18518735114e-08	4.12998866002e-08	0.298367171448
Testis_ENTEX__H3K27ac	1.82377126541e-08	3.46288081629e-08	0.2992138104
Liver__H3K9ac	4.74421619112e-08	9.14482765672e-08	0.301954699956
Fetal_Adrenal_Gland__DNase	5.90467755761e-08	1.14620942518e-07	0.303224721351
Primary_hematopoietic_stem_cells_short_term_culture__H3K36me3	2.59351330007e-08	5.10327291054e-08	0.305654483858
Foreskin_Keratinocyte_Primary_Cells_skin03__H3K4me1	2.33601190125e-08	4.66145257102e-08	0.308138445484
Primary_T_regulatory_cells_from_peripheral_blood__H3K27ac	3.25477969978e-08	6.53110836085e-08	0.309118586233
NHDF-Ad_Adult_Dermal_Fibroblast_Primary_Cells__H3K4me3	9.95613750982e-08	2.01012104901e-07	0.310194045825
Primary_Natural_Killer_cells_from_peripheral_blood__H3K27ac	3.9294058976e-08	7.95176081325e-08	0.310598201866
NHDF-Ad_Adult_Dermal_Fibroblast_Primary_Cells__H3K36me3	7.13329200011e-08	1.44454168732e-07	0.310720168108
Fetal_Intestine_Large__H3K27ac	2.57926053946e-08	5.23042879787e-08	0.31096177308
Duodenum_Smooth_Muscle__H3K36me3	4.94613624925e-08	1.01139536395e-07	0.312406396502
liver_ENTEX__H3K36me3	3.34589952097e-08	6.8641488174e-08	0.312971272875
Stomach_Smooth_Muscle__H3K4me3	4.734415566e-08	1.01255078949e-07	0.32004493679
SI-Term-Ileum_ENTEX__H3K27ac	2.45956500335e-08	5.28251217987e-08	0.320749069351
Primary_B_cells_from_cord_blood__H3K4me1	2.32097685365e-08	4.98993324237e-08	0.320918521279
Esophagus__H3K4me1	3.88220704007e-08	8.34978738727e-08	0.32098477252
Stomach_Smooth_Muscle__H3K4me1	2.31444974387e-08	5.03169209861e-08	0.322767284356
Colon_Smooth_Muscle__H3K4me1	2.05923155076e-08	4.51266085289e-08	0.32407881475
Psoas_Muscle__H3K27ac	3.41281847872e-08	7.60973191402e-08	0.326903128333
Osteoblast_Primary_Cells__H3K27ac	2.10552523152e-08	4.70496573106e-08	0.327252973032
Foreskin_Fibroblast_Primary_Cells_skin01__H3K4me3	4.81793278539e-08	1.08058624823e-07	0.32784815468
Rectal_Mucosa_Donor_31__H3K27ac	2.67022544752e-08	6.03404111849e-08	0.329053988303
Colon-Sigm_ENTEX__H3K27ac	2.15792594234e-08	4.90871506717e-08	0.330109376937
Fetal_Lung__H3K36me3	2.47799925594e-08	5.67735169678e-08	0.331247525155
Duodenum_Mucosa__H3K4me3	6.48251538878e-08	1.50804618749e-07	0.333648065543
Stomach_Smooth_Muscle__H3K36me3	3.78826210595e-08	9.24664240476e-08	0.341016477848
Skeletal_Muscle_Female__H3K9ac	4.39720821336e-08	1.10953176317e-07	0.345937414866
Foreskin_Melanocyte_Primary_Cells_skin03__H3K36me3	1.47564994606e-08	3.80762924361e-08	0.349174224083
Fetal_Brain_Female__DNase	4.20062401733e-08	1.09752620881e-07	0.350957891052
Uterus_ENTEX__H3K27ac	1.47376652104e-08	3.85469365209e-08	0.351108158532
Fetal_Stomach__DNase	5.01189239692e-08	1.3136021204e-07	0.351402007753
Small_Intestine__H3K4me3	8.5458092435e-08	2.25038630942e-07	0.352066040919
Skeletal_Muscle_Female__H3K4me1	1.49492216474e-08	3.97672629187e-08	0.353489006683
NHLF_Lung_Fibroblast_Primary_Cells__H3K4me3	7.97503095517e-08	2.13591804435e-07	0.354433863736
skeletal_muscle_ENTEX__H3K36me3	1.27425488001e-08	3.42789752523e-08	0.35504666805
Primary_B_cells_from_peripheral_blood__H3K27ac	2.47723707172e-08	6.69184885138e-08	0.355621490837
Vagina_ENTEX__H3K27ac	1.7357568975e-08	4.75029858151e-08	0.357406593781
Placenta__H3K4me1	1.82743417571e-08	5.02893437801e-08	0.35815903461
Fetal_Thymus__H3K36me3	1.17204487519e-08	3.62895899601e-08	0.373358982267
Esoph-Muscularis_ENTEX__H3K4me1	1.31927631155e-08	4.1186474405e-08	0.37436369485
Placenta__H3K36me3	2.2651487414e-08	7.2567750659e-08	0.377466070826
Fetal_Stomach__H3K4me3	8.20903620529e-08	2.68796375751e-07	0.380030833282
NHLF_Lung_Fibroblast_Primary_Cells__H3K27ac	2.0709064379e-08	6.98995731786e-08	0.383512396108
NHEK-Epidermal_Keratinocyte_Primary_Cells__H3K4me1	1.18386768171e-08	4.2093521099e-08	0.389260476395
Esoph-GJ_ENTEX__H3K4me1	1.30038361813e-08	4.67099214553e-08	0.390354351896
NHLF_Lung_Fibroblast_Primary_Cells__H3K36me3	3.68175414599e-08	1.32736123027e-07	0.390746494772
NHEK-Epidermal_Keratinocyte_Primary_Cells__H3K27ac	1.38374436418e-08	5.32848587293e-08	0.397552186899
Pancreas_ENTEX__H3K27ac	8.54615163189e-09	3.42995279247e-08	0.401617593411
Foreskin_Melanocyte_Primary_Cells_skin03__H3K4me3	4.95016748036e-08	1.98985340397e-07	0.401769170918
Right_Ventricle__H3K4me1	1.6584231543e-08	6.70875744048e-08	0.402375666307
Breast_variant_Human_Mammary_Epithelial_Cells_(vHMEC)__H3K4me3	5.36726556565e-08	2.28764995574e-07	0.407252160803
Heart-Atrial_ENTEX__H3K36me3	1.26053535635e-08	5.47861885286e-08	0.409013758217
Primary_Natural_Killer_cells_from_peripheral_blood__H3K4me1	1.26513577059e-08	5.67122583716e-08	0.41173671038
liver_ENTEX__H3K4me3	2.17447759421e-08	1.00457922339e-07	0.414315942651
Aorta_ENTEX__H3K27ac	5.22390319659e-09	2.45624956808e-08	0.415789052072
Placenta_Amnion__H3K36me3	1.4424128092e-08	6.78916082639e-08	0.415874797028
Right_Atrium__H3K4me1	1.81436804704e-08	8.84701920821e-08	0.418753868398
Pancreas_ENTEX__H3K36me3	9.97273904117e-09	5.00598797849e-08	0.421046813677
Fetal_Kidney__DNase	2.42435114996e-08	1.22370514218e-07	0.421477298175
Mammary_ENTEX__H3K27ac	8.12901895835e-09	4.47925755501e-08	0.427994868867
Heart-LV_ENTEX__H3K4me1	1.16553965383e-08	6.4424844782e-08	0.428217295178
Nerve-Tibial_ENTEX__H3K36me3	1.07594171621e-08	6.05852789427e-08	0.4295219871
Foreskin_Keratinocyte_Primary_Cells_skin03__H3K27ac	9.692020289e-09	5.56351406537e-08	0.430851467506
Liver__H3K4me1	6.82719892771e-09	4.10083868539e-08	0.433888433527
NHDF-Ad_Adult_Dermal_Fibroblast_Primary_Cells__H3K4me1	1.04154874123e-08	6.28429730051e-08	0.434181452543
NHEK-Epidermal_Keratinocyte_Primary_Cells__H3K9ac	1.40299765616e-08	8.53034942436e-08	0.434680069316
Colon-TV_ENTEX__H3K4me3	2.68871124527e-08	1.80414859417e-07	0.440765229759
skeletal_muscle_ENTEX__H3K4me1	3.68203394531e-09	2.53847475236e-08	0.442336065751
Gastric__H3K4me1	1.34398421678e-08	9.69525465764e-08	0.4448740773
Ovary_ENTEX__H3K36me3	2.30646736311e-08	1.84518986224e-07	0.450262203461
Prostate_ENTEX__H3K36me3	3.69994533231e-08	2.98869028556e-07	0.450737521167
Primary_B_cells_from_peripheral_blood__H3K4me1	4.48962624739e-09	3.71967445918e-08	0.451964551228
Rectal_Mucosa_Donor_31__H3K36me3	7.17057596599e-09	5.94827419325e-08	0.452024193649
Liver__H3K4me3	1.02850223925e-08	8.70909343858e-08	0.452996108438
Fetal_Lung__DNase	1.00971965626e-08	8.75852099963e-08	0.454109904942
Breast_Myoepithelial_Primary_Cells__H3K4me1	3.41066138957e-09	3.5816912634e-08	0.46206810218
Colon-Sigm_ENTEX__H3K4me1	2.11752793276e-08	2.24216763127e-07	0.462379381505
Fetal_Intestine_Small__H3K36me3	3.0692414588e-09	3.67779228383e-08	0.466745528226
Brain_Cingulate_Gyrus__H3K4me3	1.04843438042e-08	1.39305418502e-07	0.470003300717
Fetal_Thymus__H3K4me1	1.76890629568e-09	3.33930414611e-08	0.478876988037
Heart-LV_ENTEX__H3K4me3	7.69313976593e-09	1.68870317725e-07	0.481831872598
Foreskin_Keratinocyte_Primary_Cells_skin02__DNase	3.30301114905e-09	7.95812309086e-08	0.483446692701
Stomach_Mucosa__H3K9ac	3.65710760202e-09	1.00887993074e-07	0.485541833586
Thymus__H3K4me1	2.02415890053e-09	6.7540128205e-08	0.488045600128
Primary_T_regulatory_cells_from_peripheral_blood__H3K4me3	2.93155781528e-09	1.17072674588e-07	0.490011331377
Primary_monocytes_from_peripheral_blood__H3K4me1	8.10278727102e-10	3.67521016271e-08	0.491205176221
Breast_variant_Human_Mammary_Epithelial_Cells_(vHMEC)__H3K4me1	1.01486636441e-09	4.98409854019e-08	0.491877264816
HMEC_Mammary_Epithelial_Primary_Cells__H3K9ac	1.89911211891e-09	1.0141341967e-07	0.492529668726
Brain_Substantia_Nigra__H3K36me3	1.8932332851e-09	1.04368954868e-07	0.492763658644
Sigmoid_Colon__H3K36me3	1.19598004583e-09	7.33203659086e-08	0.493492860498
Fetal_Thymus__H3K4me3	2.43696563643e-09	1.76558944025e-07	0.49449374958
Brain_Hippocampus_Middle__H3K4me3	1.25653244865e-09	1.11203128845e-07	0.495492273835
Foreskin_Keratinocyte_Primary_Cells_skin03__H3K4me3	1.16902013215e-09	1.49382899453e-07	0.496878044281
Liver__H3K27ac	7.17767487173e-11	4.60545480223e-08	0.499378242335
Testis_ENTEX__H3K4me3	-2.13876146116e-11	9.94831154232e-08	0.500085767556
Esophagus__H3K27ac	-1.90535734738e-10	7.18599892929e-08	0.501057788516
liver_ENTEX__H3K4me1	-9.9051655896e-10	1.47535234183e-07	0.502678383699
Foreskin_Keratinocyte_Primary_Cells_skin02__H3K4me1	-6.47130492746e-10	6.42621320665e-08	0.504017348053
Skeletal_Muscle_Male__H3K36me3	-1.35992650471e-09	7.86779822025e-08	0.506895260305
Prostate_ENTEX__H3K27ac	-1.16522582967e-09	6.24657997837e-08	0.507441366214
Duodenum_Mucosa__H3K36me3	-1.18453794422e-09	6.26181421223e-08	0.507546280838
Lung__H3K4me1	-1.71104106477e-09	8.01340379616e-08	0.50851766336
Primary_T_helper_naive_cells_from_peripheral_blood_2__H3K27ac	-1.89867865439e-09	6.33134702226e-08	0.511961904348
HMEC_Mammary_Epithelial_Primary_Cells__H3K4me1	-1.65212300591e-09	5.27877068731e-08	0.51248385604
Psoas_Muscle__H3K4me1	-3.56050101992e-09	8.21484933705e-08	0.517285646235
Placenta_Amnion__H3K4me3	-9.91505716809e-09	2.23147495638e-07	0.517720272156
Fetal_Brain_Male__H3K4me3	-1.9454510921e-08	3.41194934285e-07	0.522734873091
Duodenum_Smooth_Muscle__H3K4me3	-6.50084339776e-09	9.56248268471e-08	0.527100336556
Brain_Angular_Gyrus__H3K4me3	-1.18300231887e-08	1.54949474559e-07	0.530428728392
Duodenum_Smooth_Muscle__H3K4me1	-6.00782921692e-09	7.24651943576e-08	0.53303702199
Fetal_Thymus__H3K27ac	-4.68899559632e-09	5.4350565944e-08	0.534375366773
Aorta_ENTEX__H3K4me1	-2.41373091085e-09	2.43589505255e-08	0.539466634869
Primary_T_regulatory_cells_from_peripheral_blood__H3K4me1	-6.302619187e-09	5.65155019888e-08	0.544398069588
Pancreas__H3K4me3	-2.33595655638e-08	2.02533717228e-07	0.545910865149
Left_Ventricle__H3K36me3	-1.04541134938e-08	8.74470651087e-08	0.547579355565
HMEC_Mammary_Epithelial_Primary_Cells__H3K4me3	-2.49880701492e-08	1.93546152376e-07	0.551363318423
Rectal_Mucosa_Donor_29__H3K27ac	-8.16946474027e-09	6.32002593546e-08	0.551425286449
Primary_T_killer_memory_cells_from_peripheral_blood__H3K27ac	-1.18182345891e-08	9.07184539645e-08	0.551825082326
Spleen__H3K36me3	-9.78930216084e-09	7.23644034299e-08	0.553803908208
NHEK-Epidermal_Keratinocyte_Primary_Cells__H3K4me3	-1.78617586875e-08	1.23157651855e-07	0.557657062497
Fetal_Adrenal_Gland__H3K27ac	-6.9968053069e-09	4.53125883766e-08	0.561357535571
Adrenal_gland_ENTEX__H3K36me3	-7.88186312137e-09	4.92018404446e-08	0.563636060228
Foreskin_Melanocyte_Primary_Cells_skin01__H3K36me3	-1.66075785749e-08	1.00307662307e-07	0.565750904535
Foreskin_Fibroblast_Primary_Cells_skin01__H3K27ac	-8.97652277635e-09	5.41403887333e-08	0.565843163628
Primary_Natural_Killer_cells_from_peripheral_blood__H3K4me3	-3.87098421361e-08	2.3302503198e-07	0.565968276106
Foreskin_Melanocyte_Primary_Cells_skin03__H3K27ac	-1.24100262311e-08	6.97361571724e-08	0.570621564717
Fetal_Adrenal_Gland__H3K4me1	-9.52364600236e-09	5.28536355553e-08	0.571497919912
Uterus_ENTEX__H3K4me3	-4.34845032342e-08	2.26950080864e-07	0.575973726351
Primary_monocytes_from_peripheral_blood__H3K27ac	-1.32217980349e-08	6.77563270934e-08	0.577357334001
Esoph-Muscularis_ENTEX__H3K4me3	-3.15882452565e-08	1.60001363829e-07	0.578252457605
Foreskin_Fibroblast_Primary_Cells_skin02__DNase	-2.23293410784e-08	1.07964087826e-07	0.581925535849
Primary_T_helper_naive_cells_from_peripheral_blood_2__H3K4me1	-9.33265468863e-09	4.50127362791e-08	0.582125350006
Foreskin_Melanocyte_Primary_Cells_skin01__H3K4me1	-2.76196892631e-08	1.31431133964e-07	0.583223025647
Primary_T_helper_naive_cells_from_peripheral_blood_1__H3K4me1	-1.12805799283e-08	5.35850063547e-08	0.583368090679
HMEC_Mammary_Epithelial_Primary_Cells__H3K27ac	-1.21492137905e-08	5.76557145393e-08	0.583447127352
Gastric__H3K36me3	-1.64899241954e-08	7.71627695978e-08	0.58461070883
Stomach_Mucosa__H3K4me3	-4.055102432e-08	1.89674045478e-07	0.58464584255
Esoph-Muscularis_ENTEX__H3K36me3	-1.61800081964e-08	7.3889509382e-08	0.586665517601
Foreskin_Fibroblast_Primary_Cells_skin02__H3K4me3	-1.8581343478e-08	8.05138011695e-08	0.591258917875
Testis_ENTEX__H3K36me3	-4.53465922614e-08	1.95616329065e-07	0.591658735882
Brain_Inferior_Temporal_Lobe__H3K36me3	-1.68397805158e-08	6.85275128408e-08	0.597057284034
Primary_T_helper_cells_from_peripheral_blood__H3K27ac	-1.87738279755e-08	7.5450405272e-08	0.598251313387
Left_Ventricle__H3K4me1	-1.58126559469e-08	6.11860370026e-08	0.601964664
Psoas_Muscle__H3K36me3	-3.86405109215e-08	1.45729718184e-07	0.604553774416
Primary_hematopoietic_stem_cells_G-CSF-mobilized_Female__H3K4me1	-8.59039106972e-09	3.19553044114e-08	0.605967899571
Primary_hematopoietic_stem_cells_G-CSF-mobilized_Male__H3K36me3	-9.71221235062e-09	3.59366764102e-08	0.606519520041
Primary_B_cells_from_peripheral_blood__H3K36me3	-9.49751168562e-09	3.43407180805e-08	0.608943722411
Skeletal_Muscle_Male__H3K9ac	-2.05662025904e-08	7.24083042126e-08	0.611806685563
Primary_B_cells_from_peripheral_blood__H3K4me3	-5.60621962494e-08	1.93929855752e-07	0.613741802209
Spleen__H3K4me3	-3.14450214681e-08	1.07162626141e-07	0.615404292815
Foreskin_Keratinocyte_Primary_Cells_skin02__H3K4me3	-4.87158874746e-08	1.60968465396e-07	0.618918812166
Brain_Anterior_Caudate__H3K4me3	-3.69532117211e-08	1.21254761236e-07	0.619724302996
Primary_T_helper_memory_cells_from_peripheral_blood_2__H3K4me3	-4.97824572174e-08	1.60866540093e-07	0.62151583183
Psoas_Muscle__DNase	-3.09803608019e-08	9.83135921226e-08	0.623663885025
Primary_B_cells_from_cord_blood__H3K36me3	-4.15524244848e-08	1.28570736157e-07	0.626723287275
Pancreas__H3K27ac	-3.25621627443e-08	1.00000770021e-07	0.627643727895
skeletal_muscle_ENTEX__H3K4me3	-2.38302049578e-08	6.88400660531e-08	0.635391643299
Brain_Hippocampus_Middle__H3K36me3	-2.70886541916e-08	7.61042103027e-08	0.639057848574
Thymus__H3K4me3	-6.79929999712e-08	1.82760440735e-07	0.645066033207
Brain_Cingulate_Gyrus__H3K36me3	-2.61922933974e-08	6.97545774719e-08	0.646352742967
Fetal_Adrenal_Gland__H3K4me3	-8.65716593215e-08	2.29813262456e-07	0.646803341036
Vagina_ENTEX__H3K36me3	-6.38969208259e-08	1.69560236334e-07	0.646853396007
Brain_Dorsolateral_Prefrontal_Cortex__H3K27ac	-2.24477750741e-08	5.89648804415e-08	0.648286090747
Breast_Myoepithelial_Primary_Cells__H3K36me3	-1.67959348197e-08	4.32588754527e-08	0.651090267806
Placenta__H3K27ac	-1.56942381758e-08	4.03426349954e-08	0.651370665608
Mammary_ENTEX__H3K4me3	-4.56071612851e-08	1.16262916936e-07	0.652572882143
Right_Ventricle__H3K4me3	-8.43855979259e-08	2.05239805507e-07	0.659520961805
Colonic_Mucosa__H3K9ac	-5.9087281325e-08	1.3934064963e-07	0.664235008456
Esoph-GJ_ENTEX__H3K4me3	-5.87628776588e-08	1.37161071595e-07	0.665828196184
Primary_hematopoietic_stem_cells__H3K4me1	-3.72622527354e-08	8.61892984814e-08	0.667249347417
Primary_T_killer_naive_cells_from_peripheral_blood__H3K9ac	-7.37794333039e-08	1.70021456069e-07	0.667834683113
Esoph-Mucosa_ENTEX__H3K4me1	-2.31105049319e-08	5.23342804551e-08	0.670608491479
Stomach_ENTEX__H3K4me1	-2.42907660246e-08	5.45576394917e-08	0.671923677229
Osteoblast_Primary_Cells__H3K4me1	-1.9057018397e-08	4.27088141433e-08	0.672276530266
Primary_hematopoietic_stem_cells_G-CSF-mobilized_Female__H3K36me3	-1.86244485959e-08	4.1119743544e-08	0.674701154208
Right_Ventricle__H3K36me3	-3.36456442539e-08	7.37779145993e-08	0.675819217648
Brain_Cingulate_Gyrus__H3K9ac	-6.07760774158e-08	1.31442472758e-07	0.678094780934
Primary_B_cells_from_cord_blood__H3K4me3	-1.04083693018e-07	2.15706494787e-07	0.685283341106
Adipose_Nuclei__H3K4me3	-5.17583391706e-08	1.05576168764e-07	0.688020233092
Primary_hematopoietic_stem_cells_G-CSF-mobilized_Female__H3K27ac	-2.88611298404e-08	5.82181075283e-08	0.689961585521
Brain_Inferior_Temporal_Lobe__H3K4me3	-6.78526200784e-08	1.34026051011e-07	0.693664479179
Aorta_ENTEX__H3K36me3	-1.89208956009e-08	3.71919585186e-08	0.694531427208
liver_ENTEX__H3K27ac	-1.72093779119e-08	3.37981361547e-08	0.694687414999
Esoph-Mucosa_ENTEX__H3K36me3	-4.57489145362e-08	8.92592659583e-08	0.69586331732
Primary_hematopoietic_stem_cells_G-CSF-mobilized_Male__H3K4me3	-5.33482270282e-08	1.02201246141e-07	0.699162029747
Skeletal_Muscle_Male__H3K4me1	-2.52400338672e-08	4.80531212288e-08	0.700296248894
Primary_T_killer_naive_cells_from_peripheral_blood__H3K27ac	-5.69029534461e-08	1.075093269e-07	0.701695731072
Brain_Dorsolateral_Prefrontal_Cortex__H3K9ac	-8.2052734979e-08	1.53527299984e-07	0.703485039684
Primary_T_killer_memory_cells_from_peripheral_blood__H3K4me1	-3.1265520281e-08	5.82455857849e-08	0.704292902653
Foreskin_Fibroblast_Primary_Cells_skin02__H3K27ac	-3.22639124303e-08	5.91914722797e-08	0.707149733033
Gastric__H3K27ac	-5.99152039772e-08	1.06021560135e-07	0.714004889055
Primary_T_killer_naive_cells_from_peripheral_blood__H3K4me1	-2.63991385755e-08	4.61991402866e-08	0.716142701956
Primary_T_helper_memory_cells_from_peripheral_blood_1__H3K4me3	-8.72936293759e-08	1.49486893618e-07	0.7203747294
Pancreatic_Islets__H3K9ac	-1.38361269745e-07	2.35046147921e-07	0.721953890948
Lung_ENTEX__H3K36me3	-3.78550667061e-08	6.37277978713e-08	0.723747904261
Foreskin_Melanocyte_Primary_Cells_skin03__H3K4me1	-2.3053554394e-08	3.86139673218e-08	0.724755092258
Brain_Cingulate_Gyrus__H3K4me1	-2.66349870947e-08	4.39788784609e-08	0.727620206801
Heart-Atrial_ENTEX__H3K4me1	-1.16139003972e-07	1.90454732586e-07	0.729002341441
Adipose_Nuclei__H3K36me3	-5.01429425434e-08	8.06686370721e-08	0.73289475815
Primary_neutrophils_from_peripheral_blood__H3K4me3	-5.24685194471e-08	8.32485536559e-08	0.735738879249
Spleen_ENTEX__H3K4me3	-3.99111759167e-08	6.25274351591e-08	0.738360346707
Liver__H3K36me3	-2.83997548039e-08	4.42020929779e-08	0.739725045025
Fetal_Intestine_Small__H3K4me3	-1.11661051158e-07	1.69411123439e-07	0.745088352933
Primary_T_cells_from_peripheral_blood__H3K27ac	-4.2266025239e-08	6.38146785452e-08	0.746118361631
Primary_mononuclear_cells_from_peripheral_blood__H3K27ac	-9.61811139161e-08	1.44730952038e-07	0.746831173788
Primary_T_cells_from_peripheral_blood__H3K4me1	-3.53387019719e-08	5.28406748598e-08	0.748181576231
Primary_T_helper_cells_from_peripheral_blood__H3K4me3	-1.10639099517e-07	1.63778154925e-07	0.750334411293
Pancreatic_Islets__H3K27ac	-8.97554329352e-08	1.29818726773e-07	0.755339910152
Primary_hematopoietic_stem_cells__H3K36me3	-6.40525546691e-08	9.26109218657e-08	0.755415354498
Lung__H3K36me3	-5.76924751019e-08	8.25686480944e-08	0.757636897475
Primary_T_helper_cells_from_peripheral_blood__H3K4me1	-3.1832330098e-08	4.51313268925e-08	0.759696527492
Brain_Inferior_Temporal_Lobe__H3K9ac	-7.19245267009e-08	1.01846380745e-07	0.759969984879
Brain_Angular_Gyrus__H3K36me3	-5.71950764614e-08	8.00468957692e-08	0.762547031601
Primary_T_helper_17_cells_PMA-I_stimulated__H3K4me3	-8.35235365906e-08	1.16848472623e-07	0.762634339188
Foreskin_Fibroblast_Primary_Cells_skin01__H3K4me1	-2.81331599513e-08	3.89419991709e-08	0.764987226311
Primary_T_helper_memory_cells_from_peripheral_blood_2__H3K27ac	-5.44967738475e-08	7.5375136073e-08	0.765162301278
Primary_Natural_Killer_cells_from_peripheral_blood__H3K36me3	-2.87739270075e-08	3.9367535102e-08	0.767581399531
Fetal_Intestine_Large__H3K4me3	-1.33691916709e-07	1.80557695665e-07	0.770483097014
Pancreas__DNase	-1.04803744066e-07	1.40017911671e-07	0.772921413454
Brain_Angular_Gyrus__H3K4me1	-3.76452502602e-08	4.98922349452e-08	0.774734855114
Right_Atrium__H3K36me3	-7.12770461978e-08	9.30075028631e-08	0.778268349329
Primary_T_helper_cells_PMA-I_stimulated__H3K4me3	-7.38640211536e-08	9.49511166581e-08	0.781690820236
Primary_monocytes_from_peripheral_blood__H3K4me3	-1.57663133604e-07	2.01704067067e-07	0.782791528325
NHLF_Lung_Fibroblast_Primary_Cells__H3K4me1	-6.28932257001e-08	7.87583238279e-08	0.787727126635
Thyroid_gland_ENTEX__H3K27ac	-2.33276110381e-08	2.89231512575e-08	0.790033551815
Mammary_ENTEX__H3K36me3	-4.25447481112e-08	5.24238090353e-08	0.791476181434
Primary_T_cells_from_peripheral_blood__H3K4me3	-1.49833552641e-07	1.81688153161e-07	0.795221740199
Pancreas_ENTEX__H3K4me3	-1.0100487201e-07	1.22149080793e-07	0.795852657506
Artery-Tibial_ENTEX__H3K4me1	-9.86505269101e-08	1.18796566117e-07	0.796848088057
NHEK-Epidermal_Keratinocyte_Primary_Cells__DNase	-7.54871061514e-08	8.95531921188e-08	0.800366308857
Primary_T_cells_effector_memory_enriched_from_peripheral_blood__H3K4me1	-6.58987799092e-08	7.72094680778e-08	0.803310747076
Foreskin_Melanocyte_Primary_Cells_skin01__DNase	-7.51955767573e-08	8.63687806017e-08	0.808022923299
Pancreatic_Islets__H3K4me3	-1.80334335652e-07	2.06484108365e-07	0.80876573191
SI-Term-Ileum_ENTEX__H3K36me3	-9.99129654554e-08	1.14396902748e-07	0.808774383764
Thyroid_gland_ENTEX__H3K4me1	-2.86842777586e-08	3.25893860415e-08	0.810617035571
Primary_hematopoietic_stem_cells_G-CSF-mobilized_Female__DNase	-1.01763154868e-07	1.15313237795e-07	0.811244937862
Brain_Substantia_Nigra__H3K9ac	-9.13950530956e-08	1.03067197718e-07	0.812393806825
Primary_T_helper_memory_cells_from_peripheral_blood_1__H3K27ac	-7.34434935272e-08	8.22758009001e-08	0.813977682434
Primary_mononuclear_cells_from_peripheral_blood__H3K9ac	-1.09461375268e-07	1.21143511841e-07	0.816887686406
Primary_hematopoietic_stem_cells__H3K4me3	-1.88247812016e-07	2.07307384834e-07	0.818077080484
Primary_T_helper_17_cells_PMA-I_stimulated__H3K27ac	-6.91130135124e-08	7.6075695928e-08	0.818186847403
Primary_T_cells_effector_memory_enriched_from_peripheral_blood__H3K27ac	-6.81571020316e-08	7.47912915596e-08	0.818930625561
Primary_T_cells_from_cord_blood__H3K4me1	-7.35158748891e-08	7.93000442432e-08	0.823052229606
Primary_neutrophils_from_peripheral_blood__H3K36me3	-2.89484610616e-08	3.11349163825e-08	0.823756155153
Primary_B_cells_from_peripheral_blood__DNase	-1.11574937325e-07	1.14478313726e-07	0.83513012036
Fetal_Lung__H3K4me3	-1.86235404336e-07	1.90573589725e-07	0.835773876661
Placenta__H3K4me3	-1.8818147619e-07	1.92093927256e-07	0.836366250125
Primary_T_helper_cells_PMA-I_stimulated__H3K4me1	-3.71687422498e-08	3.77704057337e-08	0.837459576068
Adipose_Nuclei__H3K4me1	-5.28567487404e-08	5.30062733789e-08	0.840661211585
Primary_T_helper_naive_cells_from_peripheral_blood__H3K9ac	-1.27844445453e-07	1.28191800761e-07	0.840688201049
Stomach_ENTEX__H3K27ac	-4.24358385573e-08	4.25347546854e-08	0.840781379994
Pancreatic_Islets__H3K4me1	-5.14104111696e-08	5.11470010667e-08	0.842587700822
Primary_T_cells_effector_memory_enriched_from_peripheral_blood__H3K4me3	-1.72145708327e-07	1.69051321378e-07	0.845733346519
Brain_Anterior_Caudate__H3K27ac	-4.20975563289e-08	4.10466832832e-08	0.847460364041
Brain_Angular_Gyrus__H3K27ac	-5.05593769261e-08	4.90896877838e-08	0.848480645654
Brain_Inferior_Temporal_Lobe__H3K27ac	-4.20428432568e-08	4.00761313432e-08	0.852928060244
Adrenal_gland_ENTEX__H3K27ac	-3.89292361032e-08	3.68971949484e-08	0.854304042307
Spleen__H3K4me1	-7.37883748028e-08	6.98635500082e-08	0.854556649053
Breast_Myoepithelial_Primary_Cells__H3K9ac	-1.33691689149e-07	1.25973194274e-07	0.855716603784
skeletal_muscle_ENTEX__H3K27ac	-2.20825342298e-08	2.06299962647e-08	0.857782381102
Foreskin_Fibroblast_Primary_Cells_skin02__H3K4me1	-4.78059396214e-08	4.43829917868e-08	0.859287332209
Primary_T_helper_naive_cells_from_peripheral_blood_2__H3K4me3	-1.46299020298e-07	1.33830484627e-07	0.862839677902
Spleen_ENTEX__H3K36me3	-3.06424981833e-08	2.80142960633e-08	0.862982258484
Brain_Substantia_Nigra__H3K27ac	-3.92481062348e-08	3.55901295784e-08	0.864938783463
Primary_hematopoietic_stem_cells_G-CSF-mobilized_Male__H3K4me1	-4.00266692282e-08	3.61065352173e-08	0.866192420825
Primary_T_helper_memory_cells_from_peripheral_blood_2__H3K4me1	-4.75878292452e-08	4.23391686539e-08	0.869486491464
Primary_T_helper_17_cells_PMA-I_stimulated__H3K4me1	-5.59916614296e-08	4.97681594598e-08	0.869716049278
Pancreas__H3K36me3	-9.09329396255e-08	8.05014518835e-08	0.870673665825
Brain_Anterior_Caudate__H3K9ac	-1.0572903586e-07	9.33164755923e-08	0.871396178745
Primary_Natural_Killer_cells_from_peripheral_blood__DNase	-1.36921751225e-07	1.20801306039e-07	0.871486486763
Stomach_Mucosa__H3K36me3	-1.54683053739e-07	1.34247213282e-07	0.875385775843
Spleen_ENTEX__H3K27ac	-3.5207340562e-08	3.0396433736e-08	0.876623489516
Primary_T_helper_naive_cells_from_peripheral_blood_1__H3K27ac	-1.2858804522e-07	1.10474252683e-07	0.877780685014
Primary_T_helper_memory_cells_from_peripheral_blood_1__H3K4me1	-5.27271534142e-08	4.45117209428e-08	0.881905821863
Fetal_Kidney__H3K4me3	-2.64433496051e-07	2.21965616096e-07	0.883237261049
Prostate_ENTEX__H3K4me3	-2.9252791372e-07	2.43694273167e-07	0.885005841641
Adrenal_gland_ENTEX__H3K4me1	-5.70008795661e-08	4.74729220426e-08	0.885066783572
Vagina_ENTEX__H3K4me3	-2.20743344971e-07	1.80552294721e-07	0.889259707966
Primary_mononuclear_cells_from_peripheral_blood__H3K4me1	-1.63867774335e-07	1.32291327124e-07	0.892269600717
Brain_Substantia_Nigra__H3K4me1	-5.02809553201e-08	4.02328578378e-08	0.894304290073
Brain_Hippocampus_Middle__H3K4me1	-4.52942679014e-08	3.51370565277e-08	0.901313828614
Small_Intestine__H3K36me3	-1.82367133275e-07	1.39656943959e-07	0.904193480131
Adipose_Nuclei__H3K27ac	-4.86790813515e-08	3.72004984237e-08	0.904658268017
Brain_Angular_Gyrus__H3K9ac	-1.54753806922e-07	1.18094151253e-07	0.904974348624
Brain_Cingulate_Gyrus__H3K27ac	-5.49201111811e-08	4.17252372976e-08	0.905951981794
Brain_Dorsolateral_Prefrontal_Cortex__H3K4me1	-8.77454800945e-08	6.61930573791e-08	0.907513794841
Brain_Hippocampus_Middle__H3K27ac	-5.40033645607e-08	3.94912124769e-08	0.914262237002
Spleen__H3K27ac	-9.3240840977e-08	6.81473152981e-08	0.914379125981
Adipose_Nuclei__H3K9ac	-1.85488266759e-07	1.3270076532e-07	0.918912456068
Primary_T_helper_cells_PMA-I_stimulated__H3K27ac	-5.80955690133e-08	4.13496688511e-08	0.919986787306
Brain_Anterior_Caudate__H3K4me1	-6.44628773013e-08	4.56089157609e-08	0.921228465139
Lung__H3K27ac	-9.53421425597e-08	6.73784813549e-08	0.921469214524
Thyroid_gland_ENTEX__H3K4me3	-1.86088412992e-07	1.29799907736e-07	0.924164768973
Lung__H3K4me3	-3.07361178256e-07	2.10284254312e-07	0.928080904466
Fetal_Lung__H3K9ac	-1.97590229353e-07	1.34951169842e-07	0.928425007733
Primary_mononuclear_cells_from_peripheral_blood__H3K36me3	-7.57933971698e-08	5.1451146765e-08	0.929639830972
Primary_T_cells_from_peripheral_blood__DNase	-1.42172696289e-07	9.64015554875e-08	0.92986639618
Primary_T_killer_naive_cells_from_peripheral_blood__H3K4me3	-2.48072897068e-07	1.66513293369e-07	0.931862684265
Primary_T_helper_naive_cells_from_peripheral_blood_1__H3K4me3	-2.10028729274e-07	1.39286287617e-07	0.934208961134
Primary_mononuclear_cells_from_peripheral_blood__H3K4me3	-3.32646279374e-07	2.20414681338e-07	0.934374098066
Primary_T_killer_naive_cells_from_peripheral_blood__H3K36me3	-1.13246182432e-07	7.4296905747e-08	0.936275391566
Fetal_Thymus__DNase	-1.26524360636e-07	8.29492548299e-08	0.936410654605
Lung_ENTEX__H3K4me1	-7.02656060109e-08	4.58793404378e-08	0.937180824223
Primary_hematopoietic_stem_cells_short_term_culture__H3K4me1	-6.73443313932e-08	4.31041213015e-08	0.940898879552
Stomach_ENTEX__H3K4me3	-2.12367368026e-07	1.34305452755e-07	0.94308689388
Breast_variant_Human_Mammary_Epithelial_Cells_(vHMEC)__DNase	-1.44397682775e-07	9.10049047886e-08	0.943709946246
Fetal_Kidney__H3K4me1	-2.16790402943e-07	1.36265777534e-07	0.94418823469
Primary_neutrophils_from_peripheral_blood__H3K4me1	-4.74679802941e-08	2.94030910252e-08	0.946778290786
Primary_T_cells_from_cord_blood__H3K4me3	-3.45733415642e-07	2.10849495655e-07	0.949467945878
Primary_T_killer_memory_cells_from_peripheral_blood__H3K4me3	-2.45744861922e-07	1.49546966091e-07	0.94983564214
Esophagus__H3K4me3	-3.11102147772e-07	1.89287347552e-07	0.949864819874
Stomach_ENTEX__H3K36me3	-7.85352051233e-08	4.72092937348e-08	0.951899195373
Primary_T_killer_memory_cells_from_peripheral_blood__H3K36me3	-1.13371644542e-07	6.80503920075e-08	0.952142841247
Primary_hematopoietic_stem_cells_G-CSF-mobilized_Female__H3K4me3	-2.38169869814e-07	1.42186742121e-07	0.953037766573
Primary_T_cells_from_cord_blood__H3K36me3	-1.51393829797e-07	8.93320130087e-08	0.954936873113
Psoas_Muscle__H3K4me3	-3.62867404681e-07	2.13665574372e-07	0.955274051698
Primary_T_regulatory_cells_from_peripheral_blood__H3K36me3	-7.08870953895e-08	4.1108030152e-08	0.957683066882
Primary_hematopoietic_stem_cells_short_term_culture__H3K4me3	-2.73786417378e-07	1.56620430659e-07	0.959775672139
Skin_tissue_ENTEX__H3K4me3	-2.85251195687e-07	1.61365116333e-07	0.961447615818
Brain_Inferior_Temporal_Lobe__H3K4me1	-1.06634367762e-07	5.96156913829e-08	0.963168131988
Fetal_Kidney__H3K9ac	-3.81921409806e-07	2.12417675685e-07	0.963909417977
Spleen_ENTEX__H3K4me1	-2.29622578422e-07	1.26822892535e-07	0.964896801734
Primary_T_helper_naive_cells_from_peripheral_blood_2__H3K36me3	-1.07052109211e-07	5.64723578774e-08	0.970997162222
Gastric__H3K4me3	-3.1458767969e-07	1.57417955663e-07	0.97716459559
Gastric__DNase	-3.2424516121e-07	1.61604376571e-07	0.977593911699
Primary_T_helper_memory_cells_from_peripheral_blood_1__H3K36me3	-1.34638207715e-07	6.69857360889e-08	0.977781939191
Primary_monocytes_from_peripheral_blood__DNase	-2.94712020897e-07	1.4192394609e-07	0.981078395501
Lung_ENTEX__H3K4me3	-4.04672929007e-07	1.9228677129e-07	0.982333800487
Primary_T_cells_from_peripheral_blood__H3K36me3	-1.07583189724e-07	4.68980399963e-08	0.989104190871
Primary_T_helper_cells_PMA-I_stimulated__H3K36me3	-1.17228401042e-07	4.9985083104e-08	0.99049328876
Primary_T_cells_from_cord_blood__DNase	-3.58342248913e-07	1.5262368589e-07	0.990559723272
Primary_T_helper_cells_from_peripheral_blood__H3K36me3	-1.09870076007e-07	4.62793586929e-08	0.991203206719
Primary_T_cells_effector_memory_enriched_from_peripheral_blood__H3K36me3	-1.31989013881e-07	5.25257542929e-08	0.994011881899
Primary_hematopoietic_stem_cells_G-CSF-mobilized_Male__DNase	-3.43158626389e-07	1.3085513854e-07	0.995634758126
Primary_T_helper_naive_cells_from_peripheral_blood_1__H3K36me3	-1.80096183249e-07	6.57852349091e-08	0.996905895927
Primary_T_helper_memory_cells_from_peripheral_blood_2__H3K36me3	-2.46094672599e-07	8.78588471425e-08	0.997452957475
Lung_ENTEX__H3K27ac	-1.11833862256e-07	3.64491757978e-08	0.998923287357
Primary_T_helper_17_cells_PMA-I_stimulated__H3K36me3	-1.60860679077e-07	5.15565030834e-08	0.999096006126
