Name	Coefficient	Coefficient_std_error	Coefficient_P_value
Brain_Substantia_Nigra__H3K36me3	2.86329901902e-07	1.15620682551e-07	0.00663463968812
Adrenal_gland_ENTEX__H3K27ac	8.81480054883e-08	3.60500414932e-08	0.00723945813067
Duodenum_Smooth_Muscle__H3K36me3	1.57216918642e-07	6.46495188681e-08	0.00751128866673
Brain_Cingulate_Gyrus__H3K4me3	3.39933760706e-07	1.46247561667e-07	0.0100527781922
Adrenal_gland_ENTEX__H3K36me3	1.1266123795e-07	4.88816412984e-08	0.0105895585197
Foreskin_Fibroblast_Primary_Cells_skin02__H3K4me3	1.80463727609e-07	7.95268847386e-08	0.011627578403
Ganglion_Eminence_derived_primary_cultured_neurospheres__H3K36me3	1.06321032483e-07	4.83416431174e-08	0.0139259054296
Brain_Inferior_Temporal_Lobe__H3K4me3	3.3185524333e-07	1.52401644546e-07	0.0147214789524
Brain_Cingulate_Gyrus__H3K36me3	1.43856690027e-07	6.91134408721e-08	0.0186960250429
Brain_Inferior_Temporal_Lobe__H3K36me3	1.20002930913e-07	5.76947391369e-08	0.0187644568306
Foreskin_Fibroblast_Primary_Cells_skin01__H3K4me3	2.1027253125e-07	1.01459075311e-07	0.0191100619556
NHEK-Epidermal_Keratinocyte_Primary_Cells__H3K36me3	9.07613158959e-08	4.41143152555e-08	0.0198233121013
Breast_Myoepithelial_Primary_Cells__H3K36me3	8.64241871254e-08	4.23647541944e-08	0.0206750587529
Placenta_Amnion__H3K36me3	1.54429417728e-07	7.60145338581e-08	0.0210982224945
Brain_Anterior_Caudate__H3K36me3	1.30265599876e-07	6.46051558322e-08	0.0218825086278
Fetal_Adrenal_Gland__H3K27ac	7.6283625043e-08	3.78804917675e-08	0.0220154193683
Cortex_derived_primary_cultured_neurospheres__H3K4me3	3.55830362032e-07	1.85696098187e-07	0.0276699934394
Breast_variant_Human_Mammary_Epithelial_Cells_(vHMEC)__H3K36me3	5.93535384843e-08	3.14668876934e-08	0.0296325168795
Osteoblast_Primary_Cells__H3K36me3	7.89643408629e-08	4.21040050001e-08	0.0303647930633
Esoph-Muscularis_ENTEX__H3K36me3	9.24882506221e-08	5.01700013209e-08	0.0326282342902
NHDF-Ad_Adult_Dermal_Fibroblast_Primary_Cells__H3K36me3	2.69459241851e-07	1.49323248857e-07	0.0355736270454
Placenta__H3K36me3	1.01284276385e-07	5.63377362951e-08	0.0361039399425
HMEC_Mammary_Epithelial_Primary_Cells__H3K36me3	1.27525088013e-07	7.12926307836e-08	0.0368270972953
Psoas_Muscle__H3K36me3	1.96993185721e-07	1.13639923578e-07	0.0415046859637
Pancreas__H3K4me3	3.39354266925e-07	1.98092224698e-07	0.0433459221135
Fetal_Lung__H3K36me3	7.39911690168e-08	4.35975410975e-08	0.0448350150737
Adrenal_gland_ENTEX__H3K4me1	8.14799447939e-08	4.87616272734e-08	0.0473623263157
Fetal_Intestine_Large__H3K36me3	8.16013200405e-08	4.90404710945e-08	0.0480603384509
Stomach_Mucosa__H3K36me3	1.96102445859e-07	1.18320139459e-07	0.0487204711462
Foreskin_Melanocyte_Primary_Cells_skin01__H3K4me3	3.12562913874e-07	1.98706445362e-07	0.0578607635831
Aorta__H3K4me3	3.33302072283e-07	2.13327695042e-07	0.0590975107233
Colon_Smooth_Muscle__H3K9ac	1.87960405408e-07	1.20561922911e-07	0.0594939030436
Ovary__H3K36me3	1.053827464e-07	6.77932251555e-08	0.0600358014739
Brain_Angular_Gyrus__H3K4me3	2.68976933183e-07	1.75117117885e-07	0.0622712629279
Fetal_Adrenal_Gland__H3K4me1	6.07787921818e-08	3.97156758372e-08	0.0629653466693
Adrenal_gland_ENTEX__H3K4me3	1.74122797539e-07	1.13905322886e-07	0.0631740645712
Brain_Substantia_Nigra__H3K4me3	2.48859809983e-07	1.63565072088e-07	0.0640706146606
Foreskin_Fibroblast_Primary_Cells_skin02__H3K27ac	8.94146508784e-08	5.94005963078e-08	0.0661257901203
Foreskin_Melanocyte_Primary_Cells_skin01__H3K36me3	1.33611511065e-07	8.97419430369e-08	0.0682645820794
Pancreatic_Islets__H3K4me3	2.97775924073e-07	2.02590214315e-07	0.0708020627298
Aorta_ENTEX__H3K36me3	4.98475276338e-08	3.44346920686e-08	0.0738650143906
Aorta__H3K4me1	1.47254250868e-07	1.01750946502e-07	0.0739200715338
Thymus__H3K4me1	8.99075078979e-08	6.21624522921e-08	0.0740421335319
Placenta_Amnion__H3K4me1	6.47122243324e-08	4.50519389526e-08	0.0754454784135
Brain_Angular_Gyrus__H3K9ac	1.71669568426e-07	1.19856219829e-07	0.0760295825513
Fetal_Brain_Female__H3K36me3	7.13355900925e-08	4.99942910238e-08	0.0768080041405
Foreskin_Melanocyte_Primary_Cells_skin01__H3K4me1	1.29648759716e-07	9.31010796748e-08	0.0818765726542
Brain_Angular_Gyrus__H3K36me3	9.37663590142e-08	6.75059256867e-08	0.0824149600743
Breast_Myoepithelial_Primary_Cells__H3K4me1	4.25620006418e-08	3.06540031341e-08	0.0824977964179
Placenta__H3K4me3	2.78075385801e-07	2.0170706012e-07	0.0840075038658
Brain_Dorsolateral_Prefrontal_Cortex__H3K36me3	9.16229047337e-08	6.7406700818e-08	0.0870328765535
liver_ENTEX__H3K4me1	1.97477848667e-07	1.45843262106e-07	0.0878615479474
Fetal_Brain_Female__H3K4me3	2.03222235923e-07	1.50362084963e-07	0.0882592741106
Brain_Germinal_Matrix__H3K4me3	2.4145639367e-07	1.79804500297e-07	0.0896549427649
Fetal_Adrenal_Gland__H3K4me3	3.30470332452e-07	2.47378462197e-07	0.0907926687768
Brain_Hippocampus_Middle__H3K36me3	8.66397672449e-08	6.49366198844e-08	0.0910658070616
Rectal_Smooth_Muscle__H3K4me3	2.01239006529e-07	1.52034816362e-07	0.0928117079709
Cortex_derived_primary_cultured_neurospheres__H3K36me3	6.98374824733e-08	5.44262032775e-08	0.0997181565595
Foreskin_Keratinocyte_Primary_Cells_skin02__H3K36me3	5.94687527385e-08	4.83549408932e-08	0.109378852961
Fetal_Stomach__H3K4me3	2.74259063067e-07	2.26838281392e-07	0.113321616025
NHLF_Lung_Fibroblast_Primary_Cells__H3K4me3	2.41468083569e-07	2.02699422013e-07	0.116775407523
Fetal_Brain_Male__H3K36me3	2.2613222643e-07	1.9270892613e-07	0.120309843533
Foreskin_Keratinocyte_Primary_Cells_skin02__H3K4me1	6.22847016028e-08	5.33876177005e-08	0.121675729694
Thymus__H3K4me3	1.91902069798e-07	1.65028732113e-07	0.12244713988
Brain_Dorsolateral_Prefrontal_Cortex__H3K4me3	2.12645405715e-07	1.83193413874e-07	0.122867737857
Foreskin_Melanocyte_Primary_Cells_skin03__H3K4me3	2.28295130113e-07	1.96739022877e-07	0.122943853918
Stomach_ENTEX__H3K4me3	1.53520033222e-07	1.32309140495e-07	0.12296066988
Thyroid_gland_ENTEX__H3K36me3	5.18949415408e-08	4.47756845792e-08	0.123228442491
Ganglion_Eminence_derived_primary_cultured_neurospheres__H3K4me3	1.58330311131e-07	1.37513937595e-07	0.124788696232
SI-Term-Ileum_ENTEX__H3K4me3	1.53892550586e-07	1.3400798356e-07	0.12540515125
Adipose_Nuclei__H3K36me3	6.49676687187e-08	5.69859531346e-08	0.127129691259
Colon-TV_ENTEX__H3K27ac	4.71319609636e-08	4.17314426732e-08	0.129362193966
Esoph-Muscularis_ENTEX__H3K4me3	1.66037188789e-07	1.47840275135e-07	0.130700707536
Brain_Angular_Gyrus__H3K27ac	5.37067356427e-08	4.79617315489e-08	0.131403104876
Colonic_Mucosa__H3K27ac	8.96157709936e-08	8.11060773092e-08	0.134597010009
Foreskin_Keratinocyte_Primary_Cells_skin02__H3K4me3	1.68454308637e-07	1.52535755745e-07	0.134718614208
Fetal_Thymus__H3K4me1	3.83500259733e-08	3.50000825064e-08	0.136602317405
Left_Ventricle__H3K36me3	8.26595661273e-08	7.63673588863e-08	0.139538760938
Primary_Natural_Killer_cells_from_peripheral_blood__DNase	1.23693978242e-07	1.17167980471e-07	0.145553153194
Spleen_ENTEX__H3K4me3	5.52507024598e-08	5.26513973476e-08	0.147004342351
Fetal_Muscle_Leg__H3K36me3	5.94363998843e-08	5.68071015151e-08	0.147714808813
Aorta_ENTEX__H3K4me3	6.91762674847e-08	6.77765539916e-08	0.153709699372
Rectal_Mucosa_Donor_31__H3K9ac	1.01240842626e-07	1.00599921101e-07	0.157118570533
Rectal_Mucosa_Donor_31__H3K36me3	6.36544801427e-08	6.35644752691e-08	0.15831287518
Ovary__H3K4me3	1.73414915563e-07	1.74447728066e-07	0.160092075044
Primary_T_helper_naive_cells_from_peripheral_blood_2__H3K4me1	3.91795055549e-08	3.96085438401e-08	0.161290466997
Brain_Hippocampus_Middle__H3K4me3	1.21903096985e-07	1.2375550243e-07	0.162304242062
Foreskin_Keratinocyte_Primary_Cells_skin03__H3K4me3	1.25529497598e-07	1.28980800605e-07	0.165216587489
Skeletal_Muscle_Female__H3K36me3	5.9258747757e-08	6.09039609706e-08	0.165279940829
Foreskin_Fibroblast_Primary_Cells_skin01__H3K36me3	3.46649388716e-08	3.62859385265e-08	0.169706164326
Breast_Myoepithelial_Primary_Cells__H3K9ac	1.21534693205e-07	1.27778483863e-07	0.170767716289
Placenta__DNase	6.70876848087e-08	7.09449890045e-08	0.172168759025
Primary_T_cells_from_peripheral_blood__H3K4me1	4.1620593633e-08	4.40503422481e-08	0.172369887947
Pancreas__H3K27ac	9.34493261837e-08	1.02724019311e-07	0.181487070587
Stomach_Smooth_Muscle__H3K9ac	1.34987875435e-07	1.50167343604e-07	0.184348618035
Brain_Substantia_Nigra__H3K27ac	3.37754993722e-08	3.81199470561e-08	0.187800096345
Foreskin_Melanocyte_Primary_Cells_skin01__DNase	6.81726812391e-08	7.70198891911e-08	0.188043026834
Esoph-GJ_ENTEX__H3K27ac	3.95820451308e-08	4.47397946775e-08	0.188154713373
Primary_T_killer_memory_cells_from_peripheral_blood__H3K4me1	4.05888725355e-08	4.63676109613e-08	0.190685974888
Rectal_Mucosa_Donor_31__H3K4me3	1.19235778801e-07	1.38740035204e-07	0.195054781946
NHLF_Lung_Fibroblast_Primary_Cells__DNase	9.16955060803e-08	1.06700534353e-07	0.195067515465
Primary_T_cells_from_cord_blood__DNase	9.6641040915e-08	1.13107953653e-07	0.196437767388
Brain_Inferior_Temporal_Lobe__H3K9ac	7.91185970934e-08	9.36620614726e-08	0.199132460618
Brain_Anterior_Caudate__H3K4me3	1.20927226345e-07	1.44344549272e-07	0.201080542117
Brain_Germinal_Matrix__H3K36me3	5.78086285182e-08	6.92932426704e-08	0.202067048828
Brain_Dorsolateral_Prefrontal_Cortex__H3K9ac	1.04974323505e-07	1.3263311483e-07	0.214336664485
Liver__H3K36me3	2.70098422794e-08	3.42683266132e-08	0.215293728058
Pancreas_ENTEX__H3K27ac	2.62126197136e-08	3.34013302467e-08	0.216291953379
Brain_Cingulate_Gyrus__H3K27ac	3.1803723251e-08	4.15444284948e-08	0.221976450835
Primary_hematopoietic_stem_cells_G-CSF-mobilized_Female__DNase	8.94004836168e-08	1.177936458e-07	0.223938704192
Primary_T_cells_from_peripheral_blood__DNase	6.75700634984e-08	8.97980346291e-08	0.22588511461
Rectal_Smooth_Muscle__H3K27ac	3.58132213407e-08	4.79237323406e-08	0.227442403759
Fetal_Lung__DNase	5.86842263876e-08	7.90813138154e-08	0.229021099472
Colon-TV_ENTEX__H3K4me3	1.17161861668e-07	1.57936905939e-07	0.229096078732
Brain_Cingulate_Gyrus__H3K9ac	8.01332054475e-08	1.09100734622e-07	0.231325615547
Stomach_ENTEX__H3K36me3	3.14701667718e-08	4.35706297372e-08	0.235061368535
Primary_T_helper_naive_cells_from_peripheral_blood_1__H3K4me1	3.15300394687e-08	4.39233899379e-08	0.236427459231
Primary_hematopoietic_stem_cells_G-CSF-mobilized_Female__H3K4me1	2.6261453273e-08	3.6750144418e-08	0.23742980365
HMEC_Mammary_Epithelial_Primary_Cells__H3K4me1	3.12492499538e-08	4.4252956906e-08	0.240047258583
Rectal_Mucosa_Donor_29__H3K36me3	4.83661779186e-08	6.86061463714e-08	0.240410357785
Brain_Dorsolateral_Prefrontal_Cortex__H3K27ac	3.7332140931e-08	5.3195294261e-08	0.241403805373
Fetal_Brain_Male__DNase	7.13590574296e-08	1.01895651916e-07	0.241865290953
NHDF-Ad_Adult_Dermal_Fibroblast_Primary_Cells__H3K9ac	9.93544712484e-08	1.42659610872e-07	0.243075317551
Breast_Myoepithelial_Primary_Cells__H3K4me3	8.14161859193e-08	1.17943910156e-07	0.245004094008
Vagina_ENTEX__H3K36me3	1.08980042671e-07	1.59807244371e-07	0.247636288124
Colon_Smooth_Muscle__H3K36me3	5.28769734517e-08	7.75942458076e-08	0.247791870054
Placenta_Amnion__H3K4me3	1.74937710975e-07	2.5765140203e-07	0.248578264964
Rectal_Smooth_Muscle__H3K9ac	1.32583471274e-07	1.99703240288e-07	0.253376372805
Gastric__H3K27ac	6.4532939073e-08	9.78496881202e-08	0.254783864
Spleen_ENTEX__H3K4me1	7.52928064604e-08	1.14426330738e-07	0.255268277048
Pancreatic_Islets__H3K9ac	1.35813465345e-07	2.07110758479e-07	0.255991586487
Foreskin_Keratinocyte_Primary_Cells_skin03__H3K27ac	3.33769071164e-08	5.09233715217e-08	0.256094195918
NHLF_Lung_Fibroblast_Primary_Cells__H3K36me3	6.62421402417e-08	1.02215380337e-07	0.258471677256
Prostate_ENTEX__H3K36me3	2.29622427233e-07	3.56913828945e-07	0.259996768971
Pancreas__DNase	8.35722734663e-08	1.31417756217e-07	0.262411570217
Fetal_Thymus__H3K4me3	1.03547110526e-07	1.63621528558e-07	0.263417345233
Brain_Substantia_Nigra__H3K9ac	6.96770427511e-08	1.14242750053e-07	0.270962896966
Foreskin_Fibroblast_Primary_Cells_skin02__H3K4me1	2.52550492416e-08	4.16527104121e-08	0.272149722621
Breast_variant_Human_Mammary_Epithelial_Cells_(vHMEC)__H3K4me1	2.67931892441e-08	4.50883469945e-08	0.276176617626
Thymus__H3K27ac	5.86392098589e-08	9.95036254798e-08	0.277824214308
Foreskin_Keratinocyte_Primary_Cells_skin03__H3K36me3	1.6118730057e-08	2.74103701506e-08	0.278248608495
Brain_Inferior_Temporal_Lobe__H3K27ac	2.24401304216e-08	3.8437094385e-08	0.279672583755
Foreskin_Keratinocyte_Primary_Cells_skin03__H3K4me1	2.30799491441e-08	4.00913999379e-08	0.282414634926
Aorta__H3K36me3	8.53652149659e-08	1.49047879473e-07	0.283411436904
Fetal_Brain_Male__H3K4me3	1.68484812766e-07	2.97831494729e-07	0.285797114161
Esoph-Muscularis_ENTEX__H3K27ac	2.63979467492e-08	4.76498594518e-08	0.289789964244
Colon-Sigm_ENTEX__H3K4me1	1.40834020495e-07	2.55107722776e-07	0.290454628674
Primary_Natural_Killer_cells_from_peripheral_blood__H3K4me1	2.87345554099e-08	5.24189751035e-08	0.291787289511
Colonic_Mucosa__H3K9ac	8.15627246064e-08	1.49523121874e-07	0.292709756931
Rectal_Mucosa_Donor_31__H3K27ac	3.27752589459e-08	6.0414165048e-08	0.2937337797
Primary_hematopoietic_stem_cells__H3K4me1	4.61882050979e-08	8.61209278116e-08	0.295869390882
Duodenum_Mucosa__H3K9ac	6.78505329725e-08	1.26822304117e-07	0.296323292174
Brain_Substantia_Nigra__H3K4me1	2.32765735843e-08	4.35845336258e-08	0.296651459533
Brain_Hippocampus_Middle__H3K27ac	2.15228235258e-08	4.10959123807e-08	0.300236039587
Fetal_Muscle_Trunk__H3K36me3	3.04091931179e-08	5.83364098549e-08	0.301088316969
Fetal_Adrenal_Gland__DNase	4.66480258353e-08	9.1458673429e-08	0.305010018705
Lung__H3K4me1	3.63947206546e-08	7.25185435312e-08	0.307880264502
Right_Ventricle__H3K4me3	8.63235659505e-08	1.74882254288e-07	0.310790946961
Foreskin_Fibroblast_Primary_Cells_skin01__H3K27ac	2.74362681711e-08	5.59348210484e-08	0.311888556999
Fetal_Thymus__H3K27ac	2.65741950115e-08	5.50646490964e-08	0.314689919496
Breast_variant_Human_Mammary_Epithelial_Cells_(vHMEC)__DNase	4.1821912757e-08	8.70918709049e-08	0.31554097558
Fetal_Thymus__DNase	3.77198746013e-08	7.89076657007e-08	0.316316035694
Colon-Sigm_ENTEX__H3K27ac	2.53790053341e-08	5.38926202067e-08	0.318849643988
Primary_hematopoietic_stem_cells_G-CSF-mobilized_Male__DNase	6.66628901404e-08	1.42925481345e-07	0.320458482874
Duodenum_Smooth_Muscle__H3K27ac	3.65917733206e-08	7.85529033439e-08	0.320670989861
HMEC_Mammary_Epithelial_Primary_Cells__H3K9ac	4.12424577772e-08	9.03575224195e-08	0.324038115589
Foreskin_Fibroblast_Primary_Cells_skin02__H3K36me3	2.00573768928e-08	4.46345802423e-08	0.326582905032
Stomach_ENTEX__H3K27ac	1.84578445987e-08	4.17848493972e-08	0.329340367176
Primary_neutrophils_from_peripheral_blood__H3K36me3	1.28130622587e-08	2.91372861625e-08	0.330059829844
Aorta_ENTEX__H3K4me1	1.06305962011e-08	2.44464211486e-08	0.331834615931
Ovary__DNase	3.9149128354e-08	9.1243820555e-08	0.333939562277
Foreskin_Melanocyte_Primary_Cells_skin03__H3K4me1	1.23150857935e-08	2.96348072336e-08	0.33886544148
Ovary__H3K27ac	2.89278047271e-08	7.06347058326e-08	0.341071359709
Adipose_Nuclei__H3K27ac	1.24757078659e-08	3.10576343047e-08	0.343954116639
Stomach_Smooth_Muscle__H3K36me3	2.84685805082e-08	7.3316192621e-08	0.348897508554
Primary_T_killer_naive_cells_from_peripheral_blood__H3K4me1	1.52325291532e-08	3.93345645678e-08	0.349283507809
Testis_ENTEX__H3K4me3	3.13699976692e-08	8.40813954283e-08	0.354540421409
Primary_T_regulatory_cells_from_peripheral_blood__H3K4me1	1.88729177154e-08	5.07233692818e-08	0.354918357224
Primary_T_helper_cells_PMA-I_stimulated__H3K4me1	1.26435871059e-08	3.41754310015e-08	0.355705660475
Duodenum_Mucosa__H3K36me3	2.09214027794e-08	5.70150519245e-08	0.356829926845
Spleen__H3K27ac	2.35261641703e-08	6.44873277103e-08	0.357623481942
Brain_Cingulate_Gyrus__H3K4me1	1.73315130155e-08	4.85118944616e-08	0.360447400962
Mammary_ENTEX__H3K4me3	3.67481152245e-08	1.03405313263e-07	0.361152700421
Stomach_Smooth_Muscle__H3K27ac	1.44295629372e-08	4.12324908495e-08	0.36318581066
Primary_T_helper_cells_from_peripheral_blood__H3K4me1	1.41710246706e-08	4.07714877489e-08	0.36408084515
Osteoblast_Primary_Cells__H3K4me3	3.98348075524e-08	1.1485077406e-07	0.364355876538
Primary_hematopoietic_stem_cells_G-CSF-mobilized_Male__H3K4me1	1.33582809821e-08	3.99848737702e-08	0.369158328067
Primary_hematopoietic_stem_cells_short_term_culture__H3K4me1	1.62327533213e-08	4.94720652365e-08	0.371410624643
Primary_hematopoietic_stem_cells_G-CSF-mobilized_Female__H3K4me3	5.36352731796e-08	1.65482264276e-07	0.372925510469
Fetal_Intestine_Small__H3K4me3	5.75678381392e-08	1.84395888995e-07	0.377445416703
Rectal_Mucosa_Donor_29__H3K4me1	2.43606514096e-08	7.86793791381e-08	0.378425252827
Mammary_ENTEX__H3K4me1	2.77820648156e-08	9.35536695801e-08	0.383247025946
Primary_Natural_Killer_cells_from_peripheral_blood__H3K27ac	1.85956636761e-08	6.30872974559e-08	0.384088298318
Brain_Germinal_Matrix__H3K4me1	2.81891434909e-08	9.64322577508e-08	0.385020723011
Primary_B_cells_from_cord_blood__H3K4me1	1.36218787161e-08	4.6777626544e-08	0.385447269559
Esoph-Mucosa_ENTEX__H3K27ac	1.54707114104e-08	5.3448316319e-08	0.386117829626
NHDF-Ad_Adult_Dermal_Fibroblast_Primary_Cells__H3K4me3	5.36584593295e-08	1.90165807038e-07	0.388907843185
Esoph-Muscularis_ENTEX__H3K4me1	9.91125611733e-09	3.60290140344e-08	0.391623177689
Osteoblast_Primary_Cells__H3K27ac	1.08209190192e-08	3.96441226777e-08	0.392445285041
Fetal_Stomach__H3K27ac	1.74986786069e-08	6.51557395891e-08	0.394131472028
HMEC_Mammary_Epithelial_Primary_Cells__H3K27ac	1.40144421074e-08	5.37064964324e-08	0.397067457998
Fetal_Kidney__H3K36me3	3.65407668176e-08	1.41275702914e-07	0.397953179677
Adipose_Nuclei__H3K4me1	1.05561009014e-08	4.19848534848e-08	0.400742226345
Aorta_ENTEX__H3K27ac	5.44070618897e-09	2.18586527064e-08	0.401717518859
Artery-Coronary_ENTEX__H3K27ac	9.36554562372e-09	3.78155714267e-08	0.402197296923
Fetal_Muscle_Trunk__H3K4me3	5.72184386386e-08	2.31259506305e-07	0.402291244742
Mammary_ENTEX__H3K27ac	9.24763624296e-09	3.85178391979e-08	0.405131367936
Mammary_ENTEX__H3K36me3	1.10047490679e-08	4.68033183048e-08	0.407054872229
Brain_Anterior_Caudate__H3K27ac	9.47334226518e-09	4.10508669329e-08	0.408746425438
NHLF_Lung_Fibroblast_Primary_Cells__H3K9ac	3.61347286693e-08	1.69833611288e-07	0.415754947755
Rectal_Mucosa_Donor_29__H3K27ac	1.30832749205e-08	6.50788654997e-08	0.420334731074
Small_Intestine__H3K27ac	1.56873906947e-08	8.25110520356e-08	0.424605699663
Brain_Angular_Gyrus__H3K4me1	1.00787626095e-08	5.33314280675e-08	0.425052854785
Fetal_Stomach__H3K36me3	6.78549223546e-09	3.6852501506e-08	0.426957427
Small_Intestine__DNase	1.78691466734e-08	9.98628866234e-08	0.42899365831
Heart-LV_ENTEX__H3K36me3	1.12046391644e-08	6.55863530252e-08	0.43217558757
Stomach_Smooth_Muscle__H3K4me3	1.62389949059e-08	9.65112484928e-08	0.433189320406
Colon-TV_ENTEX__H3K4me1	1.64969541879e-08	1.05916474621e-07	0.438113317984
NHLF_Lung_Fibroblast_Primary_Cells__H3K4me1	1.13430684543e-08	7.31337519443e-08	0.438371114284
SI-Term-Ileum_ENTEX__H3K27ac	6.35596264166e-09	4.47435291356e-08	0.443518981957
Placenta_Amnion__H3K27ac	1.34476064468e-08	9.69466080344e-08	0.444839077255
Foreskin_Fibroblast_Primary_Cells_skin01__H3K4me1	5.31940399639e-09	3.8390751308e-08	0.444899117309
Liver__H3K4me1	4.82983653219e-09	3.55825607006e-08	0.446014970572
Fetal_Kidney__DNase	1.3955626773e-08	1.06607725943e-07	0.44792470128
Heart-Atrial_ENTEX__H3K4me1	2.33735095893e-08	1.81617634245e-07	0.448798998943
Primary_T_cells_effector_memory_enriched_from_peripheral_blood__H3K4me1	8.95170604465e-09	7.18094402801e-08	0.450396686873
Nerve-Tibial_ENTEX__H3K4me1	5.14603422647e-09	4.18899244893e-08	0.451114291518
Primary_T_helper_17_cells_PMA-I_stimulated__H3K4me1	5.970831616e-09	4.88374612152e-08	0.451346849899
liver_ENTEX__H3K4me3	9.44764026194e-09	8.02929912686e-08	0.453166720525
Primary_hematopoietic_stem_cells__H3K36me3	9.70511857823e-09	8.448383631e-08	0.454271922793
NHEK-Epidermal_Keratinocyte_Primary_Cells__DNase	8.67168236327e-09	7.85827538152e-08	0.456065521681
Stomach_Mucosa__H3K4me1	4.47961962837e-09	4.4418318808e-08	0.45983447991
Colonic_Mucosa__H3K4me3	1.68331133224e-08	1.70925207414e-07	0.460774649695
Testis_ENTEX__H3K27ac	2.8421125464e-09	3.05142185556e-08	0.462895932756
Primary_T_helper_naive_cells_from_peripheral_blood_1__H3K27ac	9.21148084424e-09	1.01187880607e-07	0.463733010096
Sigmoid_Colon__H3K4me3	2.22233244438e-08	2.5287185403e-07	0.464984539829
Esoph-GJ_ENTEX__H3K4me3	1.11989846084e-08	1.35647754085e-07	0.467100979435
NHDF-Ad_Adult_Dermal_Fibroblast_Primary_Cells__H3K27ac	6.41360956322e-09	8.10134173777e-08	0.468449796288
Adipose_Nuclei__H3K9ac	7.57398508113e-09	1.07582948796e-07	0.471937107465
Heart-LV_ENTEX__H3K27ac	2.68167337977e-09	3.81573128825e-08	0.471985635802
Lung_ENTEX__H3K4me3	1.34842181928e-08	1.9470149504e-07	0.472392982611
Primary_T_cells_from_cord_blood__H3K4me1	5.10890682705e-09	7.41581156352e-08	0.472537761436
Lung__H3K4me3	1.16691044273e-08	1.77550300569e-07	0.473799256503
Fetal_Heart__H3K36me3	8.38866317968e-09	1.32962555054e-07	0.474847252205
Fetal_Intestine_Large__DNase	4.98516600627e-09	9.83609569395e-08	0.479789314295
Placenta__H3K27ac	1.76983600361e-09	4.02617007427e-08	0.482468820917
Fetal_Thymus__H3K36me3	9.37216686786e-10	3.48595534939e-08	0.489275527485
HMEC_Mammary_Epithelial_Primary_Cells__DNase	2.24526362056e-09	8.95900380164e-08	0.490002941706
Primary_B_cells_from_peripheral_blood__DNase	1.9710414008e-09	9.10259680439e-08	0.491362131891
liver_ENTEX__H3K27ac	1.66078152847e-10	3.13978839218e-08	0.497889816771
Primary_monocytes_from_peripheral_blood__H3K27ac	4.7852586576e-11	6.42891695838e-08	0.499703053899
Primary_B_cells_from_peripheral_blood__H3K4me1	-2.18436859519e-10	3.61420025409e-08	0.502411132815
Fetal_Lung__H3K4me1	-3.82748914438e-10	4.10420489285e-08	0.503720392024
Pancreatic_Islets__H3K4me1	-6.19309166278e-10	5.0164926759e-08	0.504925001414
Right_Atrium__H3K36me3	-2.49575173793e-09	1.38425145504e-07	0.507192385068
Psoas_Muscle__DNase	-1.82856239439e-09	8.63051639821e-08	0.508451826564
Pancreatic_Islets__H3K27ac	-3.54065399868e-09	1.30516590881e-07	0.510821178657
Stomach_Mucosa__H3K9ac	-3.5227131031e-09	1.08027275921e-07	0.513006994344
Rectal_Mucosa_Donor_29__H3K9ac	-4.61710927392e-09	1.36092348772e-07	0.513532037861
Brain_Hippocampus_Middle__H3K4me1	-1.29476209465e-09	3.48543935712e-08	0.514816398022
Left_Ventricle__H3K4me1	-2.28897766608e-09	5.58573669592e-08	0.516343671506
Esoph-GJ_ENTEX__H3K4me1	-2.20220975398e-09	4.22974045085e-08	0.520761506023
Fetal_Adrenal_Gland__H3K36me3	-2.58635928426e-09	4.35294892039e-08	0.523689717334
SI-Term-Ileum_ENTEX__H3K4me1	-3.73003799158e-09	6.26615161995e-08	0.52373373014
Primary_neutrophils_from_peripheral_blood__H3K4me3	-4.55310302678e-09	6.99458652571e-08	0.525950687978
Primary_monocytes_from_peripheral_blood__H3K4me1	-2.57126465833e-09	3.45681610716e-08	0.529646965185
Rectal_Smooth_Muscle__H3K36me3	-1.01789085668e-08	1.25208261379e-07	0.532396651839
Ovary_ENTEX__H3K36me3	-1.69604409038e-08	2.0627216951e-07	0.532765547605
Fetal_Brain_Female__DNase	-8.8761694242e-09	1.04734457805e-07	0.533769639687
Colonic_Mucosa__H3K36me3	-8.54232179365e-09	9.84371462164e-08	0.534576590298
Lung__H3K27ac	-5.80307383193e-09	6.16027137229e-08	0.53752549074
Ganglion_Eminence_derived_primary_cultured_neurospheres__H3K4me1	-6.78798225264e-09	7.13648706979e-08	0.537888884573
Stomach_Smooth_Muscle__H3K4me1	-4.62641994872e-09	4.72409412769e-08	0.539007023932
Fetal_Brain_Male__H3K4me1	-5.37388166876e-09	4.30862057676e-08	0.549628950987
Primary_T_cells_from_peripheral_blood__H3K27ac	-7.54539037223e-09	5.95796251091e-08	0.550388837315
Fetal_Kidney__H3K4me1	-1.63390940827e-08	1.26099152147e-07	0.551548019598
Pancreas__H3K4me1	-8.0157996586e-09	6.07030659477e-08	0.552527366249
Placenta__H3K4me1	-5.82186609524e-09	4.34533605599e-08	0.553290667368
Lung_ENTEX__H3K4me1	-4.91140118431e-09	3.64998009383e-08	0.553519985062
Rectal_Mucosa_Donor_29__H3K4me3	-1.76012229813e-08	1.26220229031e-07	0.555452129669
Brain_Anterior_Caudate__H3K9ac	-1.37658140848e-08	9.84566873033e-08	0.555597289844
Fetal_Intestine_Small__DNase	-1.5941303693e-08	1.12604021938e-07	0.556290000341
Fetal_Intestine_Small__H3K4me1	-6.01477170108e-09	4.20567196824e-08	0.556861113734
Ovary_ENTEX__H3K4me3	-3.17529062194e-08	2.17152556064e-07	0.558127703426
Pancreas_ENTEX__H3K4me3	-1.9946791371e-08	1.31157814098e-07	0.5604390159
skeletal_muscle_ENTEX__H3K36me3	-5.71868293683e-09	3.67149653627e-08	0.561888469325
Primary_hematopoietic_stem_cells_G-CSF-mobilized_Male__H3K36me3	-5.36014094132e-09	3.42732748437e-08	0.562138840393
Testis_ENTEX__H3K36me3	-3.77238047211e-08	2.24850078464e-07	0.566619124737
Aorta__H3K27ac	-7.74412306783e-09	4.61440956549e-08	0.566639439441
NHLF_Lung_Fibroblast_Primary_Cells__H3K27ac	-1.15712890137e-08	6.7007762988e-08	0.568550796125
Gastric__DNase	-3.10428524214e-08	1.74159563644e-07	0.570734220928
Left_Ventricle__H3K27ac	-7.96613779251e-09	4.19612619009e-08	0.575284722842
Primary_T_helper_memory_cells_from_peripheral_blood_1__H3K4me1	-8.20845702196e-09	4.2800996678e-08	0.576043480353
Esoph-Mucosa_ENTEX__H3K4me1	-8.8584843234e-09	4.61357612065e-08	0.576132447234
Primary_T_regulatory_cells_from_peripheral_blood__H3K4me3	-2.14913709983e-08	1.09400824108e-07	0.577869512347
Primary_T_cells_effector_memory_enriched_from_peripheral_blood__H3K4me3	-3.06935432614e-08	1.47404972737e-07	0.582473733625
Rectal_Mucosa_Donor_31__H3K4me1	-1.1813612496e-08	5.66589158319e-08	0.582582283293
Primary_hematopoietic_stem_cells_G-CSF-mobilized_Male__H3K4me3	-2.14917124688e-08	1.02701768199e-07	0.582878655929
Pancreas__H3K36me3	-1.60653650205e-08	7.56060131203e-08	0.584136802323
Foreskin_Melanocyte_Primary_Cells_skin03__H3K36me3	-6.49184106829e-09	3.04602187078e-08	0.584385356364
Stomach_ENTEX__H3K4me1	-1.09233523321e-08	4.82999588262e-08	0.58946017065
Ovary__H3K4me1	-1.34709346205e-08	5.81415254578e-08	0.591611432767
Sigmoid_Colon__H3K27ac	-1.79531545056e-08	7.61243309788e-08	0.593221546703
Colon_Smooth_Muscle__H3K27ac	-1.16904011362e-08	4.86911963704e-08	0.594870806012
Primary_T_regulatory_cells_from_peripheral_blood__H3K27ac	-1.20886767236e-08	4.97778905981e-08	0.595940102431
Primary_T_helper_naive_cells_from_peripheral_blood__H3K9ac	-3.07337364435e-08	1.19298543686e-07	0.601650051159
Heart-LV_ENTEX__H3K4me1	-1.66101307825e-08	6.32464825738e-08	0.603580327442
Brain_Inferior_Temporal_Lobe__H3K4me1	-1.64961334005e-08	6.16386569868e-08	0.605506555687
Fetal_Muscle_Leg__H3K4me3	-5.66358235415e-08	2.04702051748e-07	0.608984946305
Foreskin_Melanocyte_Primary_Cells_skin03__H3K27ac	-1.57757937141e-08	5.67018321097e-08	0.609579679848
Uterus_ENTEX__H3K27ac	-1.00856565006e-08	3.52259374875e-08	0.612680936549
Pancreas_ENTEX__H3K36me3	-1.45484852479e-08	5.02688601808e-08	0.613867505783
Foreskin_Fibroblast_Primary_Cells_skin01__DNase	-3.03870550073e-08	1.0346018664e-07	0.615509370741
Fetal_Intestine_Large__H3K4me3	-5.53055513218e-08	1.76403994199e-07	0.623055831717
Nerve-Tibial_ENTEX__H3K27ac	-9.41387537686e-09	2.94487286711e-08	0.625390751685
Primary_mononuclear_cells_from_peripheral_blood__H3K4me1	-4.73554613435e-08	1.41246465267e-07	0.631288645356
Pancreas_ENTEX__H3K4me1	-8.92311395239e-09	2.6022022263e-08	0.63416550342
NHEK-Epidermal_Keratinocyte_Primary_Cells__H3K4me3	-4.22391376733e-08	1.22756034689e-07	0.634610740402
Primary_hematopoietic_stem_cells__H3K4me3	-6.38171372416e-08	1.76805411156e-07	0.640929947149
NHEK-Epidermal_Keratinocyte_Primary_Cells__H3K4me1	-1.39035325308e-08	3.82783418692e-08	0.641780439896
Foreskin_Melanocyte_Primary_Cells_skin01__H3K27ac	-4.28318256726e-08	1.15313039e-07	0.644844921359
Nerve-Tibial_ENTEX__H3K36me3	-2.21815599941e-08	5.80185630223e-08	0.648887369094
Cortex_derived_primary_cultured_neurospheres__H3K4me1	-1.95642464829e-08	5.04520741821e-08	0.650910144732
NHEK-Epidermal_Keratinocyte_Primary_Cells__H3K9ac	-3.07994979337e-08	7.89800146971e-08	0.651719050486
Primary_T_killer_naive_cells_from_peripheral_blood__H3K9ac	-6.62308144588e-08	1.67717534723e-07	0.653539806801
NHEK-Epidermal_Keratinocyte_Primary_Cells__H3K27ac	-2.02179280206e-08	5.06656776535e-08	0.65507028685
Primary_hematopoietic_stem_cells_G-CSF-mobilized_Female__H3K36me3	-1.5896941993e-08	3.9433368739e-08	0.656575271474
Artery-Tibial_ENTEX__H3K36me3	-2.02180799624e-08	5.0051352721e-08	0.656874051757
Primary_T_helper_memory_cells_from_peripheral_blood_1__H3K27ac	-3.4903335575e-08	8.64006932298e-08	0.656882812262
Right_Ventricle__H3K36me3	-2.58186682249e-08	6.2207779413e-08	0.660943403738
Colonic_Mucosa__H3K4me1	-3.65042537729e-08	8.47400250855e-08	0.666685595716
Artery-Coronary_ENTEX__H3K4me3	-3.46843879843e-08	7.9485073899e-08	0.668713505037
Skin_tissue_ENTEX__H3K4me3	-6.53246842416e-08	1.49454830539e-07	0.668975680259
Primary_T_helper_memory_cells_from_peripheral_blood_2__H3K4me1	-1.84067661229e-08	4.17898821793e-08	0.670197964896
Fetal_Stomach__DNase	-5.68840927391e-08	1.26729769353e-07	0.673234153134
Fetal_Intestine_Large__H3K4me1	-1.97331059723e-08	4.24996380152e-08	0.678788004504
Heart-Atrial_ENTEX__H3K36me3	-2.35772788463e-08	5.04731584444e-08	0.679794808994
Skeletal_Muscle_Male__H3K36me3	-3.08648253638e-08	6.57637363183e-08	0.680582737643
Artery-Tibial_ENTEX__H3K4me1	-5.41374585527e-08	1.14132201807e-07	0.682371232735
Pancreatic_Islets__H3K36me3	-4.53948443808e-08	9.27647344446e-08	0.687704644382
Sigmoid_Colon__H3K4me1	-7.42608058702e-08	1.51091870227e-07	0.688461588831
Foreskin_Fibroblast_Primary_Cells_skin02__DNase	-5.14227018614e-08	1.04282785203e-07	0.689031949556
Fetal_Intestine_Small__H3K36me3	-1.39093184762e-08	2.80416857818e-08	0.690060875041
Stomach_Mucosa__H3K4me3	-9.3217163798e-08	1.86153447921e-07	0.691728019977
Spleen_ENTEX__H3K27ac	-1.63074393181e-08	3.2155769679e-08	0.693971293233
Primary_Natural_Killer_cells_from_peripheral_blood__H3K4me3	-8.83671039599e-08	1.72879562187e-07	0.695376410947
Gastric__H3K4me3	-1.13630666302e-07	2.20234919243e-07	0.69705606337
Liver__H3K27ac	-2.03144270838e-08	3.92390047207e-08	0.697669707289
Esoph-Mucosa_ENTEX__H3K4me3	-6.07895893353e-08	1.17108370307e-07	0.698150429877
Skeletal_Muscle_Female__H3K4me1	-1.95469509137e-08	3.70472913695e-08	0.701118998789
Nerve-Tibial_ENTEX__H3K4me3	-8.76251892564e-08	1.60838105783e-07	0.707055720602
Primary_B_cells_from_peripheral_blood__H3K27ac	-3.40656795852e-08	6.24286450997e-08	0.707354927383
Colon-Sigm_ENTEX__H3K36me3	-3.80947781546e-08	6.87507187462e-08	0.710244819305
Sigmoid_Colon__H3K36me3	-4.93517295196e-08	8.67132770063e-08	0.71536839587
Osteoblast_Primary_Cells__H3K4me1	-2.34032336976e-08	3.99058088523e-08	0.721217397722
Skeletal_Muscle_Female__H3K27ac	-2.55558338959e-08	4.29108292378e-08	0.724264310741
Primary_T_helper_cells_from_peripheral_blood__H3K4me3	-7.99822992922e-08	1.33565685976e-07	0.725354774439
Liver__H3K9ac	-4.28234160022e-08	7.14144440357e-08	0.725629049598
Fetal_Brain_Female__H3K4me1	-4.17322880392e-08	6.92832349123e-08	0.726527157366
Primary_hematopoietic_stem_cells_short_term_culture__H3K4me3	-1.08025945814e-07	1.78153028651e-07	0.72786414167
Prostate_ENTEX__H3K27ac	-2.6886594439e-08	4.41163785736e-08	0.728885902609
Psoas_Muscle__H3K4me3	-1.23420598742e-07	2.01696316933e-07	0.729702340555
Primary_T_killer_naive_cells_from_peripheral_blood__H3K27ac	-5.56715823882e-08	9.01125922616e-08	0.731646491998
Vagina_ENTEX__H3K27ac	-2.78420450226e-08	4.48655609902e-08	0.732557416168
Primary_T_helper_memory_cells_from_peripheral_blood_2__H3K27ac	-4.61711298935e-08	7.34119484589e-08	0.735303240573
Psoas_Muscle__H3K4me1	-4.6316731229e-08	7.33877535111e-08	0.736020091069
Gastric__H3K4me1	-5.98949533232e-08	9.48290546807e-08	0.736179035463
Small_Intestine__H3K4me3	-1.62290380053e-07	2.52854526636e-07	0.73950919059
Thyroid_gland_ENTEX__H3K4me3	-8.47452936999e-08	1.28844215376e-07	0.744645645534
Spleen__H3K4me3	-8.03157540672e-08	1.19713202637e-07	0.74885832464
skeletal_muscle_ENTEX__H3K4me1	-1.50898749671e-08	2.2188964628e-08	0.751767445036
liver_ENTEX__H3K36me3	-3.45334104674e-08	5.05915398401e-08	0.752567842743
Fetal_Stomach__H3K4me1	-3.18579789442e-08	4.64095173193e-08	0.753786434003
Esophagus__H3K27ac	-4.59543805651e-08	6.40535545662e-08	0.763447706281
Small_Intestine__H3K36me3	-9.5730633448e-08	1.32489819452e-07	0.765022067213
Primary_monocytes_from_peripheral_blood__H3K4me3	-1.30319190787e-07	1.75898270971e-07	0.770616346521
Thyroid_gland_ENTEX__H3K4me1	-2.24702494545e-08	3.01474166965e-08	0.77196864021
NHDF-Ad_Adult_Dermal_Fibroblast_Primary_Cells__H3K4me1	-4.10050410359e-08	5.47929108967e-08	0.772879679491
Lung__H3K36me3	-5.72488831078e-08	7.62933177596e-08	0.773486682071
Fetal_Muscle_Trunk__H3K27ac	-4.48978543771e-08	5.96934019946e-08	0.77401686152
SI-Term-Ileum_ENTEX__H3K36me3	-9.24245848284e-08	1.21139655707e-07	0.777256061917
Primary_T_helper_cells_PMA-I_stimulated__H3K27ac	-2.97946339929e-08	3.81199411704e-08	0.782775834905
Rectal_Smooth_Muscle__H3K4me1	-4.69260109272e-08	5.93463900067e-08	0.785444496091
Adipose_Nuclei__H3K4me3	-6.98934593991e-08	8.75665385372e-08	0.787615652744
Uterus_ENTEX__H3K4me3	-1.77871252961e-07	2.21167824558e-07	0.789369819278
Primary_T_helper_memory_cells_from_peripheral_blood_1__H3K4me3	-1.00622048089e-07	1.24330763895e-07	0.790831381535
Primary_hematopoietic_stem_cells_short_term_culture__H3K36me3	-3.84218510869e-08	4.71644167103e-08	0.792359768559
Fetal_Muscle_Leg__H3K4me1	-3.29024950906e-08	4.00049023336e-08	0.794592877211
Primary_T_helper_naive_cells_from_peripheral_blood_2__H3K27ac	-4.4075552513e-08	5.31474505631e-08	0.796534643116
skeletal_muscle_ENTEX__H3K27ac	-1.64710455978e-08	1.98520567769e-08	0.796642856355
Primary_B_cells_from_peripheral_blood__H3K4me3	-1.51518835661e-07	1.82588013453e-07	0.796685371848
NHDF-Ad_Adult_Dermal_Fibroblast_Primary_Cells__DNase	-8.33412089469e-08	9.90789447451e-08	0.799870744732
Colon-Sigm_ENTEX__H3K4me3	-1.78306767037e-07	2.11808670752e-07	0.800058274655
Thyroid_gland_ENTEX__H3K27ac	-2.39460899985e-08	2.82158538313e-08	0.801968921966
Duodenum_Mucosa__H3K4me1	-4.85535626526e-08	5.69196734669e-08	0.803175614689
Colon_Smooth_Muscle__H3K4me3	-1.06151261112e-07	1.20831296426e-07	0.810165952146
Primary_T_helper_memory_cells_from_peripheral_blood_2__H3K4me3	-1.36091086188e-07	1.53773402565e-07	0.811924533914
Fetal_Lung__H3K9ac	-1.10555002974e-07	1.2415379948e-07	0.813392715957
Fetal_Muscle_Trunk__H3K4me1	-3.29712609451e-08	3.69602293352e-08	0.813823374683
Primary_T_killer_memory_cells_from_peripheral_blood__H3K4me3	-1.21096584535e-07	1.35649971734e-07	0.81399473691
Brain_Dorsolateral_Prefrontal_Cortex__H3K4me1	-5.65582585745e-08	6.21544733515e-08	0.818578935624
Duodenum_Mucosa__H3K4me3	-1.0979775772e-07	1.19488517811e-07	0.820925531853
Fetal_Intestine_Small__H3K27ac	-4.67627552462e-08	4.97535904433e-08	0.826362249163
HMEC_Mammary_Epithelial_Primary_Cells__H3K4me3	-1.66864867763e-07	1.70110832543e-07	0.836683540512
Heart-LV_ENTEX__H3K4me3	-1.44142825105e-07	1.44308735732e-07	0.841066394299
Small_Intestine__H3K4me1	-9.51381111595e-08	9.51724359479e-08	0.84125746143
Primary_T_helper_17_cells_PMA-I_stimulated__H3K4me3	-1.08510064161e-07	1.08493592833e-07	0.841381478897
Fetal_Muscle_Leg__DNase	-8.64387210714e-08	8.5616380921e-08	0.843657698898
Primary_T_helper_memory_cells_from_peripheral_blood_1__H3K36me3	-6.20515932004e-08	6.07968775532e-08	0.846286970393
Primary_neutrophils_from_peripheral_blood__H3K4me1	-2.94585789638e-08	2.87130603368e-08	0.847545827779
Right_Atrium__H3K4me1	-7.907401644e-08	7.66369942753e-08	0.848916985645
Colon_Smooth_Muscle__H3K4me1	-4.17036677464e-08	4.01997911006e-08	0.850227604329
Primary_hematopoietic_stem_cells_G-CSF-mobilized_Female__H3K27ac	-6.82570385066e-08	6.57345668121e-08	0.850451921298
Spleen__H3K4me1	-6.34559306882e-08	5.9805101439e-08	0.855665376396
Duodenum_Smooth_Muscle__H3K4me1	-6.45082166034e-08	5.94915737444e-08	0.860889697009
Brain_Anterior_Caudate__H3K4me1	-5.03649219075e-08	4.6415226067e-08	0.861060171873
Primary_T_helper_naive_cells_from_peripheral_blood_1__H3K4me3	-1.2878248534e-07	1.17862742545e-07	0.862725801913
Duodenum_Smooth_Muscle__H3K4me3	-9.1204572831e-08	8.16712485108e-08	0.867944686365
Right_Ventricle__H3K4me1	-6.43748820429e-08	5.72097061622e-08	0.869757186414
Primary_mononuclear_cells_from_peripheral_blood__H3K27ac	-1.53271792947e-07	1.35522496505e-07	0.870966008871
Lung_ENTEX__H3K36me3	-5.29715942898e-08	4.59933389423e-08	0.875282576748
Right_Ventricle__H3K27ac	-5.63421699788e-08	4.86477758514e-08	0.876601724056
Colon-TV_ENTEX__H3K36me3	-6.97162129132e-08	5.96187559182e-08	0.878872124426
Right_Atrium__H3K27ac	-8.01083484165e-08	6.83274162663e-08	0.879485525425
Lung_ENTEX__H3K27ac	-3.66766863747e-08	3.12185319443e-08	0.879970032635
Primary_Natural_Killer_cells_from_peripheral_blood__H3K36me3	-4.81272053327e-08	4.05675721377e-08	0.882257294363
Primary_T_helper_17_cells_PMA-I_stimulated__H3K27ac	-8.48224782233e-08	7.12350914354e-08	0.883122180136
Psoas_Muscle__H3K27ac	-8.05548406505e-08	6.76072553056e-08	0.88327363121
Fetal_Intestine_Large__H3K27ac	-5.42948025438e-08	4.54942507765e-08	0.883652070396
Primary_T_cells_effector_memory_enriched_from_peripheral_blood__H3K27ac	-8.1369413404e-08	6.79599624565e-08	0.884407902066
Primary_monocytes_from_peripheral_blood__H3K36me3	-3.80587949326e-08	3.13576233286e-08	0.887569137129
Fetal_Heart__H3K9ac	-6.44580278477e-08	5.23465188878e-08	0.89090808283
Fetal_Muscle_Leg__H3K27ac	-6.2530677641e-08	5.02162049904e-08	0.893476217905
Esophagus__H3K4me1	-9.729301178e-08	7.68656556581e-08	0.897199417241
Primary_mononuclear_cells_from_peripheral_blood__H3K4me3	-3.02111387092e-07	2.36391451222e-07	0.899377608059
Primary_T_killer_memory_cells_from_peripheral_blood__H3K27ac	-1.10986046547e-07	8.66028625381e-08	0.900000025291
Primary_T_helper_naive_cells_from_peripheral_blood_2__H3K4me3	-1.34415365615e-07	1.04459909337e-07	0.900911912523
Prostate_ENTEX__H3K4me3	-2.68462575348e-07	2.08521219228e-07	0.901032870257
Fetal_Kidney__H3K4me3	-2.57116872173e-07	1.98724627553e-07	0.902138784344
Skeletal_Muscle_Female__H3K9ac	-1.1616207816e-07	8.91024381911e-08	0.903830580492
Heart-Atrial_ENTEX__H3K27ac	-4.44414043049e-08	3.2995304258e-08	0.91099392078
Fetal_Muscle_Trunk__DNase	-1.33577657936e-07	9.71632888774e-08	0.915399390456
Foreskin_Keratinocyte_Primary_Cells_skin02__DNase	-9.20930991235e-08	6.67492552338e-08	0.916158526168
Liver__H3K4me3	-9.55786494429e-08	6.88077095187e-08	0.917594100318
Primary_T_killer_naive_cells_from_peripheral_blood__H3K36me3	-1.13063246992e-07	8.11828244575e-08	0.918144600364
Fetal_Lung__H3K4me3	-2.00140801869e-07	1.4351561472e-07	0.918425366922
Esophagus__H3K36me3	-9.47042342042e-08	6.78046376055e-08	0.91875141853
Spleen_ENTEX__H3K36me3	-4.22907793666e-08	2.96592179351e-08	0.923049937713
Breast_variant_Human_Mammary_Epithelial_Cells_(vHMEC)__H3K4me3	-2.73982221887e-07	1.91213147661e-07	0.924051486719
Primary_T_cells_from_peripheral_blood__H3K4me3	-1.9588950173e-07	1.34089136361e-07	0.927977208172
Left_Ventricle__H3K4me3	-3.18758808785e-07	2.17182758487e-07	0.928906930763
Fetal_Heart__H3K4me1	-4.12321049891e-08	2.80185539127e-08	0.929435542281
Primary_T_cells_from_cord_blood__H3K36me3	-1.3140217298e-07	8.92074851768e-08	0.929623797953
Primary_T_helper_cells_from_peripheral_blood__H3K27ac	-9.84866168567e-08	6.64087800711e-08	0.930967587447
Primary_monocytes_from_peripheral_blood__DNase	-1.67057089684e-07	1.12477142138e-07	0.931261681982
Primary_B_cells_from_cord_blood__H3K4me3	-2.79812265886e-07	1.87581854125e-07	0.932108588544
Heart-Atrial_ENTEX__H3K4me3	-2.70787815099e-07	1.79016532451e-07	0.934814611708
Esophagus__H3K4me3	-3.1292912139e-07	2.01760610658e-07	0.939548216263
Fetal_Kidney__H3K9ac	-2.97838745637e-07	1.91321514205e-07	0.940234439627
skeletal_muscle_ENTEX__H3K4me3	-1.01133378117e-07	6.26985765457e-08	0.946628740838
Skeletal_Muscle_Male__H3K4me1	-7.61411942984e-08	4.71009014996e-08	0.947012805839
Primary_T_cells_from_cord_blood__H3K4me3	-2.85542376059e-07	1.75048906756e-07	0.948577503451
Primary_mononuclear_cells_from_peripheral_blood__H3K9ac	-2.19110017203e-07	1.32735393536e-07	0.950602925742
Skeletal_Muscle_Male__H3K4me3	-1.94977649375e-07	1.15290117329e-07	0.954599868901
Esoph-Mucosa_ENTEX__H3K36me3	-1.18346024123e-07	6.97799105081e-08	0.955056104512
Fetal_Heart__DNase	-1.04519076189e-07	6.05405330557e-08	0.957865083017
Right_Atrium__H3K4me3	-3.08019125682e-07	1.76535674644e-07	0.959489998045
Fetal_Heart__H3K4me3	-1.55445164622e-07	8.6402536771e-08	0.963997067824
Primary_T_helper_cells_PMA-I_stimulated__H3K4me3	-1.47266702425e-07	8.11387535336e-08	0.965237917186
Gastric__H3K36me3	-1.21177214203e-07	6.65533265761e-08	0.965677845782
Thymus__H3K36me3	-1.33492703378e-07	6.83129844127e-08	0.974657294821
Primary_B_cells_from_peripheral_blood__H3K36me3	-5.979256864e-08	3.01282929924e-08	0.976405426892
Primary_T_helper_memory_cells_from_peripheral_blood_2__H3K36me3	-1.59930417172e-07	7.93721390647e-08	0.978044742676
Primary_B_cells_from_cord_blood__H3K36me3	-2.37798054108e-07	1.17785665008e-07	0.978251446637
Skeletal_Muscle_Male__H3K9ac	-1.27454390692e-07	6.17006047158e-08	0.980571172412
Primary_T_killer_naive_cells_from_peripheral_blood__H3K4me3	-3.28459499378e-07	1.58563931253e-07	0.980842279415
Skeletal_Muscle_Female__H3K4me3	-2.16385161442e-07	9.61666927519e-08	0.987778861346
Spleen__H3K36me3	-1.18114969846e-07	5.00470948355e-08	0.990864415328
Vagina_ENTEX__H3K4me3	-4.11552496498e-07	1.73254165143e-07	0.991235653193
Primary_T_cells_from_peripheral_blood__H3K36me3	-1.05699554568e-07	4.37430561596e-08	0.992162010404
Primary_T_killer_memory_cells_from_peripheral_blood__H3K36me3	-1.99073913117e-07	8.0576424019e-08	0.993256091207
Primary_T_regulatory_cells_from_peripheral_blood__H3K36me3	-9.96779993647e-08	4.01980178668e-08	0.993424881431
Primary_T_helper_cells_from_peripheral_blood__H3K36me3	-9.53772435357e-08	3.78241110001e-08	0.994158861477
Primary_T_helper_naive_cells_from_peripheral_blood_1__H3K36me3	-1.59145190235e-07	6.2403673076e-08	0.994617770318
Primary_T_helper_cells_PMA-I_stimulated__H3K36me3	-1.12700380201e-07	3.9969964106e-08	0.997596023113
Primary_T_cells_effector_memory_enriched_from_peripheral_blood__H3K36me3	-1.69393766991e-07	5.75326234101e-08	0.99838161179
Primary_T_helper_naive_cells_from_peripheral_blood_2__H3K36me3	-1.47357265475e-07	4.86605487495e-08	0.998770207662
Primary_T_helper_17_cells_PMA-I_stimulated__H3K36me3	-1.63249073882e-07	5.10201211253e-08	0.999312146133
Primary_mononuclear_cells_from_peripheral_blood__H3K36me3	-1.40354390239e-07	4.33382445265e-08	0.999399369256
