Name	Coefficient	Coefficient_std_error	Coefficient_P_value
Brain_Germinal_Matrix__H3K4me3	4.87549811033e-07	1.84346821908e-07	0.0040876593558
Brain_Substantia_Nigra__H3K36me3	2.69427210246e-07	1.05209698577e-07	0.00522068520258
Colon-TV_ENTEX__H3K36me3	1.45474731411e-07	6.38505616521e-08	0.0113524914986
Fetal_Muscle_Trunk__H3K36me3	1.41635911975e-07	6.31271383777e-08	0.0124271036945
Fetal_Muscle_Leg__H3K36me3	1.19998380242e-07	5.55196314916e-08	0.0153334443449
Fetal_Brain_Female__H3K4me3	3.63236360223e-07	1.68887492134e-07	0.0157475978377
Mammary_ENTEX__H3K27ac	9.34087978866e-08	4.58701883742e-08	0.0208564739168
Esoph-Mucosa_ENTEX__H3K36me3	1.52580702735e-07	7.74433969442e-08	0.02440645307
Fetal_Intestine_Large__DNase	2.18810045088e-07	1.11189776809e-07	0.0245399363019
NHLF_Lung_Fibroblast_Primary_Cells__DNase	2.05869381971e-07	1.05075265153e-07	0.0250413856089
Fetal_Muscle_Leg__H3K4me1	8.45154994272e-08	4.54775794433e-08	0.0315561695204
Brain_Substantia_Nigra__H3K4me1	9.1237912045e-08	4.96499503531e-08	0.0330589569519
Fetal_Brain_Male__H3K4me3	6.15239842234e-07	3.36439857564e-07	0.033724002138
Nerve-Tibial_ENTEX__H3K4me1	8.07352889305e-08	4.43126145766e-08	0.0342314219256
Artery-Coronary_ENTEX__H3K27ac	7.93708598534e-08	4.40038237107e-08	0.0356371020316
Brain_Hippocampus_Middle__H3K4me1	6.94980015008e-08	3.91411690954e-08	0.0379016649921
Placenta_Amnion__H3K4me1	1.02779718755e-07	5.88133532504e-08	0.0402703368072
Esoph-GJ_ENTEX__H3K4me1	8.6951711552e-08	5.00515173986e-08	0.0411720323652
Breast_Myoepithelial_Primary_Cells__H3K4me1	7.19396928942e-08	4.16472992546e-08	0.0420519155223
Foreskin_Fibroblast_Primary_Cells_skin02__H3K4me3	1.31504933163e-07	7.68283904282e-08	0.0434786515593
Placenta_Amnion__H3K36me3	1.13286038307e-07	6.65591205955e-08	0.0443742833194
Right_Ventricle__H3K4me1	1.10489145872e-07	6.59748914078e-08	0.0469950731345
Fetal_Stomach__H3K4me1	8.21502982168e-08	4.94709851784e-08	0.0483993821613
NHLF_Lung_Fibroblast_Primary_Cells__H3K9ac	3.38865036166e-07	2.12975719046e-07	0.0557938692923
Cortex_derived_primary_cultured_neurospheres__H3K36me3	1.21549386908e-07	7.7973850067e-08	0.059516170012
Aorta__H3K4me3	3.40090486847e-07	2.18948729251e-07	0.0601771439539
Brain_Cingulate_Gyrus__H3K4me1	7.96043243433e-08	5.18845109793e-08	0.0624828639962
Fetal_Intestine_Large__H3K4me1	7.45858330969e-08	4.89001897485e-08	0.0635962897705
Colonic_Mucosa__H3K4me3	2.62477660179e-07	1.7427041956e-07	0.066014138613
Brain_Inferior_Temporal_Lobe__H3K4me1	1.03021035827e-07	6.92200219492e-08	0.0683342273049
Placenta_Amnion__H3K4me3	3.44218100606e-07	2.33523267719e-07	0.0702380261899
Nerve-Tibial_ENTEX__H3K27ac	4.50416267516e-08	3.07209952175e-08	0.0713035377342
Fetal_Brain_Female__DNase	1.51881360544e-07	1.03718069542e-07	0.0715467942784
Colon-Sigm_ENTEX__H3K36me3	1.02555670297e-07	7.05315102943e-08	0.0729675433437
Fetal_Intestine_Small__H3K4me1	6.9195413823e-08	4.78520725197e-08	0.0740847413595
Fetal_Heart__H3K4me1	4.56267232647e-08	3.16525523896e-08	0.074723660752
Brain_Angular_Gyrus__H3K4me1	8.92496679892e-08	6.29917670819e-08	0.0782638979675
Foreskin_Fibroblast_Primary_Cells_skin01__H3K4me3	1.36577540511e-07	9.78988108292e-08	0.0814945223573
Brain_Substantia_Nigra__H3K27ac	6.09612146662e-08	4.39295209353e-08	0.0826134505416
Thyroid_gland_ENTEX__H3K36me3	9.10398080928e-08	6.6232790796e-08	0.0846366106638
Esoph-Mucosa_ENTEX__H3K4me3	1.90440446879e-07	1.38903931305e-07	0.0851839354953
Brain_Anterior_Caudate__H3K9ac	1.4382819918e-07	1.05952856509e-07	0.0873153977044
Fetal_Brain_Female__H3K36me3	1.09987979893e-07	8.12488506586e-08	0.0879132831991
Fetal_Stomach__DNase	1.94053794335e-07	1.4396454196e-07	0.0888408184536
Duodenum_Mucosa__H3K4me1	8.60998761657e-08	6.41266789195e-08	0.0896921842733
NHDF-Ad_Adult_Dermal_Fibroblast_Primary_Cells__DNase	1.46546093151e-07	1.09634886734e-07	0.0906645502411
Fetal_Intestine_Small__H3K4me3	2.4334955617e-07	1.82332822023e-07	0.0909963109491
Foreskin_Melanocyte_Primary_Cells_skin03__H3K36me3	4.1493021791e-08	3.11038038627e-08	0.0910990442282
Fetal_Muscle_Leg__H3K27ac	7.62662423857e-08	5.84646098881e-08	0.0960340310989
Ganglion_Eminence_derived_primary_cultured_neurospheres__H3K4me3	2.00387449459e-07	1.57708510114e-07	0.101932089507
Brain_Cingulate_Gyrus__H3K36me3	9.97372821098e-08	7.85657927379e-08	0.102135913434
Esoph-Muscularis_ENTEX__H3K4me3	2.14885759255e-07	1.69553165965e-07	0.102512392605
Fetal_Heart__DNase	8.28353334499e-08	6.55615625778e-08	0.103209432141
Ganglion_Eminence_derived_primary_cultured_neurospheres__H3K36me3	8.6746476696e-08	6.92627925869e-08	0.105207458414
Placenta__H3K36me3	8.01629030022e-08	6.40677218515e-08	0.105426860975
Brain_Dorsolateral_Prefrontal_Cortex__H3K36me3	1.04791691765e-07	8.38633080594e-08	0.105731345632
Fetal_Muscle_Leg__H3K4me3	3.05844021379e-07	2.47455326512e-07	0.10823736517
Brain_Inferior_Temporal_Lobe__H3K36me3	8.75169090849e-08	7.10615034594e-08	0.109055683217
Rectal_Smooth_Muscle__H3K4me3	2.04000976478e-07	1.65765283737e-07	0.10922471978
Fetal_Intestine_Small__H3K27ac	6.87337585119e-08	5.70532867693e-08	0.114153936658
Placenta__H3K4me1	5.29496661946e-08	4.43264411318e-08	0.116133581672
Foreskin_Keratinocyte_Primary_Cells_skin02__H3K4me3	2.06612312767e-07	1.74811963356e-07	0.118620360476
Brain_Anterior_Caudate__H3K27ac	5.81915887495e-08	5.02135553534e-08	0.123252130087
Brain_Cingulate_Gyrus__H3K27ac	5.67691294853e-08	4.96615007022e-08	0.126494073111
Fetal_Muscle_Leg__DNase	9.19473445687e-08	8.04776380916e-08	0.12661888233
Mammary_ENTEX__H3K4me1	1.20955663486e-07	1.05982543804e-07	0.126876895802
Fetal_Brain_Male__DNase	1.11431295816e-07	9.82387663287e-08	0.128336363994
Fetal_Heart__H3K9ac	6.41939824009e-08	5.77772091871e-08	0.133271126504
Brain_Germinal_Matrix__H3K4me1	1.19865433756e-07	1.09555392937e-07	0.136953803294
Primary_hematopoietic_stem_cells_G-CSF-mobilized_Female__H3K36me3	4.63224065104e-08	4.23519333098e-08	0.137032425723
Fetal_Lung__H3K36me3	5.01893502284e-08	4.65149373527e-08	0.140295144102
Brain_Anterior_Caudate__H3K4me1	5.64326301099e-08	5.26470745043e-08	0.141881489842
Foreskin_Keratinocyte_Primary_Cells_skin02__H3K36me3	6.29682170759e-08	5.91254363943e-08	0.143439391089
Fetal_Intestine_Large__H3K36me3	5.39287995201e-08	5.09265228339e-08	0.14481056845
Right_Ventricle__H3K36me3	7.56080320327e-08	7.16926787201e-08	0.145801174533
Osteoblast_Primary_Cells__H3K4me1	4.13783450847e-08	3.98630294377e-08	0.149631987938
Esoph-GJ_ENTEX__H3K27ac	5.4522918793e-08	5.25309833903e-08	0.149653825729
Breast_Myoepithelial_Primary_Cells__H3K4me3	1.48743360253e-07	1.45491637887e-07	0.153307663735
Cortex_derived_primary_cultured_neurospheres__H3K4me1	6.00317907807e-08	5.92772180499e-08	0.155594677918
Fetal_Kidney__H3K4me3	2.20698625513e-07	2.20219402768e-07	0.158129270732
Sigmoid_Colon__H3K4me1	1.36610841381e-07	1.37274956974e-07	0.159828703526
Left_Ventricle__H3K4me1	6.21510624749e-08	6.28951148777e-08	0.161534711408
Brain_Substantia_Nigra__H3K9ac	1.27470407232e-07	1.29016996964e-07	0.161573260306
Colon_Smooth_Muscle__H3K4me1	5.56405217913e-08	5.64384774301e-08	0.162100541826
Primary_monocytes_from_peripheral_blood__H3K36me3	3.0996449155e-08	3.20845533818e-08	0.167000486443
Esoph-GJ_ENTEX__H3K4me3	1.47596855518e-07	1.5289058112e-07	0.167178327928
Brain_Cingulate_Gyrus__H3K9ac	1.3453526433e-07	1.39509856621e-07	0.167437155107
Brain_Germinal_Matrix__H3K36me3	1.1025855596e-07	1.14923879631e-07	0.168677354024
Brain_Anterior_Caudate__H3K36me3	7.18594122523e-08	7.52277082799e-08	0.169731880196
Brain_Angular_Gyrus__H3K27ac	5.4919616899e-08	5.78840923491e-08	0.171364729849
Fetal_Intestine_Large__H3K4me3	1.6062505615e-07	1.7090851979e-07	0.173652230858
Colon-TV_ENTEX__H3K27ac	4.11573393688e-08	4.38215021356e-08	0.173812953528
Colon_Smooth_Muscle__H3K36me3	7.4894276638e-08	7.97462433965e-08	0.173824962096
Colonic_Mucosa__H3K4me1	9.2774733117e-08	9.8826692455e-08	0.173926503418
Brain_Inferior_Temporal_Lobe__H3K9ac	1.05192974212e-07	1.12602201341e-07	0.175100373089
Aorta_ENTEX__H3K4me3	6.87769095909e-08	7.43905049059e-08	0.177602924915
NHDF-Ad_Adult_Dermal_Fibroblast_Primary_Cells__H3K4me1	5.54945684168e-08	6.06522257288e-08	0.180105414716
Brain_Hippocampus_Middle__H3K27ac	4.28823667828e-08	4.69106872329e-08	0.180324828781
Brain_Anterior_Caudate__H3K4me3	1.2634306452e-07	1.38297702876e-07	0.18047439779
Foreskin_Melanocyte_Primary_Cells_skin01__H3K36me3	8.57690950036e-08	9.51100544467e-08	0.183584777863
Placenta__H3K4me3	1.84964755613e-07	2.06091234889e-07	0.184728839978
Foreskin_Fibroblast_Primary_Cells_skin01__H3K36me3	3.44635844003e-08	3.84515851814e-08	0.185050246824
Right_Atrium__H3K4me1	7.70475809457e-08	8.69877631702e-08	0.187881799603
Right_Atrium__H3K36me3	9.68547383119e-08	1.10430090204e-07	0.190224753972
Primary_hematopoietic_stem_cells_G-CSF-mobilized_Male__H3K36me3	3.37379184183e-08	3.84996054667e-08	0.190428441831
Fetal_Intestine_Large__H3K27ac	4.24021821075e-08	4.84043385545e-08	0.190515120587
Artery-Coronary_ENTEX__H3K4me3	8.10595554504e-08	9.27157262187e-08	0.190982746368
Fetal_Kidney__DNase	1.14437767695e-07	1.3126531348e-07	0.191657360203
Fetal_Muscle_Trunk__H3K4me1	4.16117644132e-08	4.79831660219e-08	0.192911863536
Artery-Tibial_ENTEX__H3K36me3	4.86679224074e-08	5.6878246541e-08	0.196095455386
Brain_Hippocampus_Middle__H3K36me3	6.14922145011e-08	7.19855036804e-08	0.19648863692
Aorta__H3K27ac	5.23373334951e-08	6.1345139868e-08	0.196784775976
Foreskin_Melanocyte_Primary_Cells_skin01__H3K4me1	1.01000155086e-07	1.1899979651e-07	0.198012365374
Mammary_ENTEX__H3K4me3	1.04539584805e-07	1.23447094899e-07	0.198542951816
Artery-Tibial_ENTEX__H3K4me1	1.17118100299e-07	1.39228362247e-07	0.20011955551
SI-Term-Ileum_ENTEX__H3K4me3	1.14923303402e-07	1.38637475562e-07	0.20356682377
Fetal_Stomach__H3K27ac	5.05721637198e-08	6.13692331826e-08	0.204951652813
Brain_Inferior_Temporal_Lobe__H3K27ac	3.76629261831e-08	4.57716993819e-08	0.205298616863
Fetal_Muscle_Trunk__H3K27ac	5.57917307242e-08	6.84358269291e-08	0.2074670247
Right_Ventricle__H3K27ac	5.03450516098e-08	6.22060630847e-08	0.209163515851
HMEC_Mammary_Epithelial_Primary_Cells__H3K4me3	1.56887400652e-07	1.94254714499e-07	0.209649633409
Aorta__H3K4me1	9.60201877716e-08	1.20577050158e-07	0.212917559233
Vagina_ENTEX__H3K4me3	1.47021916255e-07	1.87579954491e-07	0.216583824196
Fetal_Muscle_Trunk__DNase	7.26517326845e-08	9.29096838615e-08	0.21711879951
Colon-TV_ENTEX__H3K4me1	8.4626217084e-08	1.11348948357e-07	0.223624564501
Fetal_Intestine_Small__DNase	1.03957738225e-07	1.38502944561e-07	0.226452300138
Nerve-Tibial_ENTEX__H3K36me3	4.75072470021e-08	6.3326535705e-08	0.226568651281
Rectal_Smooth_Muscle__H3K4me1	5.4332620702e-08	7.25882734419e-08	0.227078074746
Foreskin_Fibroblast_Primary_Cells_skin02__H3K36me3	3.75266608009e-08	5.03906210172e-08	0.228221957806
Small_Intestine__DNase	7.63792066849e-08	1.05397590943e-07	0.234325113889
SI-Term-Ileum_ENTEX__H3K27ac	3.29457646036e-08	4.55374118806e-08	0.234690105407
Foreskin_Fibroblast_Primary_Cells_skin01__DNase	7.10127818578e-08	9.90942999402e-08	0.236804846332
Left_Ventricle__H3K36me3	4.93624932449e-08	6.91405907112e-08	0.237630978526
Colon-Sigm_ENTEX__H3K27ac	4.06802236634e-08	5.7421989128e-08	0.239335004533
Fetal_Stomach__H3K36me3	3.0610865713e-08	4.32940561141e-08	0.23976911456
Placenta__H3K27ac	2.82194529134e-08	4.00091393737e-08	0.240303950996
Brain_Substantia_Nigra__H3K4me3	1.03141738842e-07	1.47108942726e-07	0.241612544411
Colonic_Mucosa__H3K27ac	6.17839200396e-08	8.89549385001e-08	0.243667735415
liver_ENTEX__H3K27ac	2.3357098351e-08	3.36564210811e-08	0.243845370346
Fetal_Intestine_Small__H3K36me3	2.53025631672e-08	3.66697863938e-08	0.245093573306
Stomach_Smooth_Muscle__H3K4me1	4.18593872171e-08	6.14317555499e-08	0.247810297882
SI-Term-Ileum_ENTEX__H3K4me1	4.98177805018e-08	7.3705821462e-08	0.249552000918
Stomach_Smooth_Muscle__H3K4me3	7.66495562408e-08	1.1457219267e-07	0.251745625093
Esoph-Mucosa_ENTEX__H3K27ac	3.59042160717e-08	5.45824870357e-08	0.255334174349
Nerve-Tibial_ENTEX__H3K4me3	1.27847553016e-07	1.97253831204e-07	0.258448095997
Lung__H3K4me1	5.17159820779e-08	8.00026524339e-08	0.259000994779
Duodenum_Smooth_Muscle__H3K36me3	5.00620038087e-08	7.88773391094e-08	0.262818015092
Thymus__H3K4me3	1.30690365336e-07	2.07194087744e-07	0.264097748132
Primary_T_killer_memory_cells_from_peripheral_blood__H3K27ac	6.0178044421e-08	9.62683239065e-08	0.265950276331
Psoas_Muscle__H3K36me3	7.53100465483e-08	1.21110487898e-07	0.267027068073
Foreskin_Melanocyte_Primary_Cells_skin03__H3K4me3	1.13683820353e-07	1.84677310673e-07	0.269085588715
Colon-TV_ENTEX__H3K4me3	9.43497632389e-08	1.53740880641e-07	0.269708976385
Foreskin_Fibroblast_Primary_Cells_skin02__H3K4me1	2.64995221605e-08	4.34960684157e-08	0.271182857153
Fetal_Stomach__H3K4me3	1.38428749078e-07	2.29483707421e-07	0.273181770628
Primary_hematopoietic_stem_cells_G-CSF-mobilized_Male__H3K4me1	2.53128850994e-08	4.1985524855e-08	0.273289096183
Sigmoid_Colon__H3K27ac	5.37648144497e-08	8.95691071397e-08	0.274166254752
Fetal_Thymus__H3K27ac	3.58984504991e-08	6.04506137086e-08	0.276307032037
Foreskin_Keratinocyte_Primary_Cells_skin03__H3K4me3	8.25685789953e-08	1.39872585544e-07	0.277490476436
Ovary__H3K4me3	1.12683685914e-07	1.91256211741e-07	0.277871403955
Brain_Angular_Gyrus__H3K36me3	4.55726467998e-08	7.73576249223e-08	0.277891590712
Ovary__H3K36me3	4.11065568937e-08	7.07498080491e-08	0.280615852332
Right_Atrium__H3K27ac	4.32530638109e-08	7.59527922297e-08	0.284517597248
skeletal_muscle_ENTEX__H3K27ac	1.22089075034e-08	2.15694436449e-08	0.285687397586
Fetal_Kidney__H3K9ac	1.21862323581e-07	2.16119524203e-07	0.286422866946
Pancreas__H3K4me1	3.4864066092e-08	6.32893390094e-08	0.290862112443
Brain_Dorsolateral_Prefrontal_Cortex__H3K9ac	8.98257446206e-08	1.63988609905e-07	0.291929728056
Foreskin_Fibroblast_Primary_Cells_skin01__H3K4me1	2.00519600062e-08	3.68451305227e-08	0.293144082867
Brain_Hippocampus_Middle__H3K4me3	6.88128232398e-08	1.28614462752e-07	0.296313945501
Primary_hematopoietic_stem_cells_G-CSF-mobilized_Female__H3K4me1	1.98760140032e-08	3.77521191845e-08	0.299274811966
Rectal_Smooth_Muscle__H3K27ac	3.08313164928e-08	5.86769055164e-08	0.299637946527
Testis_ENTEX__H3K4me3	5.18472623751e-08	9.97900828202e-08	0.301683999755
Foreskin_Melanocyte_Primary_Cells_skin01__H3K4me3	1.08054911587e-07	2.08865640043e-07	0.302458814166
Primary_hematopoietic_stem_cells_G-CSF-mobilized_Female__DNase	5.98098936739e-08	1.15881278893e-07	0.302881539349
Esoph-Muscularis_ENTEX__H3K27ac	2.78176850954e-08	5.42314418053e-08	0.303995295846
Fetal_Muscle_Trunk__H3K4me3	1.28980826899e-07	2.51535697779e-07	0.304054902795
Rectal_Mucosa_Donor_29__H3K4me1	4.6351426463e-08	9.17681990404e-08	0.306746944415
Esoph-Muscularis_ENTEX__H3K4me1	2.13786544549e-08	4.30135415277e-08	0.309586948869
Primary_hematopoietic_stem_cells__H3K4me1	4.76391172583e-08	9.63707186944e-08	0.310535911693
Primary_mononuclear_cells_from_peripheral_blood__H3K4me3	1.06427906463e-07	2.18956268883e-07	0.313459038757
NHEK-Epidermal_Keratinocyte_Primary_Cells__H3K36me3	2.28645420224e-08	4.7094139671e-08	0.31365831735
NHDF-Ad_Adult_Dermal_Fibroblast_Primary_Cells__H3K27ac	4.11465315355e-08	8.57453673136e-08	0.315660323048
Fetal_Thymus__DNase	4.44629462162e-08	9.34192328286e-08	0.317054762056
Foreskin_Fibroblast_Primary_Cells_skin02__DNase	4.51176235699e-08	9.51552038312e-08	0.317697283316
Brain_Dorsolateral_Prefrontal_Cortex__H3K4me1	3.39260793134e-08	7.17324540205e-08	0.318123355698
Brain_Angular_Gyrus__H3K9ac	5.83778793223e-08	1.24826681666e-07	0.320009768633
Fetal_Thymus__H3K4me1	1.59936726873e-08	3.48490798889e-08	0.323138256107
Primary_hematopoietic_stem_cells_G-CSF-mobilized_Female__H3K27ac	2.9130218937e-08	6.37206134518e-08	0.323779696685
Osteoblast_Primary_Cells__H3K36me3	1.77419875819e-08	3.94413622041e-08	0.326415784352
NHLF_Lung_Fibroblast_Primary_Cells__H3K36me3	5.47373616488e-08	1.24775476278e-07	0.330444225438
Duodenum_Smooth_Muscle__H3K27ac	3.61421166147e-08	8.32851663601e-08	0.332160113781
Sigmoid_Colon__H3K36me3	3.73056521537e-08	8.83911765016e-08	0.336493616606
Pancreas__H3K27ac	5.71335833085e-08	1.36006107616e-07	0.337213136738
Rectal_Mucosa_Donor_31__H3K4me3	6.25692636811e-08	1.57584695017e-07	0.345664685399
Small_Intestine__H3K27ac	3.75651537254e-08	9.50455418596e-08	0.346335396223
Osteoblast_Primary_Cells__H3K27ac	1.64367325951e-08	4.27734935659e-08	0.350387765056
Stomach_Smooth_Muscle__H3K27ac	1.88021428105e-08	4.98189838122e-08	0.352934765579
Sigmoid_Colon__H3K4me3	9.18324296631e-08	2.532149339e-07	0.358427226399
Fetal_Brain_Male__H3K4me1	1.73543240356e-08	4.85445925276e-08	0.360361598537
skeletal_muscle_ENTEX__H3K4me1	9.1134189009e-09	2.57536487702e-08	0.361718516048
Primary_hematopoietic_stem_cells_G-CSF-mobilized_Male__DNase	4.80093641381e-08	1.36251796509e-07	0.362285025541
Esophagus__H3K4me1	2.86807692349e-08	8.55189885257e-08	0.368671824457
Osteoblast_Primary_Cells__H3K4me3	4.75791641556e-08	1.43475152079e-07	0.370088280911
skeletal_muscle_ENTEX__H3K36me3	1.18291038169e-08	3.58438698986e-08	0.370693375019
Duodenum_Smooth_Muscle__H3K4me1	2.56425068698e-08	7.78649725061e-08	0.370956845781
Heart-LV_ENTEX__H3K4me1	2.25648850496e-08	6.9925526734e-08	0.373461672482
Foreskin_Melanocyte_Primary_Cells_skin01__DNase	2.36994477098e-08	7.80650687802e-08	0.380721729029
Primary_hematopoietic_stem_cells__H3K36me3	3.05116456221e-08	1.01624956752e-07	0.381997916363
Rectal_Mucosa_Donor_29__H3K27ac	2.16339190319e-08	7.34286957885e-08	0.384140235546
Foreskin_Fibroblast_Primary_Cells_skin02__H3K27ac	1.75052653535e-08	6.12039665049e-08	0.387433235907
Aorta_ENTEX__H3K4me1	7.41334479351e-09	2.59524170966e-08	0.387572558088
Fetal_Heart__H3K4me3	2.38887450438e-08	9.00977416188e-08	0.395449824544
Psoas_Muscle__H3K4me3	5.90341723588e-08	2.24484504981e-07	0.396284306664
Adipose_Nuclei__H3K4me1	1.4305253259e-08	5.56147594525e-08	0.398504300434
Fetal_Thymus__H3K4me3	4.1821037729e-08	1.66923723757e-07	0.401084961802
Primary_T_helper_naive_cells_from_peripheral_blood_2__H3K4me3	3.36603761026e-08	1.39346334779e-07	0.404560906073
Adipose_Nuclei__H3K36me3	1.58701690839e-08	6.60465690332e-08	0.40505366815
Thymus__H3K27ac	2.41540831611e-08	1.0267247933e-07	0.407005904876
Skeletal_Muscle_Male__H3K4me1	9.85930810219e-09	4.66124939736e-08	0.416242158281
NHDF-Ad_Adult_Dermal_Fibroblast_Primary_Cells__H3K9ac	3.16337259764e-08	1.59562146423e-07	0.421423434262
Small_Intestine__H3K4me1	2.01962935203e-08	1.03953427945e-07	0.422977488174
Skeletal_Muscle_Female__H3K36me3	1.02816576949e-08	5.32359635078e-08	0.423427137045
Breast_Myoepithelial_Primary_Cells__H3K36me3	7.26703123744e-09	3.97139543459e-08	0.427405157828
Rectal_Mucosa_Donor_31__H3K9ac	1.89751486042e-08	1.06329956922e-07	0.429182695876
Spleen_ENTEX__H3K36me3	5.39759576024e-09	3.06404672913e-08	0.430084493567
Adrenal_gland_ENTEX__H3K4me3	2.18565349758e-08	1.24427329961e-07	0.430281698506
Uterus_ENTEX__H3K4me3	3.87425419794e-08	2.39834948348e-07	0.435834704267
Esophagus__H3K27ac	1.2994476474e-08	8.07006156062e-08	0.436038515099
Fetal_Brain_Female__H3K4me1	1.16234563874e-08	7.49358515295e-08	0.438366476389
Psoas_Muscle__H3K4me1	1.2426392366e-08	8.04264185698e-08	0.438605252436
Brain_Dorsolateral_Prefrontal_Cortex__H3K4me3	2.59504987145e-08	1.70360502177e-07	0.439464527975
Colon_Smooth_Muscle__H3K27ac	9.41303646684e-09	6.17972347726e-08	0.439466754498
Colon_Smooth_Muscle__H3K4me3	1.98445216099e-08	1.3202005528e-07	0.440258267692
NHLF_Lung_Fibroblast_Primary_Cells__H3K4me3	3.11786722102e-08	2.40141040439e-07	0.448348551163
Primary_hematopoietic_stem_cells_short_term_culture__H3K4me1	6.35079795173e-09	5.25142666272e-08	0.451871372049
Brain_Dorsolateral_Prefrontal_Cortex__H3K27ac	6.33766436661e-09	6.12677117544e-08	0.458806026866
Thymus__H3K4me1	6.95809666361e-09	6.95468132288e-08	0.460152669021
NHDF-Ad_Adult_Dermal_Fibroblast_Primary_Cells__H3K36me3	1.18243438368e-08	1.21964216091e-07	0.461383333725
NHLF_Lung_Fibroblast_Primary_Cells__H3K27ac	7.54867753482e-09	8.04168880211e-08	0.462606487882
Primary_T_killer_naive_cells_from_peripheral_blood__H3K9ac	1.78144346739e-08	1.93337608132e-07	0.46329277236
Foreskin_Fibroblast_Primary_Cells_skin01__H3K27ac	4.70484069059e-09	5.13526228844e-08	0.463500650381
Stomach_Smooth_Muscle__H3K9ac	1.39302588771e-08	1.63687085849e-07	0.4660897604
Liver__H3K4me1	3.43507586207e-09	4.10240550836e-08	0.466634275632
Ganglion_Eminence_derived_primary_cultured_neurospheres__H3K4me1	5.49019078673e-09	7.97306433712e-08	0.472550835216
Primary_hematopoietic_stem_cells_short_term_culture__H3K36me3	3.18476236291e-09	4.6513750698e-08	0.472706042465
Foreskin_Keratinocyte_Primary_Cells_skin03__H3K4me1	2.82556053332e-09	4.83855855117e-08	0.476716305094
Foreskin_Keratinocyte_Primary_Cells_skin03__H3K36me3	1.68687556757e-09	2.9219009036e-08	0.476981000991
Colonic_Mucosa__H3K9ac	7.46276605834e-09	1.43381633371e-07	0.479245115551
Primary_T_killer_naive_cells_from_peripheral_blood__H3K4me3	7.17576436033e-09	1.72258651924e-07	0.483386099702
Vagina_ENTEX__H3K36me3	6.53575130172e-09	1.61994214269e-07	0.483908805982
Esophagus__H3K36me3	3.11605528519e-09	8.26625179152e-08	0.484964989183
Psoas_Muscle__H3K27ac	2.53683002119e-09	7.02811977551e-08	0.485603133329
Left_Ventricle__H3K4me3	6.86060051195e-09	2.21845297917e-07	0.487664613845
Vagina_ENTEX__H3K27ac	1.13876130999e-09	4.79413144852e-08	0.490524721281
Colon-Sigm_ENTEX__H3K4me3	3.85451268636e-09	2.54267055447e-07	0.493952542597
Pancreas__DNase	-3.58339147614e-10	1.35213848251e-07	0.501057262042
Rectal_Mucosa_Donor_31__H3K4me1	-2.60612546747e-10	6.14186051689e-08	0.501692794088
Right_Atrium__H3K4me3	-9.18249287864e-10	1.95478970911e-07	0.501873997576
Rectal_Mucosa_Donor_31__H3K27ac	-1.69657171899e-09	6.51257547708e-08	0.510391551641
Right_Ventricle__H3K4me3	-1.14544813448e-08	1.80590982878e-07	0.52528705838
Rectal_Mucosa_Donor_29__H3K4me3	-8.14553691116e-09	1.27182589375e-07	0.525533202847
Skeletal_Muscle_Female__H3K27ac	-3.07279623843e-09	4.51760810783e-08	0.52711443142
Aorta_ENTEX__H3K27ac	-2.44115665383e-09	2.50334437766e-08	0.538841611944
Stomach_ENTEX__H3K4me3	-1.58104527702e-08	1.51536230474e-07	0.541548039215
Primary_neutrophils_from_peripheral_blood__H3K4me1	-3.58729383645e-09	3.15911379494e-08	0.545204244639
Placenta_Amnion__H3K27ac	-1.40782018722e-08	1.18661226016e-07	0.547220494397
Ovary_ENTEX__H3K36me3	-2.35473207701e-08	1.96379898308e-07	0.5477215829
Heart-Atrial_ENTEX__H3K4me3	-2.2437232847e-08	1.80459626911e-07	0.549474510502
Stomach_Mucosa__H3K9ac	-1.72517418616e-08	1.3321631274e-07	0.551519668657
Primary_neutrophils_from_peripheral_blood__H3K36me3	-3.77026356454e-09	2.7772949547e-08	0.553991759592
Rectal_Mucosa_Donor_29__H3K36me3	-8.23216564347e-09	5.96673428022e-08	0.554867024776
Rectal_Mucosa_Donor_29__H3K9ac	-2.25933008136e-08	1.63739248467e-07	0.554873237803
Stomach_Smooth_Muscle__H3K36me3	-1.04800152257e-08	7.36279181836e-08	0.556593293952
Fetal_Kidney__H3K36me3	-2.56150576535e-08	1.72822125802e-07	0.558913969496
Left_Ventricle__H3K27ac	-7.6672199208e-09	5.16703006019e-08	0.558981465789
Fetal_Thymus__H3K36me3	-5.35868608918e-09	3.34513189897e-08	0.563635701384
Primary_mononuclear_cells_from_peripheral_blood__H3K27ac	-3.13105749658e-08	1.82958406011e-07	0.56794116665
Foreskin_Melanocyte_Primary_Cells_skin01__H3K27ac	-2.55736235652e-08	1.47795599899e-07	0.56868754164
HMEC_Mammary_Epithelial_Primary_Cells__H3K36me3	-1.24805953836e-08	7.07633211885e-08	0.569998743945
Mammary_ENTEX__H3K36me3	-8.80542898369e-09	4.84784159334e-08	0.572065830317
Adipose_Nuclei__H3K27ac	-7.63071934871e-09	3.96442566587e-08	0.576316812799
Fetal_Brain_Male__H3K36me3	-4.83465830392e-08	2.44310968765e-07	0.57843425239
Ovary__DNase	-2.00025576881e-08	9.97983651958e-08	0.579427738319
Liver__H3K9ac	-1.62462559741e-08	7.82586354141e-08	0.582228166717
Cortex_derived_primary_cultured_neurospheres__H3K4me3	-4.16637980823e-08	1.99415129089e-07	0.582748548367
Heart-LV_ENTEX__H3K36me3	-1.17292670215e-08	5.50019914837e-08	0.584434669338
Heart-LV_ENTEX__H3K27ac	-1.13965724896e-08	5.1292836163e-08	0.587915623859
Fetal_Lung__DNase	-2.19217500856e-08	9.65626715359e-08	0.589796276805
Colonic_Mucosa__H3K36me3	-2.09705002791e-08	9.00342603952e-08	0.592087030139
Primary_T_helper_cells_from_peripheral_blood__H3K4me3	-3.81011946004e-08	1.63410097711e-07	0.592182596332
Spleen__H3K4me3	-3.39703129768e-08	1.38451854137e-07	0.596910496922
Prostate_ENTEX__H3K36me3	-7.54812602298e-08	3.04375489983e-07	0.597927888903
Psoas_Muscle__DNase	-2.37153540367e-08	8.97090890687e-08	0.60424813018
Duodenum_Smooth_Muscle__H3K4me3	-2.33312458846e-08	8.6136336674e-08	0.606752241813
Spleen_ENTEX__H3K4me3	-1.92316881483e-08	7.02901818276e-08	0.607805592529
Primary_T_killer_naive_cells_from_peripheral_blood__H3K27ac	-2.98265769503e-08	1.08431722213e-07	0.608369702448
HMEC_Mammary_Epithelial_Primary_Cells__H3K27ac	-1.64707047689e-08	5.98120872206e-08	0.608485612451
NHDF-Ad_Adult_Dermal_Fibroblast_Primary_Cells__H3K4me3	-6.52154406237e-08	2.26186110088e-07	0.613451573036
Foreskin_Keratinocyte_Primary_Cells_skin02__H3K4me1	-1.97759509767e-08	6.67849614947e-08	0.616428425108
Ovary__H3K27ac	-2.55153735358e-08	8.28856308316e-08	0.620897320164
Pancreatic_Islets__H3K4me3	-5.88175365898e-08	1.87530254607e-07	0.62310387102
Brain_Inferior_Temporal_Lobe__H3K4me3	-4.80080586375e-08	1.5295652616e-07	0.62318910323
Ovary__H3K4me1	-2.36075546809e-08	7.32149881395e-08	0.626440896548
Brain_Cingulate_Gyrus__H3K4me3	-4.9023200809e-08	1.49599141094e-07	0.628429642021
Ovary_ENTEX__H3K4me3	-8.08098730013e-08	2.45236700107e-07	0.629117852236
Primary_T_helper_memory_cells_from_peripheral_blood_2__H3K27ac	-2.42256774731e-08	7.30566642487e-08	0.629904793022
Skeletal_Muscle_Male__H3K36me3	-2.22780505217e-08	6.65399073018e-08	0.631114794919
Adipose_Nuclei__H3K4me3	-3.65277628501e-08	1.06395748299e-07	0.634321041839
Aorta__H3K36me3	-5.11772406305e-08	1.4787599053e-07	0.635359510859
Heart-Atrial_ENTEX__H3K27ac	-1.22657931929e-08	3.50447421703e-08	0.636832079907
Liver__H3K27ac	-1.5647397802e-08	4.40078103837e-08	0.638914784196
Gastric__H3K36me3	-2.70482637312e-08	7.55341434267e-08	0.639863219126
Primary_T_helper_naive_cells_from_peripheral_blood_1__H3K4me3	-4.96020935341e-08	1.37505003906e-07	0.640849116852
Duodenum_Mucosa__H3K4me3	-3.60188393546e-08	9.93086847685e-08	0.641583918026
Primary_B_cells_from_peripheral_blood__H3K4me3	-7.81933017093e-08	2.11623300406e-07	0.644119808561
Pancreas_ENTEX__H3K36me3	-1.93183968462e-08	5.22761799931e-08	0.644139201904
Primary_T_helper_naive_cells_from_peripheral_blood__H3K9ac	-5.33803947088e-08	1.40789681662e-07	0.64771172618
Primary_B_cells_from_peripheral_blood__H3K36me3	-1.48646272207e-08	3.89338484062e-08	0.648692129308
Lung__H3K27ac	-2.90110902937e-08	7.52297284163e-08	0.650115875454
Rectal_Smooth_Muscle__H3K9ac	-8.40645021639e-08	2.16738998935e-07	0.650940374323
Primary_hematopoietic_stem_cells_G-CSF-mobilized_Male__H3K4me3	-4.55651680919e-08	1.14760802598e-07	0.654332749801
Primary_T_cells_from_cord_blood__H3K4me3	-7.24711618841e-08	1.79899225151e-07	0.65646817459
Fetal_Lung__H3K4me3	-6.83312146711e-08	1.68419713276e-07	0.65752575884
Placenta__DNase	-3.48935400786e-08	8.05623731205e-08	0.667537848912
Stomach_Mucosa__H3K4me1	-2.17118398485e-08	4.9856659904e-08	0.66839487734
Rectal_Smooth_Muscle__H3K36me3	-6.03225015137e-08	1.36953866147e-07	0.670197487097
Primary_T_helper_naive_cells_from_peripheral_blood_2__H3K27ac	-2.61276522681e-08	5.73905686101e-08	0.675539038111
Primary_mononuclear_cells_from_peripheral_blood__H3K9ac	-5.80986990138e-08	1.26876722365e-07	0.676493088483
Fetal_Kidney__H3K4me1	-5.87327259444e-08	1.28134671456e-07	0.676655660832
NHEK-Epidermal_Keratinocyte_Primary_Cells__H3K27ac	-2.65991817963e-08	5.43367302719e-08	0.687764930489
Foreskin_Melanocyte_Primary_Cells_skin03__H3K4me1	-1.64740355719e-08	3.32679369201e-08	0.689767906717
Primary_mononuclear_cells_from_peripheral_blood__H3K36me3	-2.32802318967e-08	4.64805846374e-08	0.691764916993
Fetal_Lung__H3K4me1	-2.35042412392e-08	4.63205709911e-08	0.694071869099
Primary_T_cells_from_cord_blood__H3K4me1	-3.9746477998e-08	7.72631983133e-08	0.696524173714
Primary_T_helper_cells_from_peripheral_blood__H3K27ac	-3.98578384367e-08	7.70412230907e-08	0.697546615971
Thyroid_gland_ENTEX__H3K4me1	-1.76668243817e-08	3.39714186484e-08	0.69848551492
Primary_T_helper_naive_cells_from_peripheral_blood_1__H3K27ac	-6.43174648029e-08	1.19176285567e-07	0.705292310309
Primary_hematopoietic_stem_cells_short_term_culture__H3K4me3	-9.26339127726e-08	1.71596737512e-07	0.70534456212
Primary_hematopoietic_stem_cells__H3K4me3	-1.05277720732e-07	1.91067903192e-07	0.709181917886
liver_ENTEX__H3K4me3	-5.47087446624e-08	9.61701804091e-08	0.715279278415
Duodenum_Mucosa__H3K36me3	-2.9007980273e-08	5.0958273437e-08	0.715406640979
Testis_ENTEX__H3K27ac	-1.95698500902e-08	3.42981022711e-08	0.715858194997
liver_ENTEX__H3K36me3	-3.30370154578e-08	5.7079838131e-08	0.718633235819
Skeletal_Muscle_Female__H3K4me1	-2.33217001521e-08	3.99815373391e-08	0.720158269947
Small_Intestine__H3K36me3	-9.16880672043e-08	1.56254556071e-07	0.721326454413
Primary_T_cells_from_peripheral_blood__H3K4me3	-9.91559267804e-08	1.68809503634e-07	0.721526932867
Adrenal_gland_ENTEX__H3K36me3	-3.06535274767e-08	5.20666124336e-08	0.72198105486
Adipose_Nuclei__H3K9ac	-8.23112012929e-08	1.39291503192e-07	0.722715552201
Lung_ENTEX__H3K4me1	-2.80752530912e-08	4.69853154635e-08	0.724924042981
NHEK-Epidermal_Keratinocyte_Primary_Cells__H3K9ac	-5.16287242425e-08	8.57521122898e-08	0.726436034444
Pancreas_ENTEX__H3K4me1	-1.74588340816e-08	2.86394081308e-08	0.728939496369
Brain_Angular_Gyrus__H3K4me3	-1.05717873484e-07	1.72942905742e-07	0.729495438373
Primary_T_cells_effector_memory_enriched_from_peripheral_blood__H3K4me3	-9.58805287399e-08	1.56266214066e-07	0.730250809882
HMEC_Mammary_Epithelial_Primary_Cells__H3K4me1	-3.23955330853e-08	5.08100490536e-08	0.738126838227
Breast_Myoepithelial_Primary_Cells__H3K9ac	-8.14742394821e-08	1.27351256135e-07	0.738835679007
NHEK-Epidermal_Keratinocyte_Primary_Cells__H3K4me3	-7.82006392737e-08	1.21031176185e-07	0.740899113096
Lung__H3K36me3	-4.89347871024e-08	7.51783723742e-08	0.74244956508
Spleen__H3K36me3	-4.08237076031e-08	6.09068974131e-08	0.74865528025
Fetal_Adrenal_Gland__H3K36me3	-3.2778675142e-08	4.77738539397e-08	0.75368179791
Adrenal_gland_ENTEX__H3K27ac	-2.90291842697e-08	4.2268101328e-08	0.7538915316
Colon-Sigm_ENTEX__H3K4me1	-1.76391901944e-07	2.5414715843e-07	0.756175889343
Primary_hematopoietic_stem_cells_G-CSF-mobilized_Female__H3K4me3	-9.95653942692e-08	1.43259927058e-07	0.756471791393
NHEK-Epidermal_Keratinocyte_Primary_Cells__H3K4me1	-3.18642982728e-08	4.48608389599e-08	0.761238482559
Lung_ENTEX__H3K27ac	-2.91137396509e-08	4.04373617732e-08	0.764228664716
Pancreas__H3K36me3	-6.7191917669e-08	9.31055941777e-08	0.764752637244
Esophagus__H3K4me3	-1.43634849394e-07	1.9437674533e-07	0.770031560022
Breast_variant_Human_Mammary_Epithelial_Cells_(vHMEC)__H3K4me1	-3.7885674032e-08	5.0439113262e-08	0.773708868832
Primary_neutrophils_from_peripheral_blood__H3K4me3	-6.43726250174e-08	8.56301289647e-08	0.773899908788
Small_Intestine__H3K4me3	-2.00416461319e-07	2.60621953988e-07	0.779051270446
Pancreatic_Islets__H3K27ac	-1.10210182383e-07	1.42926845326e-07	0.779674701628
Primary_T_regulatory_cells_from_peripheral_blood__H3K4me3	-9.16518782066e-08	1.18567042121e-07	0.780237698207
Stomach_Mucosa__H3K4me3	-1.68684966789e-07	2.14223215907e-07	0.784483784465
Primary_T_regulatory_cells_from_peripheral_blood__H3K27ac	-4.32235743315e-08	5.48096879779e-08	0.7848305747
Foreskin_Keratinocyte_Primary_Cells_skin02__DNase	-6.96658090347e-08	8.82125677705e-08	0.785162887966
Lung_ENTEX__H3K36me3	-3.79705334189e-08	4.70564458104e-08	0.790142158331
Skeletal_Muscle_Female__H3K9ac	-8.31050810855e-08	1.02451210253e-07	0.791365225806
Colon_Smooth_Muscle__H3K9ac	-1.13067940968e-07	1.3918759933e-07	0.791702308311
Gastric__H3K4me1	-8.36622144094e-08	1.02785080461e-07	0.79216403333
Primary_T_killer_memory_cells_from_peripheral_blood__H3K4me3	-1.21085147906e-07	1.48256673544e-07	0.792957616231
Uterus_ENTEX__H3K27ac	-2.79078704419e-08	3.36014755659e-08	0.796887441428
Skeletal_Muscle_Female__H3K4me3	-9.26985939292e-08	1.11565552274e-07	0.796981840373
Breast_variant_Human_Mammary_Epithelial_Cells_(vHMEC)__H3K36me3	-3.07663026035e-08	3.58629115714e-08	0.804522391154
Primary_T_helper_memory_cells_from_peripheral_blood_1__H3K4me3	-1.19563526018e-07	1.392308108e-07	0.804758922328
Thymus__H3K36me3	-6.98993577286e-08	8.1213357219e-08	0.805295033519
Heart-Atrial_ENTEX__H3K36me3	-4.41049686077e-08	5.09198349016e-08	0.80680010315
Primary_monocytes_from_peripheral_blood__H3K4me3	-1.68181947627e-07	1.94096541647e-07	0.806888166166
Primary_T_helper_17_cells_PMA-I_stimulated__H3K4me3	-1.16357089253e-07	1.33987789316e-07	0.807416576804
Skeletal_Muscle_Male__H3K9ac	-5.76900831486e-08	6.60158283663e-08	0.808908901881
skeletal_muscle_ENTEX__H3K4me3	-6.29696699747e-08	7.0594304321e-08	0.813801827424
Pancreas_ENTEX__H3K27ac	-3.12165133409e-08	3.49624848369e-08	0.814033228858
Esoph-Mucosa_ENTEX__H3K4me1	-4.79633487048e-08	5.29748617341e-08	0.81737278672
Stomach_Mucosa__H3K36me3	-1.26601948996e-07	1.37638472778e-07	0.821165310883
Foreskin_Melanocyte_Primary_Cells_skin03__H3K27ac	-6.11319061492e-08	6.43115872799e-08	0.829085649901
Pancreatic_Islets__H3K9ac	-2.16367142068e-07	2.24507787568e-07	0.832411860329
Primary_monocytes_from_peripheral_blood__H3K4me1	-3.70207100632e-08	3.76210368842e-08	0.837452762675
NHLF_Lung_Fibroblast_Primary_Cells__H3K4me1	-8.35304868628e-08	8.42270780463e-08	0.839335277425
Gastric__H3K4me3	-1.6028310849e-07	1.60670093611e-07	0.840761240849
Primary_T_regulatory_cells_from_peripheral_blood__H3K36me3	-4.16843378742e-08	4.17406356376e-08	0.841018167496
Primary_T_helper_cells_PMA-I_stimulated__H3K36me3	-5.23868990424e-08	5.17688303052e-08	0.844216392842
Aorta_ENTEX__H3K36me3	-4.12491544453e-08	4.05860965507e-08	0.845265549155
Primary_mononuclear_cells_from_peripheral_blood__H3K4me1	-1.43072061466e-07	1.40341608547e-07	0.846006677561
Duodenum_Mucosa__H3K9ac	-1.42260063537e-07	1.34619212535e-07	0.854689203242
Testis_ENTEX__H3K36me3	-2.225306696e-07	2.08968373872e-07	0.856539676318
Breast_variant_Human_Mammary_Epithelial_Cells_(vHMEC)__H3K4me3	-2.28799691439e-07	2.14320182183e-07	0.85714052221
Pancreatic_Islets__H3K36me3	-1.0913966718e-07	1.01737311907e-07	0.858310480287
Pancreatic_Islets__H3K4me1	-5.50690761087e-08	5.11065366282e-08	0.859379312886
Pancreas__H3K4me3	-1.82272949062e-07	1.67274312732e-07	0.862069610836
HMEC_Mammary_Epithelial_Primary_Cells__H3K9ac	-1.12737238689e-07	1.03402836593e-07	0.862203372507
Fetal_Heart__H3K36me3	-1.51163883164e-07	1.3842926987e-07	0.862582053053
Primary_T_regulatory_cells_from_peripheral_blood__H3K4me1	-5.61535775486e-08	5.1240368018e-08	0.863435562544
Prostate_ENTEX__H3K27ac	-7.00275123333e-08	5.78965476114e-08	0.886770025718
Stomach_ENTEX__H3K4me1	-7.5854514348e-08	6.12450989507e-08	0.892242078751
Lung_ENTEX__H3K4me3	-2.55025850086e-07	2.0398380719e-07	0.894391490924
Esoph-Muscularis_ENTEX__H3K36me3	-5.74347031197e-08	4.51604926382e-08	0.898276286661
Rectal_Mucosa_Donor_31__H3K36me3	-7.48288063773e-08	5.87555469636e-08	0.898590579658
Primary_monocytes_from_peripheral_blood__H3K27ac	-8.26886056692e-08	6.48606194023e-08	0.898821682226
Gastric__H3K27ac	-1.41358407684e-07	1.10084667973e-07	0.900444427262
Lung__H3K4me3	-2.63795652863e-07	2.0506075029e-07	0.900852931733
Fetal_Adrenal_Gland__DNase	-1.46595976485e-07	1.13878081394e-07	0.901006233178
Primary_T_cells_from_peripheral_blood__DNase	-1.31542412316e-07	1.01901340714e-07	0.901627370591
Primary_T_helper_memory_cells_from_peripheral_blood_1__H3K36me3	-8.5154803067e-08	6.57477803657e-08	0.902369860985
Fetal_Adrenal_Gland__H3K4me3	-3.11794541164e-07	2.38801601869e-07	0.904166496357
Thyroid_gland_ENTEX__H3K27ac	-3.76510950161e-08	2.84381806868e-08	0.907242310037
Primary_T_helper_naive_cells_from_peripheral_blood_2__H3K4me1	-5.86432820693e-08	4.41565313051e-08	0.907923696192
Primary_Natural_Killer_cells_from_peripheral_blood__H3K4me1	-7.00370382883e-08	5.2218186353e-08	0.910078473616
Primary_Natural_Killer_cells_from_peripheral_blood__H3K36me3	-6.0127067447e-08	4.47268643964e-08	0.910576989304
Primary_B_cells_from_cord_blood__H3K4me3	-2.78156497652e-07	2.03856552978e-07	0.913790422614
Spleen__H3K4me1	-8.50453067191e-08	6.21578836307e-08	0.914377500335
Stomach_ENTEX__H3K36me3	-5.3785177451e-08	3.91895243201e-08	0.915036377069
Primary_B_cells_from_peripheral_blood__H3K27ac	-9.62002241674e-08	6.88752278569e-08	0.918752888108
HMEC_Mammary_Epithelial_Primary_Cells__DNase	-1.23761957717e-07	8.84806541152e-08	0.919055412062
Skeletal_Muscle_Male__H3K4me3	-1.79424738043e-07	1.24269767074e-07	0.925606962052
Prostate_ENTEX__H3K4me3	-2.92440462235e-07	1.99704902226e-07	0.928452598864
Adrenal_gland_ENTEX__H3K4me1	-6.96687854385e-08	4.75187753518e-08	0.928693801739
Primary_T_helper_memory_cells_from_peripheral_blood_2__H3K4me3	-2.14330871414e-07	1.45865427764e-07	0.929134316341
Primary_T_helper_cells_PMA-I_stimulated__H3K4me3	-1.37772918522e-07	9.32243116499e-08	0.930278000574
Skin_tissue_ENTEX__H3K4me3	-2.23787770175e-07	1.49934246363e-07	0.932225469389
Heart-LV_ENTEX__H3K4me3	-2.35797321847e-07	1.57595209976e-07	0.932702011981
Primary_T_helper_memory_cells_from_peripheral_blood_1__H3K27ac	-1.16913948023e-07	7.8088200407e-08	0.93282987761
Primary_T_cells_effector_memory_enriched_from_peripheral_blood__H3K36me3	-8.74021044137e-08	5.83261501058e-08	0.932999123762
Spleen_ENTEX__H3K27ac	-4.44872005847e-08	2.94877542914e-08	0.934308043331
SI-Term-Ileum_ENTEX__H3K36me3	-1.73591939658e-07	1.14185206517e-07	0.935777989958
Primary_Natural_Killer_cells_from_peripheral_blood__H3K4me3	-3.08140212646e-07	1.96914400655e-07	0.941190191051
Primary_B_cells_from_cord_blood__H3K4me1	-8.00506604092e-08	5.11189956941e-08	0.941321828709
Primary_T_helper_cells_from_peripheral_blood__H3K36me3	-7.13794427655e-08	4.52209123679e-08	0.942770119893
Gastric__DNase	-2.43863738598e-07	1.52507177995e-07	0.945093166895
Primary_B_cells_from_peripheral_blood__DNase	-1.61365847957e-07	9.9897083469e-08	0.946879391329
Heart-Atrial_ENTEX__H3K4me1	-2.8266317273e-07	1.74051867879e-07	0.947813897787
Breast_variant_Human_Mammary_Epithelial_Cells_(vHMEC)__DNase	-1.68131365617e-07	1.02545183525e-07	0.949454076278
Primary_T_helper_naive_cells_from_peripheral_blood_2__H3K36me3	-9.79780940669e-08	5.89848276527e-08	0.951650588852
Primary_T_helper_naive_cells_from_peripheral_blood_1__H3K4me1	-8.67938201464e-08	5.0085127562e-08	0.958445589493
NHEK-Epidermal_Keratinocyte_Primary_Cells__DNase	-1.50496163493e-07	8.66225484628e-08	0.95883981853
Primary_T_cells_effector_memory_enriched_from_peripheral_blood__H3K4me1	-1.256407981e-07	7.21773482179e-08	0.959133961654
Primary_T_helper_17_cells_PMA-I_stimulated__H3K27ac	-1.40294428236e-07	7.9739871936e-08	0.960745307855
Foreskin_Keratinocyte_Primary_Cells_skin03__H3K27ac	-9.54586139543e-08	5.23551330071e-08	0.965870293928
Primary_T_cells_effector_memory_enriched_from_peripheral_blood__H3K27ac	-1.31812095861e-07	7.09578338927e-08	0.968387905493
Primary_monocytes_from_peripheral_blood__DNase	-2.23940478797e-07	1.19747362299e-07	0.969265576695
Primary_B_cells_from_cord_blood__H3K36me3	-2.72750066135e-07	1.44007000415e-07	0.970887867137
Pancreas_ENTEX__H3K4me3	-2.54508538653e-07	1.33788422825e-07	0.971435405079
liver_ENTEX__H3K4me1	-2.96964283507e-07	1.55824894238e-07	0.971659088474
Primary_T_cells_from_cord_blood__H3K36me3	-2.15976545285e-07	1.12324764387e-07	0.972746568529
Primary_T_cells_from_peripheral_blood__H3K27ac	-1.18943952207e-07	6.15364671535e-08	0.973375856033
Primary_T_helper_cells_PMA-I_stimulated__H3K4me1	-7.27264239751e-08	3.76038580487e-08	0.973444355663
Primary_T_helper_naive_cells_from_peripheral_blood_1__H3K36me3	-1.32017344894e-07	6.81179756312e-08	0.973692604681
Fetal_Adrenal_Gland__H3K4me1	-9.66297164594e-08	4.98109058899e-08	0.973805957084
Primary_T_cells_from_cord_blood__DNase	-2.85229753293e-07	1.46723336175e-07	0.974052105046
Spleen__H3K27ac	-1.25634928094e-07	6.44296838407e-08	0.974409206742
Fetal_Adrenal_Gland__H3K27ac	-8.75763124628e-08	4.45298444095e-08	0.975390406773
Stomach_ENTEX__H3K27ac	-9.35439854151e-08	4.64920417254e-08	0.97789229588
Fetal_Lung__H3K9ac	-2.7114130461e-07	1.34525991626e-07	0.978075478647
Primary_T_cells_from_peripheral_blood__H3K4me1	-9.90832584885e-08	4.883693517e-08	0.978763676255
Thyroid_gland_ENTEX__H3K4me3	-2.73469140763e-07	1.34780262833e-07	0.97877085011
Primary_T_killer_memory_cells_from_peripheral_blood__H3K4me1	-1.14523704283e-07	5.55290364033e-08	0.980415696062
Primary_T_cells_from_peripheral_blood__H3K36me3	-9.98014820856e-08	4.81595778455e-08	0.980881640104
Primary_T_helper_cells_from_peripheral_blood__H3K4me1	-9.18408397918e-08	4.30382139571e-08	0.983576033378
Liver__H3K36me3	-8.470555078e-08	3.8811001306e-08	0.985464187644
Spleen_ENTEX__H3K4me1	-2.55070649022e-07	1.16232621852e-07	0.985899689728
Primary_T_helper_17_cells_PMA-I_stimulated__H3K36me3	-1.24484077033e-07	5.63152403995e-08	0.986464290794
Primary_B_cells_from_peripheral_blood__H3K4me1	-9.05070808667e-08	4.08349076416e-08	0.986668435779
Primary_Natural_Killer_cells_from_peripheral_blood__DNase	-2.442695064e-07	1.09933661927e-07	0.986857397273
Primary_T_killer_naive_cells_from_peripheral_blood__H3K4me1	-9.73491529604e-08	4.37127650787e-08	0.987026993869
Primary_Natural_Killer_cells_from_peripheral_blood__H3K27ac	-1.29725377497e-07	5.78393337823e-08	0.98754699404
Liver__H3K4me3	-1.57498438174e-07	7.02110335178e-08	0.987558520792
Primary_T_helper_memory_cells_from_peripheral_blood_2__H3K36me3	-1.85835016783e-07	8.11458922568e-08	0.988993242866
Primary_T_helper_cells_PMA-I_stimulated__H3K27ac	-9.51011408927e-08	4.07754777914e-08	0.990157861201
Primary_T_helper_memory_cells_from_peripheral_blood_2__H3K4me1	-9.41056310829e-08	4.00892742958e-08	0.990547569869
Primary_T_helper_memory_cells_from_peripheral_blood_1__H3K4me1	-1.09809802801e-07	4.28098315856e-08	0.994842107378
Primary_T_killer_naive_cells_from_peripheral_blood__H3K36me3	-2.11511286787e-07	8.16869786979e-08	0.995191298516
Primary_T_helper_17_cells_PMA-I_stimulated__H3K4me1	-1.35057430216e-07	5.11061013317e-08	0.995887448559
Primary_T_killer_memory_cells_from_peripheral_blood__H3K36me3	-2.3818548003e-07	7.6282826716e-08	0.999103084106
