Name	Coefficient	Coefficient_std_error	Coefficient_P_value
Primary_monocytes_from_peripheral_blood__H3K4me3	5.7391806533e-07	1.76851960988e-07	0.000586863156426
Esoph-Muscularis_ENTEX__H3K4me3	4.62104445159e-07	1.62632333232e-07	0.0022457563753
Ovary__H3K4me3	4.5920282517e-07	1.93348902237e-07	0.00877457562405
Lung__H3K27ac	1.77480368871e-07	7.77489167053e-08	0.0112229173022
Fetal_Intestine_Large__H3K36me3	1.08774873844e-07	4.82989963084e-08	0.0121575160431
Primary_hematopoietic_stem_cells_G-CSF-mobilized_Male__DNase	3.17542467329e-07	1.41069621929e-07	0.0121939476618
Ganglion_Eminence_derived_primary_cultured_neurospheres__H3K4me3	4.5286109754e-07	2.14083917387e-07	0.017200325944
Foreskin_Melanocyte_Primary_Cells_skin01__DNase	1.98909943364e-07	9.44766516639e-08	0.0176288038247
Brain_Germinal_Matrix__H3K4me3	5.21205406558e-07	2.50538946545e-07	0.0187473228655
Esoph-GJ_ENTEX__H3K4me3	3.09763322565e-07	1.49837659569e-07	0.0193517125382
Cortex_derived_primary_cultured_neurospheres__H3K4me3	4.70902872427e-07	2.31637818063e-07	0.0210299280314
Primary_hematopoietic_stem_cells_G-CSF-mobilized_Female__DNase	2.42433491322e-07	1.22796654621e-07	0.0241756454143
Primary_hematopoietic_stem_cells_short_term_culture__H3K4me1	1.06921915626e-07	5.69220160059e-08	0.0301637121531
Psoas_Muscle__H3K27ac	1.68038491333e-07	8.96108778142e-08	0.0303824741465
Primary_hematopoietic_stem_cells_G-CSF-mobilized_Female__H3K4me1	7.41420885688e-08	3.97120525746e-08	0.0309513452952
Aorta__H3K4me1	2.05140849776e-07	1.10248685441e-07	0.0313925587356
Breast_Myoepithelial_Primary_Cells__H3K36me3	7.36576990062e-08	4.0665116009e-08	0.0350453593688
Foreskin_Melanocyte_Primary_Cells_skin03__H3K4me1	7.31346226448e-08	4.08053694716e-08	0.0365441116246
Left_Ventricle__H3K4me1	1.21126882877e-07	6.77389613107e-08	0.0368765491453
Skeletal_Muscle_Male__H3K9ac	1.44407145418e-07	8.11096168256e-08	0.037505680656
Fetal_Brain_Female__H3K4me3	3.68645526593e-07	2.09042482478e-07	0.0389084578669
Left_Ventricle__H3K4me3	3.97240740861e-07	2.4279033384e-07	0.0509043850067
Right_Atrium__H3K27ac	1.16519100099e-07	7.12952202145e-08	0.0510959915303
Thymus__H3K36me3	1.28681672428e-07	7.91511751561e-08	0.0519992070026
Skeletal_Muscle_Female__H3K9ac	1.84263421122e-07	1.13809779924e-07	0.0527185392195
Right_Ventricle__H3K27ac	1.1214714499e-07	6.98074891846e-08	0.0540798246266
Left_Ventricle__H3K27ac	8.37193385417e-08	5.24808776817e-08	0.0553298353843
Right_Atrium__H3K4me3	3.18981568208e-07	2.01120627745e-07	0.0563672565554
Lung__H3K4me1	1.28596652278e-07	8.15346691133e-08	0.0573745136663
Stomach_ENTEX__H3K36me3	7.01852437214e-08	4.5648256336e-08	0.0620826444051
Primary_monocytes_from_peripheral_blood__H3K4me1	6.06891592969e-08	3.96996732868e-08	0.0631685766937
Fetal_Thymus__H3K36me3	5.23695951973e-08	3.43930070721e-08	0.0639192057484
Right_Atrium__H3K4me1	1.23672917495e-07	8.25856888843e-08	0.0671302672928
Vagina_ENTEX__H3K4me3	3.06322745559e-07	2.04905011056e-07	0.0674637463226
Duodenum_Mucosa__H3K36me3	8.00373156839e-08	5.48150673288e-08	0.0721266947173
Primary_hematopoietic_stem_cells_G-CSF-mobilized_Male__H3K4me1	6.63233642137e-08	4.59125002454e-08	0.07429074879
Stomach_Smooth_Muscle__H3K4me3	1.61718353205e-07	1.14655621959e-07	0.0792004253178
Brain_Germinal_Matrix__H3K4me1	1.57906597725e-07	1.12240873402e-07	0.0797352426734
Testis_ENTEX__H3K27ac	5.4079021214e-08	3.87141890571e-08	0.081225044313
Lung_ENTEX__H3K27ac	5.22381875924e-08	3.75466718591e-08	0.082069242929
Aorta__H3K4me3	3.39409599434e-07	2.4525489197e-07	0.0831936927732
Fetal_Brain_Female__H3K36me3	1.01559052737e-07	7.36318578196e-08	0.0839040028431
Primary_hematopoietic_stem_cells_G-CSF-mobilized_Female__H3K27ac	9.49764237146e-08	7.07508307968e-08	0.089732002919
Brain_Angular_Gyrus__H3K9ac	1.78004391717e-07	1.33114620997e-07	0.0905743657533
Brain_Inferior_Temporal_Lobe__H3K4me1	8.55563204914e-08	6.52034837568e-08	0.094735878397
Adipose_Nuclei__H3K4me1	6.33859351893e-08	4.84346239538e-08	0.0953195951878
Brain_Anterior_Caudate__H3K9ac	1.50795835582e-07	1.15999371198e-07	0.0968054292447
Brain_Hippocampus_Middle__H3K27ac	5.51179570911e-08	4.29508492145e-08	0.0996970339217
Brain_Inferior_Temporal_Lobe__H3K9ac	1.33725289484e-07	1.04224428669e-07	0.0997370506496
Skeletal_Muscle_Male__H3K4me1	6.63455144513e-08	5.18195368254e-08	0.100216562492
Primary_hematopoietic_stem_cells_G-CSF-mobilized_Female__H3K4me3	2.13070525137e-07	1.66818289371e-07	0.100755026983
Sigmoid_Colon__H3K4me1	1.60361496028e-07	1.26139232616e-07	0.101809999092
Fetal_Heart__H3K9ac	9.16123490102e-08	7.21793134929e-08	0.102179030712
Pancreatic_Islets__H3K4me1	1.00251149757e-07	7.93331681753e-08	0.103173784377
Brain_Germinal_Matrix__H3K36me3	1.16384645858e-07	9.26698238752e-08	0.104574912929
Ganglion_Eminence_derived_primary_cultured_neurospheres__H3K4me1	1.38017793585e-07	1.1035645156e-07	0.105530277352
Skeletal_Muscle_Female__H3K4me3	1.58910663748e-07	1.28060621133e-07	0.107321001644
NHLF_Lung_Fibroblast_Primary_Cells__DNase	1.54487162628e-07	1.24659741324e-07	0.10762263619
Primary_neutrophils_from_peripheral_blood__H3K4me3	1.12645550858e-07	9.09858574025e-08	0.107847721562
Adipose_Nuclei__H3K36me3	6.26277205585e-08	5.12663622866e-08	0.110926761824
Primary_hematopoietic_stem_cells_G-CSF-mobilized_Male__H3K4me3	1.47143787092e-07	1.21295122857e-07	0.112544733599
Psoas_Muscle__H3K4me3	2.69182564176e-07	2.2205111896e-07	0.112707404829
Rectal_Smooth_Muscle__H3K4me3	2.11255493212e-07	1.74679614627e-07	0.113256838609
Duodenum_Smooth_Muscle__H3K27ac	9.24276563231e-08	7.66515376568e-08	0.113944207842
Colonic_Mucosa__H3K9ac	1.98275458394e-07	1.65201257109e-07	0.115029768727
Primary_monocytes_from_peripheral_blood__H3K27ac	7.76211746376e-08	6.63855424352e-08	0.121151827426
Skeletal_Muscle_Male__H3K4me3	1.68091122394e-07	1.46120629185e-07	0.124998102155
Fetal_Muscle_Leg__H3K36me3	6.88050164176e-08	5.99341546659e-08	0.125482191931
Brain_Dorsolateral_Prefrontal_Cortex__H3K4me3	2.32902648789e-07	2.04823345831e-07	0.127750260035
Right_Ventricle__H3K4me1	7.20813558911e-08	6.35144958671e-08	0.128212718529
Pancreatic_Islets__H3K36me3	1.45859251174e-07	1.28793856423e-07	0.128711801636
Aorta__H3K27ac	7.01847419844e-08	6.20767892448e-08	0.129109288004
Left_Ventricle__H3K36me3	8.1780427751e-08	7.28326341574e-08	0.130749715008
Colonic_Mucosa__H3K4me1	1.01999903839e-07	9.16087799421e-08	0.132762038855
skeletal_muscle_ENTEX__H3K36me3	3.86881033265e-08	3.49880379839e-08	0.134416873981
Rectal_Mucosa_Donor_31__H3K36me3	6.79274116692e-08	6.17210839357e-08	0.135545316395
Pancreatic_Islets__H3K4me3	2.83478674168e-07	2.59466179793e-07	0.137296644633
Right_Ventricle__H3K4me3	1.99273766807e-07	1.85535046807e-07	0.141400317656
Duodenum_Smooth_Muscle__H3K4me1	8.11330861163e-08	7.5549947535e-08	0.141433759213
Brain_Anterior_Caudate__H3K36me3	9.53525086799e-08	8.98615439348e-08	0.144321155868
Heart-LV_ENTEX__H3K4me3	1.89942581977e-07	1.7923542397e-07	0.144631914822
Esoph-GJ_ENTEX__H3K4me1	4.70020251352e-08	4.45592315176e-08	0.145753537638
Adipose_Nuclei__H3K9ac	1.23864621458e-07	1.18213077878e-07	0.147363513102
Fetal_Lung__DNase	9.58405391543e-08	9.18032325083e-08	0.148247824252
Primary_hematopoietic_stem_cells_short_term_culture__H3K4me3	2.04635875942e-07	2.02059843833e-07	0.155590067328
Brain_Anterior_Caudate__H3K4me3	1.77063881936e-07	1.75078046082e-07	0.155926247779
Skeletal_Muscle_Female__H3K27ac	4.80940299607e-08	4.76399778213e-08	0.15636004368
Brain_Hippocampus_Middle__H3K4me3	1.56803786428e-07	1.60495595496e-07	0.164285209107
Adrenal_gland_ENTEX__H3K36me3	5.3996625153e-08	5.59873847661e-08	0.167412008732
Esoph-GJ_ENTEX__H3K27ac	4.93371047568e-08	5.14316232242e-08	0.16870994473
Thyroid_gland_ENTEX__H3K36me3	4.33994084427e-08	4.53914866885e-08	0.169507474025
Esoph-Muscularis_ENTEX__H3K4me1	3.93982188691e-08	4.19053034476e-08	0.173564512254
Fetal_Muscle_Leg__DNase	8.18375900044e-08	8.75500718465e-08	0.174958104285
Esoph-Muscularis_ENTEX__H3K27ac	5.12996159756e-08	5.53748601817e-08	0.177117451407
Nerve-Tibial_ENTEX__H3K4me3	1.8750968204e-07	2.0291716255e-07	0.177724910579
Nerve-Tibial_ENTEX__H3K27ac	3.0434646581e-08	3.32845891708e-08	0.18025951943
Fetal_Kidney__DNase	1.06442184141e-07	1.16470334383e-07	0.180384819679
Colonic_Mucosa__H3K27ac	7.93015928989e-08	9.08819285099e-08	0.191446503664
Lung_ENTEX__H3K4me1	4.27274713711e-08	4.92449073305e-08	0.192792273738
Rectal_Mucosa_Donor_29__H3K36me3	5.6133601297e-08	6.50565824835e-08	0.194111962289
skeletal_muscle_ENTEX__H3K4me3	7.44284899462e-08	8.73081633207e-08	0.196973782031
Brain_Angular_Gyrus__H3K4me3	1.69376780838e-07	2.02753082006e-07	0.201750628708
Brain_Inferior_Temporal_Lobe__H3K4me3	1.42479860957e-07	1.71245359628e-07	0.202698338596
Esoph-Muscularis_ENTEX__H3K36me3	3.98648877753e-08	4.88679180125e-08	0.207316395687
Fetal_Muscle_Trunk__H3K36me3	5.57116494188e-08	6.88473520263e-08	0.209198503071
Fetal_Kidney__H3K4me1	1.13754859345e-07	1.42050949093e-07	0.211622783415
Fetal_Intestine_Small__H3K36me3	2.50927018149e-08	3.18625391886e-08	0.21548587063
Brain_Cingulate_Gyrus__H3K4me1	3.90002668816e-08	4.99167436142e-08	0.217311179176
Brain_Substantia_Nigra__H3K4me1	3.14957776494e-08	4.08738775312e-08	0.220483870387
Aorta_ENTEX__H3K4me3	6.50239467233e-08	8.45808614543e-08	0.221012410947
Fetal_Stomach__H3K27ac	5.21655456278e-08	6.84454138354e-08	0.222985793545
Cortex_derived_primary_cultured_neurospheres__H3K36me3	6.94067402795e-08	9.24469139757e-08	0.226394336781
Primary_hematopoietic_stem_cells__H3K4me1	7.01663182353e-08	9.41402907477e-08	0.228033764329
Adipose_Nuclei__H3K27ac	2.37174237611e-08	3.23026766399e-08	0.23140589443
Colon-Sigm_ENTEX__H3K27ac	4.1785945967e-08	5.82687902675e-08	0.23664880461
Aorta_ENTEX__H3K4me1	1.92819549091e-08	2.69140924592e-08	0.236864180662
Skeletal_Muscle_Female__H3K36me3	3.91578191772e-08	5.46961065064e-08	0.237021601263
Breast_Myoepithelial_Primary_Cells__H3K4me1	2.48730840989e-08	3.49565515417e-08	0.238373955558
Fetal_Adrenal_Gland__H3K27ac	3.40047603452e-08	4.80282474234e-08	0.239467707844
Fetal_Heart__H3K4me3	7.14850126513e-08	1.01451489379e-07	0.24052256381
Rectal_Smooth_Muscle__H3K36me3	8.24670518061e-08	1.1799742741e-07	0.242310839551
Brain_Cingulate_Gyrus__H3K9ac	8.80272133783e-08	1.29918796608e-07	0.249026740239
Osteoblast_Primary_Cells__H3K27ac	2.9315772216e-08	4.33150339294e-08	0.249265277208
Ganglion_Eminence_derived_primary_cultured_neurospheres__H3K36me3	7.6359586488e-08	1.14418714305e-07	0.252267997968
Fetal_Stomach__H3K4me3	1.63788268611e-07	2.46240233368e-07	0.252975230115
Stomach_Smooth_Muscle__H3K36me3	4.56981362959e-08	6.88977833265e-08	0.253577412704
Primary_B_cells_from_cord_blood__H3K4me1	3.17690616918e-08	4.79368409243e-08	0.253752553992
Primary_hematopoietic_stem_cells_G-CSF-mobilized_Male__H3K36me3	2.78457487061e-08	4.20451952435e-08	0.253895463176
Ovary__DNase	6.61636804205e-08	1.0196220655e-07	0.258200224886
NHDF-Ad_Adult_Dermal_Fibroblast_Primary_Cells__DNase	7.19784407941e-08	1.14656857011e-07	0.265076437392
Cortex_derived_primary_cultured_neurospheres__H3K4me1	4.02668661787e-08	6.46260799978e-08	0.26661776417
Psoas_Muscle__H3K4me1	5.60548897869e-08	9.04594435655e-08	0.267737948792
Primary_monocytes_from_peripheral_blood__DNase	7.76708575022e-08	1.26016015839e-07	0.268829452769
Breast_variant_Human_Mammary_Epithelial_Cells_(vHMEC)__H3K36me3	2.27740726508e-08	3.73939696268e-08	0.271252070284
Small_Intestine__H3K27ac	5.07775936145e-08	8.41593151717e-08	0.273137658761
Spleen_ENTEX__H3K4me3	3.94325734012e-08	6.55478135728e-08	0.273725248804
Brain_Substantia_Nigra__H3K27ac	2.25148242425e-08	3.75179320702e-08	0.274217014638
Nerve-Tibial_ENTEX__H3K4me1	2.53414058804e-08	4.25254313145e-08	0.275617078386
Colon_Smooth_Muscle__H3K4me1	2.44667399958e-08	4.2137940686e-08	0.280743424601
Placenta_Amnion__H3K36me3	3.38155761789e-08	5.85959640363e-08	0.281936843668
Aorta_ENTEX__H3K36me3	2.60019957688e-08	4.54146138233e-08	0.283475765307
Heart-LV_ENTEX__H3K4me1	3.94736540562e-08	6.9605855557e-08	0.28532227539
Brain_Angular_Gyrus__H3K4me1	3.21695082743e-08	5.67426493384e-08	0.285378487184
Primary_hematopoietic_stem_cells_G-CSF-mobilized_Female__H3K36me3	2.58389816377e-08	4.63682911668e-08	0.288676464305
Brain_Substantia_Nigra__H3K9ac	6.5626845688e-08	1.18525870613e-07	0.289894769764
Foreskin_Melanocyte_Primary_Cells_skin03__H3K27ac	3.75587220074e-08	6.85889601628e-08	0.291986261504
Skeletal_Muscle_Female__H3K4me1	2.26572293175e-08	4.26302171849e-08	0.297542111366
Brain_Dorsolateral_Prefrontal_Cortex__H3K27ac	3.02626054695e-08	5.85123382456e-08	0.302508132101
Placenta__H3K27ac	2.03417854244e-08	4.00299372442e-08	0.305669059059
Rectal_Smooth_Muscle__H3K27ac	2.40515209087e-08	4.76515401204e-08	0.306871596978
Stomach_Smooth_Muscle__H3K27ac	2.08511865777e-08	4.15521578567e-08	0.307901450482
Pancreas__H3K4me1	2.96881297119e-08	6.17880263539e-08	0.315441801814
Foreskin_Melanocyte_Primary_Cells_skin01__H3K4me1	4.70328722914e-08	9.84852166627e-08	0.316480719359
Gastric__H3K4me1	3.86272021782e-08	8.22628279413e-08	0.319335274504
Fetal_Muscle_Leg__H3K27ac	2.79831360586e-08	6.06453755135e-08	0.322247783916
Foreskin_Melanocyte_Primary_Cells_skin03__H3K4me3	8.87712621985e-08	1.93823598348e-07	0.323476120266
Ovary__H3K36me3	3.37762730303e-08	7.50775435032e-08	0.32639662255
Fetal_Stomach__H3K4me1	1.93774446424e-08	4.31927020904e-08	0.326850106983
Stomach_Smooth_Muscle__H3K9ac	6.42942961893e-08	1.49173173668e-07	0.333232580776
Fetal_Intestine_Small__H3K4me3	8.120404108e-08	1.88695559255e-07	0.333472636579
Fetal_Kidney__H3K4me3	1.07257376535e-07	2.52714579818e-07	0.335629401445
Foreskin_Melanocyte_Primary_Cells_skin03__H3K36me3	1.55215269178e-08	3.68417229345e-08	0.33676693459
Psoas_Muscle__DNase	3.93197246505e-08	9.42204238665e-08	0.338223510561
Heart-LV_ENTEX__H3K27ac	1.57203068332e-08	3.77320816409e-08	0.338474631512
Fetal_Heart__H3K36me3	6.50616279908e-08	1.60967909181e-07	0.343036483316
Uterus_ENTEX__H3K27ac	1.97310989854e-08	4.91044250412e-08	0.343908558916
Aorta__H3K36me3	6.79025361747e-08	1.69037226127e-07	0.343951797351
Primary_T_regulatory_cells_from_peripheral_blood__H3K36me3	1.57233560405e-08	3.94266649059e-08	0.34502026913
Artery-Coronary_ENTEX__H3K4me3	3.98511979696e-08	1.00154115817e-07	0.345352408983
Sigmoid_Colon__H3K27ac	3.29583176253e-08	8.32769600407e-08	0.34613826248
Brain_Angular_Gyrus__H3K27ac	2.15957923755e-08	5.52107571071e-08	0.347842481008
Brain_Hippocampus_Middle__H3K4me1	1.37625229727e-08	3.52081966081e-08	0.347939367442
Brain_Dorsolateral_Prefrontal_Cortex__H3K9ac	6.58620663109e-08	1.69277995431e-07	0.348609830163
Heart-Atrial_ENTEX__H3K4me1	8.76502617103e-08	2.27282547139e-07	0.349879989913
Ovary__H3K4me1	2.54211839975e-08	6.74368467814e-08	0.353100617387
Primary_B_cells_from_peripheral_blood__H3K4me1	1.51161152826e-08	4.03668478697e-08	0.354027872704
Placenta__H3K36me3	1.75825296734e-08	4.74183536792e-08	0.355394789111
Brain_Anterior_Caudate__H3K4me1	1.95695171526e-08	5.35894560811e-08	0.357490476202
skeletal_muscle_ENTEX__H3K4me1	8.88666119117e-09	2.50617749695e-08	0.361448288671
Fetal_Heart__DNase	2.37723610948e-08	6.90728970296e-08	0.36536171357
Adipose_Nuclei__H3K4me3	3.80721595416e-08	1.11822520774e-07	0.366751487805
Colonic_Mucosa__H3K4me3	6.95120710966e-08	2.0562738605e-07	0.36766324322
Brain_Cingulate_Gyrus__H3K27ac	1.48528651263e-08	4.53160959648e-08	0.371546053515
Brain_Anterior_Caudate__H3K27ac	1.46365814528e-08	4.50078843512e-08	0.372514707534
Pancreas__H3K27ac	4.45597855649e-08	1.38749269992e-07	0.37404711112
Small_Intestine__H3K36me3	4.71815013877e-08	1.51310925207e-07	0.377589343159
Fetal_Muscle_Trunk__H3K27ac	2.28397194859e-08	7.42816068527e-08	0.379241014612
NHLF_Lung_Fibroblast_Primary_Cells__H3K4me3	7.04949098112e-08	2.3760593973e-07	0.383352233137
Primary_hematopoietic_stem_cells_short_term_culture__H3K36me3	1.48278929653e-08	5.02875532404e-08	0.384049617054
Adrenal_gland_ENTEX__H3K27ac	1.1606985855e-08	3.96413246692e-08	0.384837456356
Small_Intestine__H3K4me3	7.8756869665e-08	2.71391054186e-07	0.385832765706
Pancreas__H3K36me3	2.46007575079e-08	8.56611117456e-08	0.386984570731
NHLF_Lung_Fibroblast_Primary_Cells__H3K27ac	2.1713376e-08	7.68328021133e-08	0.388739614201
Stomach_Smooth_Muscle__H3K4me1	1.42404018087e-08	5.16386142156e-08	0.391362206108
Duodenum_Smooth_Muscle__H3K4me3	3.14660585031e-08	1.14789981522e-07	0.391996775419
Primary_T_helper_naive_cells_from_peripheral_blood_1__H3K36me3	2.01460610294e-08	7.40398892722e-08	0.392773566081
Nerve-Tibial_ENTEX__H3K36me3	1.39592600785e-08	5.34993574625e-08	0.397075603396
Brain_Dorsolateral_Prefrontal_Cortex__H3K4me1	1.89199488223e-08	7.47075942578e-08	0.400036219671
Stomach_Mucosa__H3K9ac	2.89542325167e-08	1.19344113047e-07	0.404153256466
Fetal_Intestine_Large__H3K4me3	4.8625273574e-08	2.07672185848e-07	0.40743644959
Ovary_ENTEX__H3K4me3	5.22775094937e-08	2.34946319276e-07	0.411959100741
Gastric__H3K4me3	3.57064058021e-08	1.66534377717e-07	0.415114210808
Spleen_ENTEX__H3K36me3	6.16543529435e-09	2.95496454385e-08	0.417362035152
Primary_neutrophils_from_peripheral_blood__H3K4me1	7.71372351648e-09	3.70674297024e-08	0.417575534204
Foreskin_Fibroblast_Primary_Cells_skin02__H3K4me3	1.64880478501e-08	8.05762337601e-08	0.418931901268
Primary_hematopoietic_stem_cells__H3K4me3	4.78205643387e-08	2.40292968602e-07	0.421127687899
Fetal_Brain_Male__H3K4me1	1.03703411093e-08	5.36122682322e-08	0.423310234355
Fetal_Lung__H3K36me3	9.24510342779e-09	4.9318681432e-08	0.425651395136
Heart-Atrial_ENTEX__H3K4me3	3.64766178579e-08	1.9541289397e-07	0.425961910636
Fetal_Muscle_Trunk__H3K4me1	8.21081043947e-09	4.42802519386e-08	0.42644656896
Primary_B_cells_from_cord_blood__H3K4me3	4.17143152037e-08	2.2526541593e-07	0.426544510096
Rectal_Mucosa_Donor_31__H3K27ac	1.24356374473e-08	6.71941482686e-08	0.426586969947
Prostate_ENTEX__H3K27ac	1.06540366269e-08	5.82254764016e-08	0.427407266996
Brain_Inferior_Temporal_Lobe__H3K27ac	7.59036718136e-09	4.27010123822e-08	0.429457246525
Rectal_Smooth_Muscle__H3K4me1	1.01847515607e-08	6.30092553649e-08	0.435795080959
Spleen__H3K4me1	9.17354733538e-09	5.74202436294e-08	0.436534455357
Colon_Smooth_Muscle__H3K4me3	2.13697192521e-08	1.43869799484e-07	0.440960232174
Pancreas_ENTEX__H3K36me3	6.7267793686e-09	4.62170942807e-08	0.442139334709
Testis_ENTEX__H3K4me3	1.39893060181e-08	9.96876687886e-08	0.444199094356
Primary_B_cells_from_peripheral_blood__DNase	1.23354436025e-08	9.3594162936e-08	0.44757237182
Osteoblast_Primary_Cells__H3K36me3	4.94085150428e-09	3.90375633185e-08	0.449641718411
Fetal_Adrenal_Gland__H3K4me1	5.51579726782e-09	4.75409060947e-08	0.453817500844
Mammary_ENTEX__H3K27ac	4.86411954284e-09	4.5874007353e-08	0.457778422718
Fetal_Brain_Male__H3K4me3	4.41672518663e-08	4.3470762042e-07	0.459536215407
Fetal_Muscle_Leg__H3K4me3	2.37735144341e-08	2.46322248221e-07	0.461556227744
Skeletal_Muscle_Male__H3K36me3	7.28073802164e-09	7.54597399809e-08	0.461567666942
Ovary__H3K27ac	7.19477254572e-09	7.65990407909e-08	0.462583290581
Rectal_Mucosa_Donor_29__H3K27ac	5.97476963425e-09	6.80232334003e-08	0.465004208011
Primary_T_cells_from_cord_blood__DNase	1.16228492574e-08	1.36060907849e-07	0.465962208638
Mammary_ENTEX__H3K36me3	3.99493569003e-09	5.11237521466e-08	0.468857366641
Primary_monocytes_from_peripheral_blood__H3K36me3	2.48112532542e-09	3.50695629061e-08	0.471798887946
Duodenum_Mucosa__H3K4me3	6.94249456942e-09	1.24694846724e-07	0.477800009738
Brain_Cingulate_Gyrus__H3K4me3	6.18691667751e-09	1.85276893701e-07	0.486680670404
Thymus__H3K4me1	1.69991239123e-09	6.55488723153e-08	0.489655185619
Fetal_Stomach__H3K36me3	8.48682160687e-10	4.44350425814e-08	0.49238090945
Brain_Substantia_Nigra__H3K4me3	2.06780531863e-09	1.76294582625e-07	0.495320808829
Osteoblast_Primary_Cells__H3K4me1	4.17501949649e-10	4.51761722967e-08	0.496313171291
Rectal_Mucosa_Donor_31__H3K4me1	5.47902697962e-10	6.03584416746e-08	0.496378658165
Sigmoid_Colon__H3K36me3	4.87494283064e-10	8.1240234538e-08	0.497606101029
SI-Term-Ileum_ENTEX__H3K4me3	-1.20990317283e-09	1.39920336224e-07	0.503449645196
Rectal_Mucosa_Donor_29__H3K4me3	-1.2166914685e-09	1.31212190362e-07	0.503699219652
Primary_T_regulatory_cells_from_peripheral_blood__H3K4me3	-1.99103641571e-09	1.31061473148e-07	0.506060347389
Uterus_ENTEX__H3K4me3	-4.93623445282e-09	2.44000363008e-07	0.508070226968
skeletal_muscle_ENTEX__H3K27ac	-5.42804797972e-10	2.23182580167e-08	0.509701762434
Artery-Tibial_ENTEX__H3K4me1	-3.21921045228e-09	1.23181933353e-07	0.510424686077
Gastric__DNase	-4.90540679547e-09	1.71223512853e-07	0.511427790893
Primary_hematopoietic_stem_cells__H3K36me3	-3.85813845924e-09	1.05367045504e-07	0.514604477869
Fetal_Muscle_Trunk__H3K4me3	-9.85520341745e-09	2.41657543278e-07	0.516265032423
Brain_Hippocampus_Middle__H3K36me3	-2.94497196995e-09	6.77096303749e-08	0.517346181127
Fetal_Thymus__H3K4me1	-1.89924229374e-09	3.72749656025e-08	0.520318203503
Primary_T_helper_cells_from_peripheral_blood__H3K36me3	-2.15435197634e-09	4.20134090498e-08	0.520447890626
Thymus__H3K4me3	-9.06495436678e-09	1.73977542583e-07	0.520777152357
Primary_B_cells_from_peripheral_blood__H3K27ac	-4.18230894582e-09	6.92213259554e-08	0.524089184331
Primary_T_cells_effector_memory_enriched_from_peripheral_blood__H3K36me3	-4.95686005539e-09	5.76388986936e-08	0.534266203637
Colonic_Mucosa__H3K36me3	-8.90138065767e-09	1.01900776241e-07	0.534804700854
Colon_Smooth_Muscle__H3K36me3	-6.49631330156e-09	6.89092385776e-08	0.537554039576
Pancreatic_Islets__H3K27ac	-1.68912667467e-08	1.54313075785e-07	0.543581581447
NHDF-Ad_Adult_Dermal_Fibroblast_Primary_Cells__H3K9ac	-2.26942392121e-08	1.78641688919e-07	0.550544742002
Foreskin_Fibroblast_Primary_Cells_skin02__H3K27ac	-9.05019647527e-09	6.83438590763e-08	0.552674545872
Primary_T_cells_from_cord_blood__H3K36me3	-1.23375195828e-08	9.16125304865e-08	0.553563862561
Stomach_ENTEX__H3K27ac	-5.803418714e-09	4.1679292887e-08	0.555369692401
Fetal_Adrenal_Gland__H3K36me3	-7.2571960873e-09	5.09821977215e-08	0.556597295164
Fetal_Brain_Male__H3K36me3	-3.47444759943e-08	2.41815637313e-07	0.557124079167
Foreskin_Keratinocyte_Primary_Cells_skin02__DNase	-1.23050612055e-08	8.54600629871e-08	0.557244277215
Gastric__H3K27ac	-1.47677026328e-08	1.01672425998e-07	0.557742411432
Fetal_Lung__H3K4me1	-6.35012741225e-09	4.33681356807e-08	0.558206581648
Fetal_Brain_Female__H3K4me1	-1.30858733232e-08	8.68229551721e-08	0.559901327419
Fetal_Lung__H3K9ac	-2.43096843016e-08	1.45042689204e-07	0.566552450733
Thyroid_gland_ENTEX__H3K4me1	-5.71981047302e-09	3.24780066896e-08	0.569897552422
Heart-LV_ENTEX__H3K36me3	-1.12769897427e-08	6.16488698127e-08	0.572570740833
Colon_Smooth_Muscle__H3K9ac	-2.6683560684e-08	1.43533767708e-07	0.573740138868
Lung_ENTEX__H3K36me3	-1.06754827906e-08	4.89640349312e-08	0.586295971887
Placenta__H3K4me1	-1.07200160849e-08	4.88734081937e-08	0.586808375545
Primary_T_helper_cells_PMA-I_stimulated__H3K36me3	-9.70220556091e-09	4.40814699712e-08	0.587102249749
Primary_B_cells_from_peripheral_blood__H3K36me3	-8.41201391847e-09	3.82032430865e-08	0.5871388341
Fetal_Adrenal_Gland__DNase	-2.47092186803e-08	1.11831575258e-07	0.587434429353
Colon-Sigm_ENTEX__H3K4me3	-5.1300420452e-08	2.31734951951e-07	0.58759993204
Primary_T_killer_memory_cells_from_peripheral_blood__H3K27ac	-2.41620529072e-08	1.01250918284e-07	0.594305841774
Psoas_Muscle__H3K36me3	-3.14075844816e-08	1.2826473027e-07	0.596719643297
Primary_T_cells_from_peripheral_blood__H3K36me3	-1.19561569723e-08	4.87680119046e-08	0.596835244193
Artery-Coronary_ENTEX__H3K27ac	-1.03068788524e-08	4.14197329348e-08	0.598257655772
Pancreas_ENTEX__H3K4me1	-6.63459128269e-09	2.66374616397e-08	0.59834666388
Spleen_ENTEX__H3K27ac	-9.11281844912e-09	3.44579160546e-08	0.604288130055
Stomach_Mucosa__H3K4me1	-1.29959242645e-08	4.673840064e-08	0.609515573373
Brain_Cingulate_Gyrus__H3K36me3	-2.31018327051e-08	8.14596076658e-08	0.611641004418
NHDF-Ad_Adult_Dermal_Fibroblast_Primary_Cells__H3K27ac	-2.69399095103e-08	9.48475845366e-08	0.611807719094
Thyroid_gland_ENTEX__H3K4me3	-4.61280407831e-08	1.61464298697e-07	0.612440569922
Aorta_ENTEX__H3K27ac	-6.81775390838e-09	2.38465317791e-08	0.612523132508
Spleen__H3K27ac	-1.95472545426e-08	6.82935113782e-08	0.612646788826
Colon-TV_ENTEX__H3K4me3	-5.9369737047e-08	2.036577534e-07	0.614672102583
Fetal_Brain_Male__DNase	-3.44870490359e-08	1.16638723508e-07	0.616260508924
Stomach_ENTEX__H3K4me3	-4.3741800894e-08	1.42115313512e-07	0.620879278514
Lung_ENTEX__H3K4me3	-8.33350954381e-08	2.68796638623e-07	0.621731032621
Primary_B_cells_from_peripheral_blood__H3K4me3	-6.16855673082e-08	1.97779761565e-07	0.622438010723
Rectal_Mucosa_Donor_31__H3K9ac	-3.4061276024e-08	1.07684558311e-07	0.624114885811
Fetal_Muscle_Trunk__DNase	-3.19440495466e-08	1.00655829346e-07	0.624514454217
Fetal_Thymus__H3K27ac	-1.72555893002e-08	5.2001652873e-08	0.629990319789
Sigmoid_Colon__H3K4me3	-8.55969253774e-08	2.56475694478e-07	0.630713188319
Fetal_Muscle_Leg__H3K4me1	-1.57568104228e-08	4.69829032006e-08	0.631328239844
NHLF_Lung_Fibroblast_Primary_Cells__H3K36me3	-3.45690716236e-08	1.00588642873e-07	0.634451912825
Primary_T_helper_memory_cells_from_peripheral_blood_1__H3K36me3	-2.544224759e-08	7.30151876695e-08	0.636249413282
Primary_Natural_Killer_cells_from_peripheral_blood__H3K36me3	-1.80145978569e-08	5.13760966831e-08	0.637071386472
Liver__H3K36me3	-1.3323376757e-08	3.76816277678e-08	0.63817224066
Colon_Smooth_Muscle__H3K27ac	-1.67625535532e-08	4.6674617674e-08	0.640253468974
Thyroid_gland_ENTEX__H3K27ac	-1.02343337759e-08	2.81059787591e-08	0.642120910129
Foreskin_Fibroblast_Primary_Cells_skin01__H3K4me3	-3.97564515231e-08	1.08467226824e-07	0.643015043067
Primary_T_helper_naive_cells_from_peripheral_blood__H3K9ac	-5.22458156616e-08	1.42520388554e-07	0.643035645748
Brain_Substantia_Nigra__H3K36me3	-4.26127659325e-08	1.15103157162e-07	0.644388365998
Foreskin_Fibroblast_Primary_Cells_skin02__DNase	-4.0154261297e-08	1.07594213809e-07	0.645500550186
Colon-Sigm_ENTEX__H3K4me1	-1.23626525835e-07	3.29445995556e-07	0.64626488853
Foreskin_Fibroblast_Primary_Cells_skin01__H3K4me1	-1.50745439333e-08	3.98801734567e-08	0.647283197593
Colon-TV_ENTEX__H3K27ac	-1.6508486229e-08	4.3478336871e-08	0.647913905591
Rectal_Mucosa_Donor_31__H3K4me3	-5.96466167592e-08	1.56906139134e-07	0.648080002462
Breast_Myoepithelial_Primary_Cells__H3K4me3	-5.08543441149e-08	1.3096077961e-07	0.651109403823
HMEC_Mammary_Epithelial_Primary_Cells__DNase	-3.91782002218e-08	1.00095897425e-07	0.652251662407
Stomach_ENTEX__H3K4me1	-1.99925714244e-08	4.88740241255e-08	0.658753409663
Foreskin_Fibroblast_Primary_Cells_skin02__H3K4me1	-2.03285308958e-08	4.82729647752e-08	0.663164909476
NHDF-Ad_Adult_Dermal_Fibroblast_Primary_Cells__H3K4me1	-2.75262166499e-08	6.42990894352e-08	0.665709576116
Pancreas_ENTEX__H3K27ac	-1.54344748146e-08	3.51621628631e-08	0.669651564382
Vagina_ENTEX__H3K27ac	-2.30982083778e-08	5.24222472903e-08	0.670255371483
Adrenal_gland_ENTEX__H3K4me3	-5.80277653535e-08	1.29453755797e-07	0.673013941918
Primary_mononuclear_cells_from_peripheral_blood__H3K36me3	-2.22865903733e-08	4.7934099712e-08	0.679013609829
Brain_Dorsolateral_Prefrontal_Cortex__H3K36me3	-4.22786466655e-08	8.69720875413e-08	0.686558041085
Primary_T_killer_naive_cells_from_peripheral_blood__H3K9ac	-9.06298067698e-08	1.84917355866e-07	0.687971895208
Primary_B_cells_from_cord_blood__H3K36me3	-7.37523564031e-08	1.47645437817e-07	0.691294659617
Primary_Natural_Killer_cells_from_peripheral_blood__DNase	-6.45129868302e-08	1.26623837798e-07	0.694793958081
Primary_T_regulatory_cells_from_peripheral_blood__H3K4me1	-2.87385729477e-08	5.6356483829e-08	0.694954168625
Heart-Atrial_ENTEX__H3K36me3	-2.87432334478e-08	5.59967479442e-08	0.696129899547
Primary_T_killer_naive_cells_from_peripheral_blood__H3K4me3	-9.35923974697e-08	1.79330257302e-07	0.699129896951
Prostate_ENTEX__H3K36me3	-2.1475742133e-07	4.07875812077e-07	0.700738775551
Foreskin_Melanocyte_Primary_Cells_skin01__H3K36me3	-4.72763123863e-08	8.60541035824e-08	0.708627288842
Foreskin_Fibroblast_Primary_Cells_skin01__H3K27ac	-3.38915061885e-08	5.93779010093e-08	0.715924397988
Rectal_Mucosa_Donor_29__H3K4me1	-4.67352460117e-08	8.12238093591e-08	0.717485710779
Primary_T_cells_from_peripheral_blood__DNase	-6.62989348312e-08	1.14300408654e-07	0.719056549225
Colon-TV_ENTEX__H3K4me1	-7.33545047461e-08	1.25037375335e-07	0.721284171243
Primary_T_helper_naive_cells_from_peripheral_blood_2__H3K36me3	-2.90729997194e-08	4.9550989832e-08	0.721307115811
Placenta__DNase	-4.89226535598e-08	8.3193964e-08	0.721752420903
Primary_T_helper_memory_cells_from_peripheral_blood_2__H3K27ac	-4.84457715795e-08	8.1372147768e-08	0.724198775421
Fetal_Heart__H3K4me1	-2.07523210998e-08	3.37018873355e-08	0.730973994386
Primary_T_helper_memory_cells_from_peripheral_blood_2__H3K36me3	-5.58834849786e-08	9.06631980602e-08	0.731179955185
Primary_T_regulatory_cells_from_peripheral_blood__H3K27ac	-3.53171255257e-08	5.70013250223e-08	0.732234244023
Pancreas__DNase	-7.77255958307e-08	1.24406472234e-07	0.733939421624
Foreskin_Fibroblast_Primary_Cells_skin01__DNase	-6.72023099825e-08	1.06498282576e-07	0.735985550929
Fetal_Intestine_Small__H3K27ac	-3.5995709865e-08	5.60446739912e-08	0.739650459315
Fetal_Stomach__DNase	-9.3291521993e-08	1.41128647842e-07	0.745706307023
Foreskin_Melanocyte_Primary_Cells_skin01__H3K4me3	-1.0900473872e-07	1.6431107959e-07	0.746464294425
Stomach_Mucosa__H3K36me3	-8.63138600829e-08	1.2801892e-07	0.74991661519
Small_Intestine__H3K4me1	-6.21779432545e-08	9.19782357959e-08	0.750481941082
Brain_Inferior_Temporal_Lobe__H3K36me3	-5.14168451897e-08	7.42812544635e-08	0.75559142923
Primary_T_helper_naive_cells_from_peripheral_blood_2__H3K4me1	-2.80254806618e-08	4.03552653403e-08	0.756305931617
Breast_variant_Human_Mammary_Epithelial_Cells_(vHMEC)__DNase	-7.01393828541e-08	1.00809292567e-07	0.756711389753
Fetal_Brain_Female__DNase	-8.60829861678e-08	1.22819569189e-07	0.758314112103
Heart-Atrial_ENTEX__H3K27ac	-2.38707849912e-08	3.3993777908e-08	0.758726025198
Duodenum_Mucosa__H3K4me1	-4.40819950085e-08	6.10360476816e-08	0.764923108101
Fetal_Kidney__H3K9ac	-1.638346243e-07	2.23947073724e-07	0.767786735395
Primary_T_helper_cells_from_peripheral_blood__H3K4me3	-1.16601290375e-07	1.57119526402e-07	0.770992196473
Primary_neutrophils_from_peripheral_blood__H3K36me3	-2.36049908574e-08	3.15032347144e-08	0.773158133905
Artery-Tibial_ENTEX__H3K36me3	-4.17530771667e-08	5.55510620637e-08	0.773859045417
NHDF-Ad_Adult_Dermal_Fibroblast_Primary_Cells__H3K36me3	-9.73558014796e-08	1.29085990998e-07	0.774633447709
Adrenal_gland_ENTEX__H3K4me1	-4.1039377276e-08	5.42828485544e-08	0.775183927603
Stomach_Mucosa__H3K4me3	-1.53469636706e-07	2.013361504e-07	0.777046308453
Pancreas__H3K4me3	-1.7384544244e-07	2.25285384897e-07	0.779844350792
NHLF_Lung_Fibroblast_Primary_Cells__H3K4me1	-6.50777804814e-08	8.28214111824e-08	0.783996048224
Primary_Natural_Killer_cells_from_peripheral_blood__H3K27ac	-5.78373942445e-08	7.14588924815e-08	0.790851681972
Primary_T_helper_naive_cells_from_peripheral_blood_2__H3K4me3	-1.03593576778e-07	1.27522320574e-07	0.791706429654
Fetal_Adrenal_Gland__H3K4me3	-1.94550831399e-07	2.37761721711e-07	0.793395539362
Testis_ENTEX__H3K36me3	-2.21983330818e-07	2.69346771508e-07	0.795074087547
Foreskin_Keratinocyte_Primary_Cells_skin03__H3K36me3	-2.4698558659e-08	2.91147189354e-08	0.801869729208
Primary_T_helper_17_cells_PMA-I_stimulated__H3K4me3	-1.10797471412e-07	1.28454527927e-07	0.805805432767
Primary_mononuclear_cells_from_peripheral_blood__H3K4me1	-1.18000989566e-07	1.36536702461e-07	0.80627299399
Primary_Natural_Killer_cells_from_peripheral_blood__H3K4me1	-3.89544069477e-08	4.49060293036e-08	0.80715634887
Fetal_Thymus__DNase	-7.7981350545e-08	8.97376286753e-08	0.807574457422
Primary_mononuclear_cells_from_peripheral_blood__H3K9ac	-1.16262475104e-07	1.33260664974e-07	0.808516912519
Primary_T_cells_from_peripheral_blood__H3K4me3	-1.73273292264e-07	1.94045148607e-07	0.814058959321
Duodenum_Smooth_Muscle__H3K36me3	-6.67866187357e-08	7.40835674221e-08	0.816339747103
Esophagus__H3K4me1	-7.12327357847e-08	7.8828907926e-08	0.816906102702
Colon-TV_ENTEX__H3K36me3	-7.78600400885e-08	8.57265680333e-08	0.818123487501
Primary_T_helper_naive_cells_from_peripheral_blood_1__H3K4me1	-4.42105256276e-08	4.8562898777e-08	0.818688027324
Fetal_Intestine_Small__H3K4me1	-4.57606044941e-08	5.01515364874e-08	0.819233195062
Fetal_Intestine_Large__H3K27ac	-4.78495991185e-08	5.16878979003e-08	0.82270966633
Fetal_Intestine_Large__H3K4me1	-4.3641829289e-08	4.70970749116e-08	0.822942134322
Primary_mononuclear_cells_from_peripheral_blood__H3K27ac	-1.515777778e-07	1.63219082521e-07	0.823471700304
Rectal_Mucosa_Donor_29__H3K9ac	-1.53238792087e-07	1.64899447583e-07	0.823629624865
Osteoblast_Primary_Cells__H3K4me3	-1.24728973585e-07	1.34102964622e-07	0.823839970499
SI-Term-Ileum_ENTEX__H3K4me1	-6.815319715e-08	7.06959951265e-08	0.832485042947
SI-Term-Ileum_ENTEX__H3K36me3	-1.37719055066e-07	1.42531722026e-07	0.833036552222
NHLF_Lung_Fibroblast_Primary_Cells__H3K9ac	-1.80343455272e-07	1.85771985514e-07	0.834170712224
Primary_T_cells_from_cord_blood__H3K4me1	-7.71311175928e-08	7.75528817046e-08	0.84002523258
Primary_T_killer_memory_cells_from_peripheral_blood__H3K4me1	-5.61778959515e-08	5.57552700471e-08	0.843171936967
Fetal_Lung__H3K4me3	-1.58797991441e-07	1.56266299355e-07	0.845233193005
Fetal_Kidney__H3K36me3	-1.596418375e-07	1.54755249579e-07	0.848864660635
Primary_T_helper_cells_from_peripheral_blood__H3K27ac	-8.3985966926e-08	8.07757878003e-08	0.850770073812
Brain_Angular_Gyrus__H3K36me3	-9.83636877353e-08	9.42097872944e-08	0.851778592733
HMEC_Mammary_Epithelial_Primary_Cells__H3K36me3	-8.03010847727e-08	7.5476580693e-08	0.856317652203
Vagina_ENTEX__H3K36me3	-2.18082386008e-07	2.0154901151e-07	0.860380741798
Primary_T_helper_cells_PMA-I_stimulated__H3K4me1	-3.90591643523e-08	3.59566069211e-08	0.861323795236
Liver__H3K4me3	-1.05762879039e-07	9.70904457774e-08	0.861994316242
Primary_T_helper_naive_cells_from_peripheral_blood_1__H3K27ac	-1.35102394974e-07	1.20196432372e-07	0.869496319387
Lung__H3K36me3	-1.03712319803e-07	9.22561909314e-08	0.869531100871
Esophagus__H3K36me3	-9.90282855167e-08	8.74776809344e-08	0.871191314952
NHDF-Ad_Adult_Dermal_Fibroblast_Primary_Cells__H3K4me3	-2.32748033993e-07	2.0523568622e-07	0.871613727437
Foreskin_Fibroblast_Primary_Cells_skin01__H3K36me3	-4.33991124004e-08	3.77003474426e-08	0.875166684403
Primary_Natural_Killer_cells_from_peripheral_blood__H3K4me3	-2.44377186175e-07	2.10669571809e-07	0.876976063555
Fetal_Intestine_Large__DNase	-1.33013080434e-07	1.13122375682e-07	0.880169294281
Primary_T_killer_naive_cells_from_peripheral_blood__H3K4me1	-5.42148868274e-08	4.55353619686e-08	0.883096765258
Foreskin_Melanocyte_Primary_Cells_skin01__H3K27ac	-1.70153672925e-07	1.41891626805e-07	0.884771117349
Foreskin_Keratinocyte_Primary_Cells_skin02__H3K4me1	-7.18913203614e-08	5.99008683524e-08	0.884963646566
Esoph-Mucosa_ENTEX__H3K36me3	-9.42061445925e-08	7.80106614454e-08	0.886400579245
Primary_T_cells_effector_memory_enriched_from_peripheral_blood__H3K4me3	-2.03243540362e-07	1.67870096535e-07	0.886998469503
Breast_variant_Human_Mammary_Epithelial_Cells_(vHMEC)__H3K4me1	-5.57744438379e-08	4.5632002239e-08	0.889196469654
Placenta__H3K4me3	-2.63724276077e-07	2.12622950176e-07	0.892574756288
Rectal_Smooth_Muscle__H3K9ac	-2.93050824262e-07	2.34175409881e-07	0.894608604876
Fetal_Thymus__H3K4me3	-1.85167596637e-07	1.47729824782e-07	0.894973649748
Pancreas_ENTEX__H3K4me3	-1.81220467826e-07	1.43012657432e-07	0.897451643389
Right_Ventricle__H3K36me3	-1.0009396199e-07	7.88284751767e-08	0.897916554743
Primary_T_killer_naive_cells_from_peripheral_blood__H3K27ac	-1.50431325604e-07	1.18137301905e-07	0.898554853995
Primary_T_helper_cells_from_peripheral_blood__H3K4me1	-5.4433962845e-08	4.23475326828e-08	0.900675561735
Primary_T_helper_17_cells_PMA-I_stimulated__H3K27ac	-9.91547133398e-08	7.70792787661e-08	0.900848090443
Primary_T_helper_cells_PMA-I_stimulated__H3K27ac	-5.48303729066e-08	4.23347878488e-08	0.902367679743
Primary_T_helper_naive_cells_from_peripheral_blood_2__H3K27ac	-7.90362748303e-08	6.04595021928e-08	0.904437748564
Breast_Myoepithelial_Primary_Cells__H3K9ac	-1.89220484302e-07	1.43958030696e-07	0.905646578112
SI-Term-Ileum_ENTEX__H3K27ac	-6.45391039431e-08	4.87309327617e-08	0.907314394282
Thymus__H3K27ac	-1.32413937431e-07	9.69410708991e-08	0.914018270138
Esoph-Mucosa_ENTEX__H3K27ac	-9.22767913857e-08	6.70548539636e-08	0.915610679255
Gastric__H3K36me3	-1.17983089504e-07	8.56141136105e-08	0.915910690377
HMEC_Mammary_Epithelial_Primary_Cells__H3K4me1	-6.45852250554e-08	4.6738947136e-08	0.916487869069
Primary_T_helper_naive_cells_from_peripheral_blood_1__H3K4me3	-1.92029523848e-07	1.37997702154e-07	0.91796935169
Foreskin_Fibroblast_Primary_Cells_skin02__H3K36me3	-6.66507637511e-08	4.73121887966e-08	0.920544565519
Esoph-Mucosa_ENTEX__H3K4me3	-2.07031995062e-07	1.43829012407e-07	0.924985831793
Liver__H3K4me1	-5.09031153518e-08	3.50146582269e-08	0.926994386629
Foreskin_Keratinocyte_Primary_Cells_skin02__H3K4me3	-2.11283839915e-07	1.45155054825e-07	0.927244710186
Ovary_ENTEX__H3K36me3	-3.12548627119e-07	2.14582131027e-07	0.927379052856
Primary_T_cells_effector_memory_enriched_from_peripheral_blood__H3K27ac	-1.08466102138e-07	7.42735592014e-08	0.927904359378
Spleen__H3K4me3	-1.87749705635e-07	1.27792535976e-07	0.929107448438
Primary_T_helper_memory_cells_from_peripheral_blood_2__H3K4me3	-2.31528634193e-07	1.56727954748e-07	0.930197616835
Primary_T_helper_memory_cells_from_peripheral_blood_2__H3K4me1	-6.36716499249e-08	4.25982139457e-08	0.932503927908
NHEK-Epidermal_Keratinocyte_Primary_Cells__H3K4me3	-1.61393905426e-07	1.06371111715e-07	0.935400983017
Primary_T_helper_17_cells_PMA-I_stimulated__H3K36me3	-7.24163881672e-08	4.62863656358e-08	0.941153373988
Spleen__H3K36me3	-1.04851503323e-07	6.64133613301e-08	0.942805728627
Fetal_Intestine_Small__DNase	-2.37792753274e-07	1.49873414335e-07	0.9437010836
Prostate_ENTEX__H3K4me3	-3.76224698156e-07	2.36447617386e-07	0.944212598788
Placenta_Amnion__H3K4me3	-3.47408138078e-07	2.18260437138e-07	0.9442754809
NHEK-Epidermal_Keratinocyte_Primary_Cells__H3K36me3	-8.52060546962e-08	5.32687165896e-08	0.945150940729
liver_ENTEX__H3K27ac	-5.1506075443e-08	3.15851006252e-08	0.948524023365
NHEK-Epidermal_Keratinocyte_Primary_Cells__H3K27ac	-8.4978256809e-08	5.21059853911e-08	0.948541464516
Foreskin_Keratinocyte_Primary_Cells_skin03__H3K27ac	-9.11890354143e-08	5.5866791078e-08	0.948687461823
Primary_T_killer_memory_cells_from_peripheral_blood__H3K36me3	-1.40113166912e-07	8.57810482882e-08	0.948805594523
liver_ENTEX__H3K4me1	-2.66651352585e-07	1.62996031146e-07	0.9490736868
liver_ENTEX__H3K36me3	-1.04705042225e-07	6.36455597925e-08	0.950028209838
NHEK-Epidermal_Keratinocyte_Primary_Cells__H3K4me1	-6.36589480673e-08	3.8363084361e-08	0.951480412574
Placenta_Amnion__H3K4me1	-7.53791201117e-08	4.52576019466e-08	0.952099168804
Colon-Sigm_ENTEX__H3K36me3	-1.30027029474e-07	7.68479400457e-08	0.954677403856
Mammary_ENTEX__H3K4me1	-1.79097871066e-07	1.05341093231e-07	0.955450616624
Primary_T_cells_from_peripheral_blood__H3K4me1	-8.21944775664e-08	4.83274038028e-08	0.955508227293
Primary_T_killer_memory_cells_from_peripheral_blood__H3K4me3	-2.77905294499e-07	1.62632027387e-07	0.956255819804
Primary_T_helper_cells_PMA-I_stimulated__H3K4me3	-1.6611426565e-07	9.7092034342e-08	0.956449741166
NHEK-Epidermal_Keratinocyte_Primary_Cells__DNase	-1.35727659823e-07	7.9005365893e-08	0.957097584118
Primary_mononuclear_cells_from_peripheral_blood__H3K4me3	-3.56575817384e-07	2.07214658288e-07	0.95735680382
liver_ENTEX__H3K4me3	-1.46713134172e-07	8.52138809531e-08	0.957438481749
Primary_T_helper_17_cells_PMA-I_stimulated__H3K4me1	-9.22157272379e-08	5.29753684917e-08	0.959134399185
Primary_T_cells_effector_memory_enriched_from_peripheral_blood__H3K4me1	-1.29340212025e-07	7.38059467517e-08	0.960150583339
Duodenum_Mucosa__H3K9ac	-2.37966538992e-07	1.34977052166e-07	0.961051002206
Foreskin_Keratinocyte_Primary_Cells_skin03__H3K4me1	-7.39811487008e-08	4.12336413013e-08	0.963608889218
Esophagus__H3K27ac	-1.16463895995e-07	6.45649901388e-08	0.964370569819
Primary_T_killer_naive_cells_from_peripheral_blood__H3K36me3	-1.57439907159e-07	8.71985425568e-08	0.964504396516
HMEC_Mammary_Epithelial_Primary_Cells__H3K4me3	-3.66880346139e-07	2.01006247286e-07	0.966015977802
Primary_T_helper_memory_cells_from_peripheral_blood_1__H3K4me1	-8.61821033521e-08	4.54483615001e-08	0.971037444796
Mammary_ENTEX__H3K4me3	-2.62915683764e-07	1.37640366325e-07	0.971943954797
Spleen_ENTEX__H3K4me1	-2.23417596752e-07	1.16009510995e-07	0.972938812974
Right_Atrium__H3K36me3	-3.0399204594e-07	1.57759841721e-07	0.973005773184
Placenta_Amnion__H3K27ac	-1.9012116459e-07	9.73501078617e-08	0.974588013777
Esoph-Mucosa_ENTEX__H3K4me1	-9.60978697244e-08	4.88341322313e-08	0.975456905665
Primary_T_cells_from_cord_blood__H3K4me3	-3.7198120087e-07	1.85571943308e-07	0.977492382549
Liver__H3K27ac	-7.31076077095e-08	3.63636489518e-08	0.977808658707
Foreskin_Keratinocyte_Primary_Cells_skin02__H3K36me3	-1.11127023276e-07	5.51134241677e-08	0.978117423805
Primary_T_helper_memory_cells_from_peripheral_blood_1__H3K27ac	-1.72197834029e-07	8.49605972092e-08	0.978658381486
HMEC_Mammary_Epithelial_Primary_Cells__H3K27ac	-1.20182938274e-07	5.78487924352e-08	0.981123933499
Breast_variant_Human_Mammary_Epithelial_Cells_(vHMEC)__H3K4me3	-4.45104927652e-07	2.10993150846e-07	0.982552316412
Lung__H3K4me3	-4.68487163414e-07	2.12319441682e-07	0.986326205627
Primary_T_cells_from_peripheral_blood__H3K27ac	-1.42405852604e-07	6.42476077284e-08	0.986671909458
Small_Intestine__DNase	-2.35673981499e-07	1.01995992173e-07	0.989573073784
Esophagus__H3K4me3	-4.44897387471e-07	1.91816402319e-07	0.989813098618
HMEC_Mammary_Epithelial_Primary_Cells__H3K9ac	-2.52381635959e-07	1.04682023324e-07	0.992044175134
Primary_T_helper_memory_cells_from_peripheral_blood_1__H3K4me3	-3.29932498948e-07	1.35303614127e-07	0.992625011744
Pancreatic_Islets__H3K9ac	-5.82810657669e-07	2.25286686282e-07	0.995158846238
Liver__H3K9ac	-1.84576357103e-07	6.95324988048e-08	0.996029093968
NHEK-Epidermal_Keratinocyte_Primary_Cells__H3K9ac	-2.27525433831e-07	8.22550761342e-08	0.997163408102
Foreskin_Keratinocyte_Primary_Cells_skin03__H3K4me3	-3.11361701184e-07	1.11170510429e-07	0.997450863555
Skin_tissue_ENTEX__H3K4me3	-5.17138801483e-07	1.73610385038e-07	0.998552780696
