Name	Coefficient	Coefficient_std_error	Coefficient_P_value
Fetal_Muscle_Leg__DNase	4.50209959182e-07	1.14547864756e-07	4.24161401492e-05
Fetal_Muscle_Trunk__DNase	4.71725072701e-07	1.28816870314e-07	0.000125135677408
Fetal_Brain_Female__H3K4me3	8.00098211124e-07	2.23765312018e-07	0.000174703948532
Fetal_Lung__H3K4me1	1.55882487498e-07	5.21901234618e-08	0.0014094797311
Adrenal_gland_ENTEX__H3K36me3	1.56687543762e-07	5.27780473311e-08	0.00149481847805
Fetal_Lung__H3K36me3	1.67616730092e-07	5.89538349519e-08	0.00223324838862
Fetal_Brain_Female__H3K4me1	3.13094469737e-07	1.10498098715e-07	0.00230218879283
Fetal_Muscle_Leg__H3K4me3	7.66036426086e-07	2.71870887472e-07	0.00241884167422
Fetal_Brain_Female__H3K36me3	2.45397074751e-07	8.74733980412e-08	0.00251277957418
Fetal_Brain_Female__DNase	3.66787569834e-07	1.34852028199e-07	0.00326482399847
Placenta_Amnion__H3K36me3	1.67429812891e-07	6.26138589548e-08	0.00374755938758
Fetal_Muscle_Leg__H3K27ac	2.09130225486e-07	8.29030149977e-08	0.00582472499779
liver_ENTEX__H3K36me3	1.49902901277e-07	6.14222441204e-08	0.00733284014734
Brain_Germinal_Matrix__H3K4me3	5.46121340182e-07	2.24364330164e-07	0.00746479128062
Brain_Germinal_Matrix__H3K36me3	2.79364806084e-07	1.20236025641e-07	0.0100769570383
Spleen__H3K4me3	3.01435448529e-07	1.3120330801e-07	0.0107960330754
Fetal_Stomach__H3K4me1	1.57082983469e-07	6.88877550957e-08	0.0112957099739
Fetal_Brain_Male__H3K4me1	1.6156272772e-07	7.27667790959e-08	0.0131998351342
Placenta__H3K36me3	1.68206185359e-07	7.96566025028e-08	0.0173586062943
Psoas_Muscle__H3K4me1	1.89167182875e-07	9.36043559783e-08	0.0216438754927
Fetal_Lung__DNase	2.12033723453e-07	1.05416612827e-07	0.0221422382169
Fetal_Muscle_Leg__H3K4me1	1.34810920907e-07	7.05902535832e-08	0.0280816245077
Artery-Coronary_ENTEX__H3K27ac	9.78175382807e-08	5.28202413988e-08	0.0320204546612
Esophagus__H3K4me3	4.26045442305e-07	2.3105251838e-07	0.0325964276473
Fetal_Brain_Male__DNase	2.5262577647e-07	1.4176443728e-07	0.0373737248202
Brain_Hippocampus_Middle__H3K4me3	2.21013236517e-07	1.24942890572e-07	0.0384541082731
Aorta__H3K4me1	2.32230143869e-07	1.31600825099e-07	0.0388108255051
Adipose_Nuclei__H3K4me1	1.36528411739e-07	7.78078343147e-08	0.0396564124356
Cortex_derived_primary_cultured_neurospheres__H3K36me3	1.43645344353e-07	8.49049653685e-08	0.0453385480712
Cortex_derived_primary_cultured_neurospheres__H3K4me1	1.00509728768e-07	5.95880707041e-08	0.0458264422369
Ganglion_Eminence_derived_primary_cultured_neurospheres__H3K4me3	3.47720539898e-07	2.07890345281e-07	0.0472015418002
Ganglion_Eminence_derived_primary_cultured_neurospheres__H3K4me1	1.38480805398e-07	8.40351644354e-08	0.0496875029054
Fetal_Muscle_Trunk__H3K27ac	1.66025357164e-07	1.04686773117e-07	0.0563781765827
Stomach_Smooth_Muscle__H3K4me1	1.12566900175e-07	7.2143863714e-08	0.0593431435926
Foreskin_Melanocyte_Primary_Cells_skin01__H3K4me1	2.0623357602e-07	1.36079641488e-07	0.0648183785061
Aorta__H3K4me3	4.54886716248e-07	3.00920636159e-07	0.065311446865
Brain_Germinal_Matrix__H3K4me1	1.64502151607e-07	1.11650593305e-07	0.0703262304804
Breast_Myoepithelial_Primary_Cells__H3K9ac	2.05313050927e-07	1.45142208711e-07	0.0785980763583
NHDF-Ad_Adult_Dermal_Fibroblast_Primary_Cells__DNase	1.88326642785e-07	1.34238760894e-07	0.080319903362
Thyroid_gland_ENTEX__H3K36me3	1.91035382494e-07	1.36758958064e-07	0.0812253476597
Adipose_Nuclei__H3K27ac	7.05392429152e-08	5.28616884001e-08	0.0910345227873
Ganglion_Eminence_derived_primary_cultured_neurospheres__H3K36me3	1.03073535297e-07	7.80236063008e-08	0.0932413846653
Breast_Myoepithelial_Primary_Cells__H3K4me1	5.76031838818e-08	4.36621130682e-08	0.0935353446105
Thymus__H3K4me3	4.0644207469e-07	3.12753086371e-07	0.0968755389417
Mammary_ENTEX__H3K27ac	6.91909144412e-08	5.38563166034e-08	0.0994430372957
Fetal_Muscle_Leg__H3K36me3	7.90922893745e-08	6.43388086995e-08	0.109477949832
Colon-Sigm_ENTEX__H3K4me3	4.03031102685e-07	3.28454151668e-07	0.109901077916
Foreskin_Fibroblast_Primary_Cells_skin02__H3K36me3	6.73145979774e-08	5.49677353186e-08	0.110359180275
Testis_ENTEX__H3K27ac	4.03889878282e-08	3.35931040194e-08	0.114623665007
Sigmoid_Colon__H3K4me3	3.01379937415e-07	2.53374193235e-07	0.117128210675
Fetal_Adrenal_Gland__H3K36me3	6.63194065277e-08	5.58592376644e-08	0.117562653214
Foreskin_Melanocyte_Primary_Cells_skin01__H3K4me3	2.8127671701e-07	2.39596519382e-07	0.120205534669
Colon_Smooth_Muscle__H3K4me1	5.86215637221e-08	5.04009037967e-08	0.122393369318
Brain_Hippocampus_Middle__H3K27ac	5.29437523973e-08	4.58195217389e-08	0.123946014812
Breast_Myoepithelial_Primary_Cells__H3K36me3	5.96496410297e-08	5.22679973858e-08	0.126887770758
Fetal_Stomach__H3K27ac	7.69187667142e-08	6.78489187896e-08	0.128465005642
Thymus__H3K27ac	1.74139495506e-07	1.54979918368e-07	0.130585819936
Primary_mononuclear_cells_from_peripheral_blood__H3K4me1	2.29047243849e-07	2.0802408649e-07	0.135435017887
Fetal_Kidney__H3K9ac	3.17314603615e-07	2.95150227493e-07	0.141166045979
Left_Ventricle__H3K4me1	8.57300890961e-08	7.98911600829e-08	0.141616255565
Ovary__H3K36me3	9.99947243737e-08	9.4823607057e-08	0.145819235144
Artery-Coronary_ENTEX__H3K4me3	1.11461744569e-07	1.0760391197e-07	0.150135559727
Right_Ventricle__H3K4me1	8.42473683835e-08	8.17596975678e-08	0.151404892446
Aorta_ENTEX__H3K4me3	9.59903456903e-08	9.35662409471e-08	0.152467499446
Thymus__H3K36me3	1.13464732749e-07	1.10846073653e-07	0.153006385377
Fetal_Kidney__H3K4me1	1.6133548223e-07	1.58250914736e-07	0.153984813573
Cortex_derived_primary_cultured_neurospheres__H3K4me3	2.82343951796e-07	2.81332964747e-07	0.157787279839
Foreskin_Melanocyte_Primary_Cells_skin03__H3K36me3	4.51209789191e-08	4.53683300683e-08	0.159978090671
Right_Atrium__H3K4me3	2.29138639798e-07	2.30644719122e-07	0.160240449242
Fetal_Thymus__H3K36me3	5.05303703068e-08	5.10594017639e-08	0.161175324111
Stomach_Smooth_Muscle__H3K36me3	8.4619626734e-08	8.68269846338e-08	0.164884936282
Brain_Cingulate_Gyrus__H3K4me3	1.7684043417e-07	1.88221165837e-07	0.173727982228
Fetal_Kidney__H3K36me3	2.76195933636e-07	2.96072619968e-07	0.175444707772
Colon_Smooth_Muscle__H3K9ac	1.43896777908e-07	1.54296852269e-07	0.175514047525
Right_Atrium__H3K4me1	1.01773562222e-07	1.09365174134e-07	0.176034205395
Primary_T_helper_memory_cells_from_peripheral_blood_2__H3K27ac	8.22512713914e-08	8.85213427589e-08	0.176400802339
Foreskin_Fibroblast_Primary_Cells_skin02__H3K4me3	8.12621494568e-08	8.9823220579e-08	0.182814879065
Lung__H3K4me1	7.40914884646e-08	8.21164111747e-08	0.183455713043
Esoph-GJ_ENTEX__H3K4me1	5.00904814418e-08	5.62895636604e-08	0.186767430079
Fetal_Thymus__H3K27ac	5.89826281585e-08	6.63664696965e-08	0.187071042112
Foreskin_Melanocyte_Primary_Cells_skin01__H3K36me3	1.04836380284e-07	1.18086362866e-07	0.187325749384
Adrenal_gland_ENTEX__H3K4me3	1.25458661292e-07	1.44384643622e-07	0.19244552663
Fetal_Thymus__H3K4me3	1.95325752779e-07	2.25991479116e-07	0.19370995437
Nerve-Tibial_ENTEX__H3K4me3	1.97614471614e-07	2.28793777217e-07	0.193870009057
Foreskin_Melanocyte_Primary_Cells_skin03__H3K27ac	6.63582929831e-08	7.74840085748e-08	0.195884756935
Primary_mononuclear_cells_from_peripheral_blood__H3K9ac	1.49805788497e-07	1.7708988239e-07	0.198795670498
Skeletal_Muscle_Female__H3K4me1	3.93308399089e-08	4.67097859294e-08	0.199886785785
Foreskin_Fibroblast_Primary_Cells_skin02__H3K27ac	6.39512137021e-08	7.71256524561e-08	0.203500674254
Aorta__H3K36me3	1.40132741549e-07	1.69764184929e-07	0.204556582954
Fetal_Kidney__H3K4me3	2.60493879132e-07	3.1894703388e-07	0.207041131273
Esoph-Mucosa_ENTEX__H3K36me3	7.19369966922e-08	8.91424861649e-08	0.209836439652
Rectal_Smooth_Muscle__H3K36me3	1.18564434166e-07	1.51712098244e-07	0.217251468755
Fetal_Adrenal_Gland__H3K27ac	4.41287877126e-08	5.6751661734e-08	0.218409207912
Esoph-Mucosa_ENTEX__H3K4me3	1.28539829954e-07	1.66149350142e-07	0.219571772209
Colon_Smooth_Muscle__H3K36me3	7.02510872049e-08	9.08211021862e-08	0.21961012258
Fetal_Lung__H3K9ac	1.21353742619e-07	1.59802846468e-07	0.22380766527
Brain_Inferior_Temporal_Lobe__H3K27ac	3.75681159703e-08	4.94724153449e-08	0.223814128618
Primary_mononuclear_cells_from_peripheral_blood__H3K4me3	2.19401279343e-07	2.89275893556e-07	0.224090840329
Brain_Angular_Gyrus__H3K27ac	4.92277006541e-08	6.53148460619e-08	0.225515145312
Foreskin_Fibroblast_Primary_Cells_skin02__H3K4me1	4.0171555096e-08	5.41477921037e-08	0.229077833998
Primary_T_helper_cells_from_peripheral_blood__H3K4me3	1.38506066954e-07	1.87755355629e-07	0.230350100016
Colon-Sigm_ENTEX__H3K36me3	6.26258901554e-08	8.5078786577e-08	0.230837083762
Foreskin_Melanocyte_Primary_Cells_skin01__H3K27ac	1.37511732335e-07	1.87876745556e-07	0.232107099425
Fetal_Heart__DNase	5.54356114402e-08	7.66916471165e-08	0.234889810752
Fetal_Brain_Male__H3K4me3	2.74676286296e-07	3.84352421296e-07	0.237413612352
Brain_Hippocampus_Middle__H3K4me1	2.90095248302e-08	4.08489041501e-08	0.238800434408
Thyroid_gland_ENTEX__H3K4me3	1.12467303926e-07	1.60335381117e-07	0.241511014968
Brain_Dorsolateral_Prefrontal_Cortex__H3K27ac	4.66350669589e-08	6.7813052815e-08	0.245820718183
Brain_Dorsolateral_Prefrontal_Cortex__H3K36me3	6.46296539511e-08	9.40634448123e-08	0.246014341973
Psoas_Muscle__DNase	7.56273543033e-08	1.13791019387e-07	0.253148004151
Adrenal_gland_ENTEX__H3K27ac	3.77458539123e-08	5.68080942054e-08	0.253202771148
Foreskin_Fibroblast_Primary_Cells_skin01__H3K36me3	3.01877455351e-08	4.58293750993e-08	0.25504466386
Adipose_Nuclei__H3K9ac	1.12173398466e-07	1.70306727875e-07	0.255058629083
Pancreatic_Islets__H3K36me3	8.75901322234e-08	1.33431071628e-07	0.255768988818
Thymus__H3K4me1	6.14594541514e-08	9.42779933856e-08	0.257234107522
Primary_T_helper_naive_cells_from_peripheral_blood_2__H3K4me3	9.79114571132e-08	1.50614032203e-07	0.257819658161
Fetal_Muscle_Trunk__H3K4me1	3.73925719822e-08	5.77041782686e-08	0.258490993005
Fetal_Adrenal_Gland__H3K4me3	1.96070529813e-07	3.03459517604e-07	0.259101604786
Skeletal_Muscle_Male__H3K4me1	3.58947946496e-08	5.57149652097e-08	0.259704174253
NHLF_Lung_Fibroblast_Primary_Cells__H3K36me3	8.99558976658e-08	1.43006837873e-07	0.264664006613
Vagina_ENTEX__H3K27ac	3.12783699142e-08	5.02103894771e-08	0.266659947558
Ovary__H3K4me1	5.40573696985e-08	8.68264843964e-08	0.2667767318
Brain_Inferior_Temporal_Lobe__H3K4me1	4.25775510895e-08	6.84660543568e-08	0.267010959015
Nerve-Tibial_ENTEX__H3K4me1	2.98192687177e-08	4.9219674331e-08	0.272310359406
Stomach_Smooth_Muscle__H3K4me3	8.42584809106e-08	1.40106562897e-07	0.273790615834
Brain_Cingulate_Gyrus__H3K4me1	3.33530243591e-08	5.57670246318e-08	0.274893981553
Brain_Cingulate_Gyrus__H3K27ac	3.12874376485e-08	5.26538648885e-08	0.276185930435
Rectal_Smooth_Muscle__H3K4me1	4.01837021393e-08	7.1091996875e-08	0.28595688405
Duodenum_Smooth_Muscle__H3K4me1	5.27219654464e-08	9.33725356701e-08	0.286158973172
Nerve-Tibial_ENTEX__H3K36me3	3.49648421917e-08	6.24357521167e-08	0.287735234244
Brain_Inferior_Temporal_Lobe__H3K4me3	9.67727382054e-08	1.72944346855e-07	0.287889798507
Esoph-Mucosa_ENTEX__H3K27ac	3.61420588459e-08	6.50664981743e-08	0.289288865977
Colon-TV_ENTEX__H3K36me3	4.25582758228e-08	7.74029648572e-08	0.291218859981
Fetal_Adrenal_Gland__H3K4me1	3.52127989813e-08	6.42356694472e-08	0.291783677362
Esophagus__H3K4me1	5.00468226834e-08	9.21120708065e-08	0.293452908269
NHDF-Ad_Adult_Dermal_Fibroblast_Primary_Cells__H3K4me3	1.33491360808e-07	2.45836544165e-07	0.293561936216
Brain_Dorsolateral_Prefrontal_Cortex__H3K4me3	1.06032822369e-07	1.96902705023e-07	0.295114698178
Fetal_Muscle_Trunk__H3K4me3	1.46473203001e-07	2.83310670952e-07	0.302576125338
Esophagus__H3K27ac	4.04641043677e-08	7.96501643547e-08	0.305718655505
Fetal_Stomach__DNase	7.54471428688e-08	1.49822420305e-07	0.307279287194
Fetal_Muscle_Trunk__H3K36me3	3.79548356073e-08	7.6451207018e-08	0.309785553634
Liver__H3K4me1	2.1607021972e-08	4.36346310466e-08	0.310236328301
Foreskin_Melanocyte_Primary_Cells_skin03__H3K4me1	2.23774072891e-08	4.52598832725e-08	0.310504672838
Brain_Anterior_Caudate__H3K4me3	8.02400481439e-08	1.64742380917e-07	0.313106563634
Testis_ENTEX__H3K4me3	5.06595441466e-08	1.04142676934e-07	0.313326323492
Fetal_Thymus__DNase	5.74146647021e-08	1.20389568522e-07	0.316714064895
Thyroid_gland_ENTEX__H3K27ac	1.97146931223e-08	4.35270646488e-08	0.32529974155
Brain_Anterior_Caudate__H3K9ac	5.59997209449e-08	1.24100704022e-07	0.325906784001
Fetal_Kidney__DNase	6.24182865928e-08	1.38745394061e-07	0.326399761361
NHDF-Ad_Adult_Dermal_Fibroblast_Primary_Cells__H3K9ac	9.08536519238e-08	2.03467547023e-07	0.327608486882
Nerve-Tibial_ENTEX__H3K27ac	1.72557852456e-08	3.90992018298e-08	0.329485810289
Fetal_Stomach__H3K36me3	1.96885705592e-08	4.47849539954e-08	0.330104485468
Stomach_Smooth_Muscle__H3K27ac	2.33085926917e-08	5.37209073606e-08	0.332186673944
Vagina_ENTEX__H3K36me3	8.65277090807e-08	2.02723997603e-07	0.334753328268
Rectal_Smooth_Muscle__H3K9ac	1.18025738061e-07	2.77453949674e-07	0.335276719554
Aorta_ENTEX__H3K4me1	1.32749340205e-08	3.15577267241e-08	0.337003298821
Primary_T_cells_effector_memory_enriched_from_peripheral_blood__H3K4me3	8.27087087136e-08	1.98932501695e-07	0.338791837535
Placenta__H3K4me3	9.8342301712e-08	2.37953928949e-07	0.339699660106
Pancreatic_Islets__H3K4me1	2.40505936476e-08	5.91643379664e-08	0.342185826462
Ovary__DNase	4.89267061434e-08	1.20374478497e-07	0.342204470228
Primary_T_helper_memory_cells_from_peripheral_blood_1__H3K36me3	3.40709169948e-08	8.50918023792e-08	0.344430272699
Psoas_Muscle__H3K27ac	3.55117571315e-08	9.05074126682e-08	0.347395021738
Skeletal_Muscle_Male__H3K9ac	3.22642614157e-08	8.41985493232e-08	0.35078848051
NHDF-Ad_Adult_Dermal_Fibroblast_Primary_Cells__H3K36me3	5.72201153151e-08	1.49470349977e-07	0.350926923352
Primary_T_helper_memory_cells_from_peripheral_blood_2__H3K4me3	7.00558299065e-08	1.86991587204e-07	0.35396152131
Brain_Substantia_Nigra__H3K27ac	1.63566112169e-08	4.38939603519e-08	0.354708488698
Brain_Cingulate_Gyrus__H3K9ac	5.1486448456e-08	1.39464487265e-07	0.355999589375
Brain_Anterior_Caudate__H3K4me1	2.17799736203e-08	5.92125461728e-08	0.356501115076
Primary_T_regulatory_cells_from_peripheral_blood__H3K4me3	4.95129085717e-08	1.34928612242e-07	0.356825795729
Esophagus__H3K36me3	2.76272385547e-08	7.61272354981e-08	0.35833653157
Right_Atrium__H3K27ac	3.2572771629e-08	9.05325346582e-08	0.35950179778
Brain_Anterior_Caudate__H3K27ac	1.90909147493e-08	5.40267178418e-08	0.36190905068
Colonic_Mucosa__H3K9ac	6.43230887126e-08	1.82317644217e-07	0.362116264285
Fetal_Heart__H3K9ac	2.32739704486e-08	6.9602660075e-08	0.369045151978
Aorta_ENTEX__H3K27ac	1.03600142527e-08	3.13655772941e-08	0.370587079175
NHDF-Ad_Adult_Dermal_Fibroblast_Primary_Cells__H3K4me1	2.3693448408e-08	7.18686201944e-08	0.370821926184
Primary_T_killer_memory_cells_from_peripheral_blood__H3K27ac	4.0570920453e-08	1.23155609347e-07	0.370916059319
Primary_mononuclear_cells_from_peripheral_blood__H3K27ac	8.88367368412e-08	2.73761558281e-07	0.372778224901
Brain_Substantia_Nigra__H3K36me3	3.78084626655e-08	1.25834161506e-07	0.381912149962
Primary_T_killer_naive_cells_from_peripheral_blood__H3K4me3	6.33157956509e-08	2.1266383635e-07	0.382955714001
Foreskin_Fibroblast_Primary_Cells_skin02__DNase	3.75162242726e-08	1.26341156319e-07	0.383254704263
skeletal_muscle_ENTEX__H3K4me1	7.97828623715e-09	2.75750606294e-08	0.38616451245
Foreskin_Melanocyte_Primary_Cells_skin01__DNase	2.75907027039e-08	9.82725388403e-08	0.389448395168
Placenta__H3K4me1	1.77692903434e-08	6.57604032252e-08	0.393498345125
Esoph-GJ_ENTEX__H3K27ac	1.73081992204e-08	6.7237392531e-08	0.398427571699
Foreskin_Melanocyte_Primary_Cells_skin03__H3K4me3	5.37897877561e-08	2.10546541395e-07	0.399177373016
Primary_B_cells_from_peripheral_blood__H3K4me3	5.75894820191e-08	2.29368776999e-07	0.400876854757
Small_Intestine__H3K36me3	4.35924904904e-08	1.83687245865e-07	0.406204625732
NHDF-Ad_Adult_Dermal_Fibroblast_Primary_Cells__H3K27ac	2.75463787638e-08	1.16451394109e-07	0.406503618062
NHLF_Lung_Fibroblast_Primary_Cells__H3K4me1	2.24434392418e-08	9.94941036714e-08	0.410765771354
Skin_tissue_ENTEX__H3K4me3	3.97764462273e-08	1.78357957332e-07	0.41176203309
Spleen__H3K4me1	1.65557963347e-08	7.47806921121e-08	0.41239387417
Thyroid_gland_ENTEX__H3K4me1	1.05824005094e-08	4.81677806354e-08	0.413052894669
Brain_Substantia_Nigra__H3K4me3	3.88639756387e-08	1.79374805133e-07	0.414235292008
liver_ENTEX__H3K27ac	9.31572713203e-09	4.30651261545e-08	0.414370254789
Brain_Inferior_Temporal_Lobe__H3K36me3	1.72232078057e-08	8.0632608097e-08	0.415429099678
SI-Term-Ileum_ENTEX__H3K4me1	1.63985311404e-08	7.73971254922e-08	0.416102200969
Brain_Inferior_Temporal_Lobe__H3K9ac	2.23304073537e-08	1.10084744218e-07	0.419627142689
Fetal_Adrenal_Gland__DNase	2.48760114833e-08	1.23007118394e-07	0.419867564647
Primary_B_cells_from_cord_blood__H3K4me3	5.36597346202e-08	2.66376337293e-07	0.420175971197
Mammary_ENTEX__H3K4me1	2.30034900459e-08	1.16668967192e-07	0.42184768984
Colon-Sigm_ENTEX__H3K27ac	1.37659877287e-08	7.29818988614e-08	0.425194565879
Brain_Anterior_Caudate__H3K36me3	1.47498811494e-08	8.21022350101e-08	0.428712648232
Stomach_ENTEX__H3K4me3	3.37231341915e-08	2.01372343284e-07	0.433501477455
Prostate_ENTEX__H3K4me3	4.26641976458e-08	2.64536100989e-07	0.435936712341
Fetal_Heart__H3K4me1	5.69377312808e-09	3.54987348143e-08	0.436285479285
Primary_monocytes_from_peripheral_blood__H3K36me3	5.9976360709e-09	3.86251194356e-08	0.438301030619
Brain_Substantia_Nigra__H3K4me1	6.84371851635e-09	4.66741468797e-08	0.441712980552
Pancreatic_Islets__H3K4me3	3.75523199517e-08	2.58623487889e-07	0.442276193701
Esoph-GJ_ENTEX__H3K4me3	2.48195530509e-08	1.85717940333e-07	0.446843184446
Primary_T_helper_naive_cells_from_peripheral_blood__H3K9ac	2.10754577076e-08	1.67517532042e-07	0.449940980977
Brain_Angular_Gyrus__H3K4me1	7.93208834206e-09	6.46178894972e-08	0.45115104912
Foreskin_Keratinocyte_Primary_Cells_skin02__H3K36me3	6.65090270745e-09	6.30223321244e-08	0.457976651152
Foreskin_Fibroblast_Primary_Cells_skin01__DNase	1.36546590297e-08	1.34154953468e-07	0.459464562157
Uterus_ENTEX__H3K27ac	4.64006880176e-09	4.82833416269e-08	0.461720249378
Adrenal_gland_ENTEX__H3K4me1	5.00014782369e-09	5.27989297682e-08	0.462275888211
Pancreas__DNase	1.7138493985e-08	1.84724487695e-07	0.463039694735
Liver__H3K36me3	3.87783229921e-09	4.20652554015e-08	0.463275086477
skeletal_muscle_ENTEX__H3K4me3	7.21515864178e-09	8.61930849144e-08	0.466643800578
Placenta__DNase	7.15642477268e-09	8.68627065067e-08	0.467169180156
Small_Intestine__H3K4me3	2.04456319467e-08	2.57558190668e-07	0.468364164698
Fetal_Intestine_Large__H3K4me3	1.68803224968e-08	2.14905682085e-07	0.468696239572
Right_Ventricle__H3K27ac	4.87242548319e-09	7.6026239382e-08	0.474449785921
NHLF_Lung_Fibroblast_Primary_Cells__H3K9ac	1.58121955548e-08	2.72880987568e-07	0.476896063475
Gastric__H3K4me1	6.20326345651e-09	1.0786150776e-07	0.477068923191
Primary_monocytes_from_peripheral_blood__H3K4me3	1.52968514814e-08	2.88013631687e-07	0.478821512941
Primary_T_helper_17_cells_PMA-I_stimulated__H3K4me3	8.16957474743e-09	1.62841487271e-07	0.479993905939
Fetal_Thymus__H3K4me1	1.8382392129e-09	4.24748096315e-08	0.482739828982
Colonic_Mucosa__H3K4me3	8.09558994727e-09	2.00576455134e-07	0.483902415474
Heart-Atrial_ENTEX__H3K4me1	7.34830490732e-09	2.20277501987e-07	0.48669402978
Pancreas_ENTEX__H3K36me3	2.22814562112e-09	6.79262793929e-08	0.486916078439
Placenta_Amnion__H3K27ac	3.44708099818e-09	1.24720817648e-07	0.488975286399
Primary_T_regulatory_cells_from_peripheral_blood__H3K36me3	1.35648935082e-09	5.24806084845e-08	0.489689511627
Testis_ENTEX__H3K36me3	4.97154158618e-09	2.83932294771e-07	0.493015036212
Primary_T_helper_cells_from_peripheral_blood__H3K27ac	1.04857030537e-09	1.06863891683e-07	0.496085559774
Duodenum_Mucosa__H3K9ac	-1.72545797457e-09	1.53619048651e-07	0.504480848382
Primary_T_cells_from_peripheral_blood__H3K4me3	-2.43415382835e-09	2.07901379426e-07	0.504670794854
Rectal_Mucosa_Donor_31__H3K9ac	-1.77694210388e-09	1.11482437879e-07	0.506358555956
Foreskin_Fibroblast_Primary_Cells_skin01__H3K27ac	-1.58064468122e-09	6.94489079962e-08	0.509079070852
Primary_T_killer_memory_cells_from_peripheral_blood__H3K4me3	-4.02826960898e-09	1.75006321091e-07	0.509181983583
Fetal_Stomach__H3K4me3	-6.59820228494e-09	2.86582389071e-07	0.509184337294
Ovary__H3K27ac	-2.26052459343e-09	8.84523467997e-08	0.510194423449
Primary_hematopoietic_stem_cells__H3K4me3	-8.48685260863e-09	2.61912114703e-07	0.512924839049
Colon_Smooth_Muscle__H3K27ac	-2.10047313936e-09	5.95644856199e-08	0.5140653259
Heart-Atrial_ENTEX__H3K36me3	-2.97677665379e-09	5.66989276012e-08	0.52093543521
Skeletal_Muscle_Female__H3K27ac	-3.07193833032e-09	5.65371686913e-08	0.521665806105
Spleen__H3K27ac	-7.29784641603e-09	8.54646656258e-08	0.534024415107
Primary_T_regulatory_cells_from_peripheral_blood__H3K27ac	-5.7676807848e-09	6.4520036951e-08	0.535615460055
Esoph-Muscularis_ENTEX__H3K4me3	-1.73465272746e-08	1.93622211032e-07	0.535693306612
Pancreas__H3K4me1	-7.62653613663e-09	8.06470488214e-08	0.5376705531
Primary_T_cells_from_cord_blood__H3K4me1	-9.36595624546e-09	9.13591499271e-08	0.540827232185
Sigmoid_Colon__H3K4me1	-1.38168149956e-08	1.33467331955e-07	0.541225684395
Artery-Tibial_ENTEX__H3K36me3	-7.77246289921e-09	6.93137715949e-08	0.544641605854
Primary_T_killer_naive_cells_from_peripheral_blood__H3K27ac	-1.80549735633e-08	1.4640040464e-07	0.549075516111
Skeletal_Muscle_Female__H3K4me3	-1.48016109978e-08	1.19646938639e-07	0.549227845092
Placenta_Amnion__H3K4me1	-7.43746868869e-09	5.64932313286e-08	0.552370375907
Primary_hematopoietic_stem_cells_G-CSF-mobilized_Male__H3K36me3	-6.00272866263e-09	4.40906520445e-08	0.554146734403
Adipose_Nuclei__H3K36me3	-1.0141782558e-08	7.26942235821e-08	0.555477571879
Brain_Substantia_Nigra__H3K9ac	-1.72107840238e-08	1.23103275244e-07	0.555594029716
Foreskin_Fibroblast_Primary_Cells_skin01__H3K4me3	-1.62617008956e-08	1.13985501594e-07	0.556722479103
Brain_Hippocampus_Middle__H3K36me3	-1.13617922758e-08	7.868895154e-08	0.557403214538
Small_Intestine__H3K27ac	-1.49731275457e-08	1.02727510439e-07	0.55794290395
Fetal_Intestine_Large__H3K36me3	-7.75030415907e-09	5.25976339537e-08	0.558572436666
Right_Atrium__H3K36me3	-2.38311406358e-08	1.58735618212e-07	0.559669377447
Heart-Atrial_ENTEX__H3K4me3	-3.17917965029e-08	2.07313419126e-07	0.560939403202
Primary_hematopoietic_stem_cells_G-CSF-mobilized_Female__H3K36me3	-7.90860773041e-09	4.9321097014e-08	0.563697071991
Colon-TV_ENTEX__H3K4me1	-2.08931078035e-08	1.28512583205e-07	0.564573998765
Esoph-Muscularis_ENTEX__H3K27ac	-1.10605660831e-08	6.75364117134e-08	0.565044641012
Brain_Angular_Gyrus__H3K9ac	-2.20065582758e-08	1.33363802034e-07	0.565532526679
Ovary__H3K4me3	-4.36788589237e-08	2.55655470692e-07	0.567829330893
Duodenum_Mucosa__H3K36me3	-1.12823290379e-08	6.4212660285e-08	0.569736189474
Skeletal_Muscle_Female__H3K9ac	-2.04751011862e-08	1.15445512627e-07	0.570386116405
Gastric__H3K36me3	-1.33325016128e-08	7.39973965143e-08	0.571492517609
Brain_Angular_Gyrus__H3K4me3	-3.72149768134e-08	2.05750236903e-07	0.571766968284
Stomach_ENTEX__H3K4me1	-1.01630341986e-08	5.51597623272e-08	0.57309025083
Fetal_Heart__H3K36me3	-2.74752701244e-08	1.42500973092e-07	0.576445173023
Brain_Dorsolateral_Prefrontal_Cortex__H3K4me1	-1.50062263172e-08	7.7829526822e-08	0.5764456878
Ovary_ENTEX__H3K36me3	-4.55440818431e-08	2.28072250083e-07	0.579139055529
Primary_T_helper_memory_cells_from_peripheral_blood_2__H3K36me3	-2.12309350449e-08	1.06277750152e-07	0.579169137959
Heart-LV_ENTEX__H3K4me1	-1.41554015322e-08	7.08088143978e-08	0.579224578491
Primary_T_cells_from_peripheral_blood__DNase	-2.82134245609e-08	1.34645510978e-07	0.582986075987
Esoph-Mucosa_ENTEX__H3K4me1	-1.19992438703e-08	5.5353666528e-08	0.585807819877
Colon-Sigm_ENTEX__H3K4me1	-6.81423256921e-08	3.13397719841e-07	0.586063695695
Primary_T_helper_naive_cells_from_peripheral_blood_2__H3K27ac	-1.57745949535e-08	7.10254073228e-08	0.587881169951
Foreskin_Fibroblast_Primary_Cells_skin01__H3K4me1	-9.83479638506e-09	4.42458610006e-08	0.587950512764
SI-Term-Ileum_ENTEX__H3K27ac	-1.2868971623e-08	5.42386771263e-08	0.59377462165
Brain_Cingulate_Gyrus__H3K36me3	-2.29408392612e-08	9.34624131058e-08	0.596948020164
Colonic_Mucosa__H3K27ac	-2.48509246585e-08	9.71180857071e-08	0.600979637843
liver_ENTEX__H3K4me3	-2.64954776972e-08	9.982859503e-08	0.604653068662
Colon-TV_ENTEX__H3K4me3	-5.92147606044e-08	2.1629086468e-07	0.607870750281
Lung_ENTEX__H3K27ac	-1.41347140402e-08	5.1352731494e-08	0.608436975017
Psoas_Muscle__H3K4me3	-8.74457346642e-08	3.00295522137e-07	0.614550409482
Sigmoid_Colon__H3K27ac	-3.10121524856e-08	1.04134409771e-07	0.617075483658
Osteoblast_Primary_Cells__H3K27ac	-1.68205297738e-08	5.55199203375e-08	0.619041300987
Lung__H3K36me3	-2.88556422959e-08	9.41563130503e-08	0.620374800179
Primary_T_cells_effector_memory_enriched_from_peripheral_blood__H3K27ac	-2.76461493688e-08	8.87196010479e-08	0.622332537685
Colonic_Mucosa__H3K36me3	-2.75784918418e-08	8.80377267705e-08	0.622957540701
Primary_hematopoietic_stem_cells_G-CSF-mobilized_Female__H3K4me3	-6.23423015594e-08	1.97727775609e-07	0.623730626863
Brain_Dorsolateral_Prefrontal_Cortex__H3K9ac	-5.14619791277e-08	1.62164285466e-07	0.624508974541
Osteoblast_Primary_Cells__H3K4me3	-7.28275491337e-08	2.24218914575e-07	0.627335880227
Osteoblast_Primary_Cells__H3K4me1	-1.61779393667e-08	4.8906327804e-08	0.629600104466
Rectal_Smooth_Muscle__H3K27ac	-1.89679768078e-08	5.70227993504e-08	0.630296400209
Right_Ventricle__H3K36me3	-2.73210604549e-08	8.21000049722e-08	0.630348997984
Primary_T_helper_naive_cells_from_peripheral_blood_1__H3K27ac	-4.69526893389e-08	1.34642654424e-07	0.636350522928
Primary_hematopoietic_stem_cells_short_term_culture__H3K36me3	-2.09322147413e-08	5.99005397691e-08	0.636624068173
Left_Ventricle__H3K4me3	-9.37232210332e-08	2.6402365642e-07	0.638697859574
Primary_B_cells_from_cord_blood__H3K4me1	-1.97910634972e-08	5.51134902545e-08	0.640238563957
Primary_neutrophils_from_peripheral_blood__H3K4me3	-4.78776065678e-08	1.3305813469e-07	0.640510893531
Left_Ventricle__H3K27ac	-1.94132602028e-08	5.0322108596e-08	0.650170174726
Placenta_Amnion__H3K4me3	-1.12233222716e-07	2.69112096077e-07	0.661679113349
Brain_Angular_Gyrus__H3K36me3	-4.4458665834e-08	1.06584422125e-07	0.661705270674
Pancreas__H3K27ac	-6.00159003315e-08	1.36137960214e-07	0.670337822203
Primary_hematopoietic_stem_cells_short_term_culture__H3K4me3	-9.01571387991e-08	1.97075140664e-07	0.676335510513
Stomach_Mucosa__H3K36me3	-6.24032039055e-08	1.35722618193e-07	0.677164671365
SI-Term-Ileum_ENTEX__H3K4me3	-7.68232291864e-08	1.65740589717e-07	0.678502323428
Osteoblast_Primary_Cells__H3K36me3	-1.93412439382e-08	4.13361467004e-08	0.680072475042
Primary_T_helper_memory_cells_from_peripheral_blood_1__H3K27ac	-4.86430287535e-08	1.03134057937e-07	0.68141116623
Sigmoid_Colon__H3K36me3	-4.48105767449e-08	9.25877727941e-08	0.685799763284
Artery-Tibial_ENTEX__H3K4me1	-7.70380443657e-08	1.59127720238e-07	0.685852171079
HMEC_Mammary_Epithelial_Primary_Cells__H3K36me3	-4.18257472436e-08	8.62449618013e-08	0.686149246284
Breast_variant_Human_Mammary_Epithelial_Cells_(vHMEC)__H3K4me3	-9.73332008221e-08	1.98032523237e-07	0.688463958955
Duodenum_Smooth_Muscle__H3K27ac	-4.63123384133e-08	9.2123310541e-08	0.692419838077
Pancreatic_Islets__H3K27ac	-6.83588569275e-08	1.35186578716e-07	0.693453392117
Esoph-Muscularis_ENTEX__H3K4me1	-2.3460387744e-08	4.62455185193e-08	0.694028105278
NHLF_Lung_Fibroblast_Primary_Cells__H3K4me3	-1.37300200415e-07	2.67347758001e-07	0.69622159428
Mammary_ENTEX__H3K4me3	-6.75571515554e-08	1.28187086599e-07	0.700910131598
Fetal_Intestine_Small__H3K36me3	-1.87682334396e-08	3.54348764728e-08	0.701824168324
Foreskin_Keratinocyte_Primary_Cells_skin03__H3K36me3	-1.85024862961e-08	3.48210709366e-08	0.702414955071
Rectal_Smooth_Muscle__H3K4me3	-1.10085049707e-07	2.04309351268e-07	0.704992923818
Aorta__H3K27ac	-4.20397913132e-08	7.75908196887e-08	0.706026672308
Liver__H3K27ac	-2.61301544469e-08	4.80246789353e-08	0.706813144195
Spleen_ENTEX__H3K4me1	-8.82274048539e-08	1.60859169769e-07	0.70831747104
Primary_T_cells_from_cord_blood__DNase	-9.7257515042e-08	1.7714682938e-07	0.708504840383
Small_Intestine__H3K4me1	-6.77769079742e-08	1.23038584113e-07	0.709134822809
Spleen_ENTEX__H3K4me3	-5.8486095565e-08	1.05357531211e-07	0.710593782277
Lung__H3K4me3	-1.19172055417e-07	2.11901682755e-07	0.713075908347
Primary_T_helper_naive_cells_from_peripheral_blood_1__H3K4me3	-9.03376244215e-08	1.58970958773e-07	0.715072463588
Prostate_ENTEX__H3K27ac	-4.0090117428e-08	7.03810459833e-08	0.715530660135
Colonic_Mucosa__H3K4me1	-6.11064511248e-08	1.06889447314e-07	0.716230264147
Foreskin_Keratinocyte_Primary_Cells_skin02__H3K4me1	-4.39540095038e-08	7.67424885751e-08	0.716591904438
NHLF_Lung_Fibroblast_Primary_Cells__H3K27ac	-5.55653481093e-08	9.69915441147e-08	0.716639931755
Mammary_ENTEX__H3K36me3	-3.24124563515e-08	5.62517330444e-08	0.717761245536
NHEK-Epidermal_Keratinocyte_Primary_Cells__H3K36me3	-3.26333589808e-08	5.6252641636e-08	0.719083609887
Primary_T_killer_naive_cells_from_peripheral_blood__H3K9ac	-1.16469394471e-07	1.97770790334e-07	0.722039511803
Lung_ENTEX__H3K4me1	-3.13407715226e-08	5.29040107364e-08	0.723211372742
Rectal_Mucosa_Donor_29__H3K4me1	-5.20845581913e-08	8.75854835685e-08	0.723968337175
Primary_T_helper_cells_PMA-I_stimulated__H3K4me3	-7.05372471033e-08	1.17615468458e-07	0.725656117151
Primary_neutrophils_from_peripheral_blood__H3K36me3	-2.12491870604e-08	3.49470772379e-08	0.728419207057
Primary_T_regulatory_cells_from_peripheral_blood__H3K4me1	-3.70985796765e-08	6.08795201687e-08	0.728862711983
Stomach_ENTEX__H3K27ac	-2.80699720721e-08	4.5678716525e-08	0.730560411411
Fetal_Intestine_Small__H3K4me3	-1.25765915356e-07	2.02150641741e-07	0.733074954479
Lung__H3K27ac	-5.11265479121e-08	8.21024114597e-08	0.733264667525
Placenta__H3K27ac	-3.13242595727e-08	5.02262631358e-08	0.733575520981
Rectal_Mucosa_Donor_29__H3K9ac	-1.00950304026e-07	1.60938971871e-07	0.73475502967
Stomach_ENTEX__H3K36me3	-3.27242413791e-08	5.21536389594e-08	0.734820617449
Breast_Myoepithelial_Primary_Cells__H3K4me3	-9.72339447077e-08	1.53404182994e-07	0.736907882109
Breast_variant_Human_Mammary_Epithelial_Cells_(vHMEC)__H3K36me3	-2.5712893235e-08	4.04520431814e-08	0.737494103647
Liver__H3K4me3	-6.61816953487e-08	1.03118136441e-07	0.739499971998
Colon_Smooth_Muscle__H3K4me3	-1.1466917871e-07	1.75929230459e-07	0.742732160221
Rectal_Mucosa_Donor_31__H3K27ac	-4.55678685189e-08	6.84124896631e-08	0.74731850938
Stomach_Smooth_Muscle__H3K9ac	-1.17306601557e-07	1.72419300982e-07	0.751860638508
Rectal_Mucosa_Donor_31__H3K4me1	-4.17101918039e-08	6.11801877429e-08	0.752304572331
Primary_T_helper_17_cells_PMA-I_stimulated__H3K36me3	-4.38548211782e-08	6.40886740973e-08	0.753101912857
Pancreas_ENTEX__H3K4me1	-2.40877783504e-08	3.49035216543e-08	0.754942077692
Primary_hematopoietic_stem_cells_G-CSF-mobilized_Male__H3K4me3	-9.70430251302e-08	1.33080488427e-07	0.767062018676
HMEC_Mammary_Epithelial_Primary_Cells__H3K9ac	-8.60739194831e-08	1.1715053958e-07	0.76874777627
Primary_T_helper_cells_PMA-I_stimulated__H3K36me3	-4.34713025695e-08	5.7918290124e-08	0.773542032557
Primary_T_helper_naive_cells_from_peripheral_blood_2__H3K4me1	-3.65843822867e-08	4.85872254947e-08	0.774263920996
Primary_B_cells_from_peripheral_blood__DNase	-8.5559895336e-08	1.13192194503e-07	0.77513990197
Ovary_ENTEX__H3K4me3	-2.44668463945e-07	3.20694222871e-07	0.777248563088
Fetal_Intestine_Small__H3K4me1	-4.13690670674e-08	5.40916782927e-08	0.777803308135
HMEC_Mammary_Epithelial_Primary_Cells__DNase	-8.54154743454e-08	1.11266413372e-07	0.778657264779
HMEC_Mammary_Epithelial_Primary_Cells__H3K4me3	-1.81380578008e-07	2.26816482269e-07	0.788051854358
HMEC_Mammary_Epithelial_Primary_Cells__H3K4me1	-5.20574734183e-08	6.46881706736e-08	0.789516539146
HMEC_Mammary_Epithelial_Primary_Cells__H3K27ac	-5.87665413219e-08	7.28577340829e-08	0.790049507925
Primary_hematopoietic_stem_cells_G-CSF-mobilized_Female__H3K27ac	-6.18364401429e-08	7.62735188323e-08	0.79123665556
Fetal_Intestine_Small__H3K27ac	-5.30679031971e-08	6.54200919829e-08	0.791370745472
skeletal_muscle_ENTEX__H3K36me3	-3.21607919709e-08	3.9345057785e-08	0.793151091157
Fetal_Intestine_Large__H3K27ac	-4.81683459104e-08	5.80861455814e-08	0.796520516431
Pancreas__H3K36me3	-7.85976055102e-08	9.42134568761e-08	0.797930026585
Primary_T_helper_17_cells_PMA-I_stimulated__H3K27ac	-7.08377184639e-08	8.46412973689e-08	0.798680314288
Primary_T_helper_memory_cells_from_peripheral_blood_1__H3K4me3	-1.31969112333e-07	1.57629110898e-07	0.798763523487
Adipose_Nuclei__H3K4me3	-1.09311449303e-07	1.29605454118e-07	0.800502379181
Spleen_ENTEX__H3K27ac	-3.46680623236e-08	4.04557288085e-08	0.804260499904
Lung_ENTEX__H3K36me3	-4.82497880143e-08	5.5018986912e-08	0.809747482382
Primary_B_cells_from_cord_blood__H3K36me3	-1.3299311908e-07	1.51505369737e-07	0.809976922817
Skeletal_Muscle_Female__H3K36me3	-5.42507769956e-08	5.96770245146e-08	0.818344226588
Primary_T_cells_effector_memory_enriched_from_peripheral_blood__H3K4me1	-7.77494759842e-08	8.55191341669e-08	0.818363768062
Spleen__H3K36me3	-5.39688445438e-08	5.9257414418e-08	0.818787130074
Primary_T_cells_from_cord_blood__H3K4me3	-1.97835160213e-07	2.16653265108e-07	0.819416025063
Rectal_Mucosa_Donor_31__H3K4me3	-1.45560506428e-07	1.58167737402e-07	0.821289910757
Vagina_ENTEX__H3K4me3	-1.84033698638e-07	1.99698076122e-07	0.821620855587
Primary_T_cells_effector_memory_enriched_from_peripheral_blood__H3K36me3	-6.25284250998e-08	6.76900404055e-08	0.822190792848
skeletal_muscle_ENTEX__H3K27ac	-2.13698463886e-08	2.30503083282e-08	0.823061628141
Primary_hematopoietic_stem_cells_short_term_culture__H3K4me1	-6.07869234281e-08	6.4594352917e-08	0.82666199845
Duodenum_Smooth_Muscle__H3K4me3	-1.03045453079e-07	1.05870612822e-07	0.834801609464
Primary_hematopoietic_stem_cells__H3K4me1	-1.24684920462e-07	1.27511232522e-07	0.835921981646
Prostate_ENTEX__H3K36me3	-3.75534631368e-07	3.78707628796e-07	0.83930890423
Primary_T_cells_from_peripheral_blood__H3K4me1	-5.65846881026e-08	5.69946211733e-08	0.839598116038
Primary_T_helper_naive_cells_from_peripheral_blood_1__H3K36me3	-8.01135730085e-08	8.04861431425e-08	0.840222071835
Primary_T_helper_cells_from_peripheral_blood__H3K36me3	-5.00398158177e-08	5.01754099888e-08	0.840689960139
Primary_Natural_Killer_cells_from_peripheral_blood__H3K36me3	-5.59386805821e-08	5.56497940085e-08	0.842597592721
Lung_ENTEX__H3K4me3	-2.49711350794e-07	2.47887354853e-07	0.84311865607
Primary_T_killer_memory_cells_from_peripheral_blood__H3K4me1	-6.32350526719e-08	6.24466620323e-08	0.844380348903
Primary_T_cells_from_peripheral_blood__H3K36me3	-5.29317808117e-08	5.195447992e-08	0.845853580992
Pancreas_ENTEX__H3K27ac	-4.03330652371e-08	3.95624315678e-08	0.84601217345
Primary_hematopoietic_stem_cells_G-CSF-mobilized_Female__H3K4me1	-4.61586057771e-08	4.52546531216e-08	0.84612979388
Fetal_Intestine_Large__H3K4me1	-5.18985704852e-08	5.05444752908e-08	0.847740360958
Primary_T_helper_naive_cells_from_peripheral_blood_1__H3K4me1	-5.87165008193e-08	5.7057914924e-08	0.848276247788
Primary_T_cells_from_peripheral_blood__H3K27ac	-7.76642519782e-08	7.52390759052e-08	0.849018494592
Aorta_ENTEX__H3K36me3	-5.28657867268e-08	5.09978305236e-08	0.850045405616
Primary_T_helper_cells_PMA-I_stimulated__H3K27ac	-5.0791650721e-08	4.86341493807e-08	0.851840998806
Primary_T_killer_memory_cells_from_peripheral_blood__H3K36me3	-8.51298227886e-08	8.10564556793e-08	0.853199201107
Spleen_ENTEX__H3K36me3	-3.62844606868e-08	3.42260165725e-08	0.8554601516
Stomach_Mucosa__H3K4me1	-5.06739710352e-08	4.74219040481e-08	0.85736991317
Heart-LV_ENTEX__H3K27ac	-5.32483898367e-08	4.91793934891e-08	0.86053759646
Pancreas__H3K4me3	-2.4221762782e-07	2.22708567185e-07	0.861613926545
Gastric__H3K27ac	-1.12830208867e-07	1.03559947943e-07	0.86203677427
Primary_Natural_Killer_cells_from_peripheral_blood__H3K4me3	-2.39845421369e-07	2.19760361343e-07	0.862450506057
Primary_hematopoietic_stem_cells__H3K36me3	-1.19385541968e-07	1.09237407138e-07	0.862781105067
Primary_hematopoietic_stem_cells_G-CSF-mobilized_Male__H3K4me1	-5.68386545708e-08	5.19127477357e-08	0.86321718887
Duodenum_Smooth_Muscle__H3K36me3	-1.02976612286e-07	9.19081103551e-08	0.868734735631
Primary_T_killer_naive_cells_from_peripheral_blood__H3K4me1	-5.99379528486e-08	5.29210441321e-08	0.871307191614
Stomach_Mucosa__H3K4me3	-2.22968130961e-07	1.96663629686e-07	0.871551075392
SI-Term-Ileum_ENTEX__H3K36me3	-1.53919913606e-07	1.34228938364e-07	0.874246553316
Gastric__DNase	-2.28870534167e-07	1.98249544911e-07	0.875843528972
Primary_monocytes_from_peripheral_blood__H3K27ac	-1.05675339979e-07	8.86175678454e-08	0.883464921081
Foreskin_Keratinocyte_Primary_Cells_skin02__H3K4me3	-2.42015579009e-07	2.02949338091e-07	0.883465920021
Primary_B_cells_from_peripheral_blood__H3K27ac	-9.5740259146e-08	8.02461753414e-08	0.883581349808
Heart-LV_ENTEX__H3K36me3	-8.30221584494e-08	6.94389838635e-08	0.884076210656
Stomach_Mucosa__H3K9ac	-1.49807093948e-07	1.25123060964e-07	0.884400900756
Skeletal_Muscle_Male__H3K4me3	-1.72761153526e-07	1.44052008346e-07	0.884793775684
Rectal_Mucosa_Donor_31__H3K36me3	-8.18950631593e-08	6.77627508786e-08	0.886583220058
Uterus_ENTEX__H3K4me3	-3.57043751024e-07	2.94865374532e-07	0.887027458768
Liver__H3K9ac	-1.07853002531e-07	8.8535653508e-08	0.888423584422
Colon-TV_ENTEX__H3K27ac	-5.49984182818e-08	4.47778389478e-08	0.890323590397
Rectal_Mucosa_Donor_29__H3K27ac	-8.90108413819e-08	7.19342613344e-08	0.892029107999
Right_Ventricle__H3K4me3	-2.57522461234e-07	2.06701880388e-07	0.893592862108
Primary_B_cells_from_peripheral_blood__H3K4me1	-5.40453501761e-08	4.29234469401e-08	0.89600473596
Foreskin_Keratinocyte_Primary_Cells_skin03__H3K4me3	-2.03456403611e-07	1.5950551345e-07	0.898941733772
Heart-Atrial_ENTEX__H3K27ac	-4.49638974654e-08	3.49587654514e-08	0.900813031819
NHEK-Epidermal_Keratinocyte_Primary_Cells__H3K9ac	-1.41141568623e-07	1.08241741337e-07	0.903874290855
NHLF_Lung_Fibroblast_Primary_Cells__DNase	-1.90387535038e-07	1.42827249981e-07	0.90873273193
Pancreas_ENTEX__H3K4me3	-2.23657624314e-07	1.60360165714e-07	0.918449942722
Fetal_Lung__H3K4me3	-2.84745829654e-07	2.0409588645e-07	0.918515768136
Rectal_Mucosa_Donor_29__H3K36me3	-1.01575895941e-07	7.25585843319e-08	0.919230706779
Primary_T_helper_cells_from_peripheral_blood__H3K4me1	-7.09384736556e-08	5.02768313741e-08	0.920871430975
Fetal_Brain_Male__H3K36me3	-2.92446611853e-07	2.06914391202e-07	0.921226532475
liver_ENTEX__H3K4me1	-2.68541109289e-07	1.89377713916e-07	0.921907323925
Foreskin_Keratinocyte_Primary_Cells_skin03__H3K27ac	-1.0028777893e-07	7.0403802798e-08	0.922844098464
Foreskin_Keratinocyte_Primary_Cells_skin03__H3K4me1	-8.34239664904e-08	5.80858890574e-08	0.92452976007
Primary_T_helper_17_cells_PMA-I_stimulated__H3K4me1	-8.3076333197e-08	5.76576986284e-08	0.925187051382
Primary_mononuclear_cells_from_peripheral_blood__H3K36me3	-7.22130696449e-08	4.99052330219e-08	0.926052092307
Breast_variant_Human_Mammary_Epithelial_Cells_(vHMEC)__H3K4me1	-9.54046667968e-08	6.37321446369e-08	0.932798566007
Fetal_Intestine_Large__DNase	-1.97498342433e-07	1.31271348997e-07	0.933774249228
Fetal_Heart__H3K4me3	-1.58610164072e-07	1.03096183676e-07	0.938032868252
Primary_T_helper_naive_cells_from_peripheral_blood_2__H3K36me3	-1.02457186481e-07	6.45607255025e-08	0.943742476345
Duodenum_Mucosa__H3K4me3	-1.9878761425e-07	1.25177847736e-07	0.943861519835
Primary_Natural_Killer_cells_from_peripheral_blood__H3K4me1	-9.82000942687e-08	6.13843337107e-08	0.945173887992
Gastric__H3K4me3	-3.36735634198e-07	2.1003810146e-07	0.945556086975
Primary_T_killer_naive_cells_from_peripheral_blood__H3K36me3	-1.39629724026e-07	8.67108731021e-08	0.946332810163
Skeletal_Muscle_Male__H3K36me3	-1.12757408617e-07	6.80288968771e-08	0.951290061074
Primary_B_cells_from_peripheral_blood__H3K36me3	-7.2730912024e-08	4.27269358833e-08	0.955643518519
Primary_T_helper_memory_cells_from_peripheral_blood_2__H3K4me1	-8.24115386728e-08	4.83999558201e-08	0.955689693929
NHEK-Epidermal_Keratinocyte_Primary_Cells__H3K4me3	-2.63426509892e-07	1.54674850104e-07	0.95572518453
Rectal_Mucosa_Donor_29__H3K4me3	-2.30272626605e-07	1.34687760802e-07	0.956337231988
Psoas_Muscle__H3K36me3	-2.68460521111e-07	1.53810995251e-07	0.959541694257
Duodenum_Mucosa__H3K4me1	-1.13453126591e-07	6.43333571288e-08	0.961093540109
Small_Intestine__DNase	-2.02020665662e-07	1.11873345609e-07	0.964525052335
NHEK-Epidermal_Keratinocyte_Primary_Cells__H3K27ac	-1.22183388297e-07	6.73361204339e-08	0.965201890328
Left_Ventricle__H3K36me3	-1.46705892407e-07	8.05787171751e-08	0.965670198301
Primary_monocytes_from_peripheral_blood__H3K4me1	-8.33661656582e-08	4.52666530086e-08	0.967238167419
Heart-LV_ENTEX__H3K4me3	-3.42173458342e-07	1.85263846373e-07	0.967622961818
NHEK-Epidermal_Keratinocyte_Primary_Cells__H3K4me1	-1.00361610238e-07	5.30777925153e-08	0.970677143378
Primary_T_helper_cells_PMA-I_stimulated__H3K4me1	-8.35284121651e-08	4.34168115474e-08	0.972814719947
Primary_hematopoietic_stem_cells_G-CSF-mobilized_Male__DNase	-3.18620055525e-07	1.65545343141e-07	0.972864634204
Esoph-Muscularis_ENTEX__H3K36me3	-1.06086696281e-07	5.49995029497e-08	0.973126278402
Primary_T_helper_memory_cells_from_peripheral_blood_1__H3K4me1	-9.80260090831e-08	5.04898238215e-08	0.973901189648
Primary_Natural_Killer_cells_from_peripheral_blood__H3K27ac	-1.58054934755e-07	8.000305705e-08	0.975900584861
Primary_hematopoietic_stem_cells_G-CSF-mobilized_Female__DNase	-3.11971589294e-07	1.50679343176e-07	0.980794125415
Primary_T_cells_from_cord_blood__H3K36me3	-1.98790070807e-07	9.51877791924e-08	0.981619074942
Primary_Natural_Killer_cells_from_peripheral_blood__DNase	-3.25357255957e-07	1.51306025683e-07	0.984235274868
Primary_monocytes_from_peripheral_blood__DNase	-3.44790961929e-07	1.5263082405e-07	0.988057885826
Primary_neutrophils_from_peripheral_blood__H3K4me1	-8.66483938349e-08	3.74535907163e-08	0.989652059635
Pancreatic_Islets__H3K9ac	-5.03218202132e-07	2.13519943666e-07	0.99078276312
Breast_variant_Human_Mammary_Epithelial_Cells_(vHMEC)__DNase	-2.63423226308e-07	1.09932029078e-07	0.991717818298
Fetal_Intestine_Small__DNase	-3.99428592719e-07	1.6211428039e-07	0.993127711916
NHEK-Epidermal_Keratinocyte_Primary_Cells__DNase	-2.50404522271e-07	9.99872281945e-08	0.993866430822
Foreskin_Keratinocyte_Primary_Cells_skin02__DNase	-2.86844685659e-07	9.47918333573e-08	0.998761137243
