Name	Coefficient	Coefficient_std_error	Coefficient_P_value
Cortex_derived_primary_cultured_neurospheres__H3K36me3	1.82432894725e-07	5.6251846055e-08	0.000591090098548
Right_Atrium__H3K36me3	2.27559693346e-07	9.52242256664e-08	0.00843050090512
Adrenal_gland_ENTEX__H3K4me3	2.74798468555e-07	1.23528714382e-07	0.0130550058058
Ganglion_Eminence_derived_primary_cultured_neurospheres__H3K36me3	1.26768498172e-07	5.72556409611e-08	0.0134116809551
Spleen_ENTEX__H3K4me3	1.223204335e-07	5.60987164956e-08	0.0146120691479
Heart-Atrial_ENTEX__H3K36me3	8.88761494603e-08	4.5034336684e-08	0.0242181926512
Foreskin_Melanocyte_Primary_Cells_skin03__H3K27ac	1.06710129036e-07	5.8805333176e-08	0.0347901234473
Fetal_Muscle_Trunk__H3K36me3	1.01982819126e-07	5.79053666588e-08	0.0391024435848
Brain_Inferior_Temporal_Lobe__H3K4me3	2.38170599575e-07	1.35619343588e-07	0.0395297072714
Foreskin_Melanocyte_Primary_Cells_skin01__DNase	1.27074680155e-07	7.5567516928e-08	0.0463227740476
Fetal_Intestine_Small__H3K36me3	4.9380604284e-08	2.96111060003e-08	0.0476938093721
Foreskin_Melanocyte_Primary_Cells_skin03__H3K4me1	5.64458613166e-08	3.38914113104e-08	0.0479073576803
Artery-Coronary_ENTEX__H3K27ac	5.67971154595e-08	3.64693476725e-08	0.0596885753061
Right_Ventricle__H3K4me3	2.65850081191e-07	1.72848389676e-07	0.0620177596988
Mammary_ENTEX__H3K36me3	6.39267884874e-08	4.19965049071e-08	0.0639803562566
Fetal_Stomach__H3K36me3	5.58200881268e-08	3.66732554514e-08	0.0639929488906
Foreskin_Melanocyte_Primary_Cells_skin03__H3K4me3	3.10375530059e-07	2.06867075232e-07	0.0667603090222
skeletal_muscle_ENTEX__H3K36me3	5.12432449431e-08	3.46723298572e-08	0.0697133794335
Placenta__DNase	1.21926804936e-07	8.29561131919e-08	0.070811377761
Esophagus__H3K4me1	1.0319602089e-07	7.03836490959e-08	0.0712978434737
Brain_Germinal_Matrix__H3K36me3	1.16178959008e-07	8.02442616496e-08	0.0738342007365
Aorta__H3K4me3	2.86679551999e-07	1.99595070727e-07	0.0754576762751
Primary_monocytes_from_peripheral_blood__H3K4me1	5.0612793087e-08	3.55799412255e-08	0.0774392439413
Brain_Anterior_Caudate__H3K36me3	1.04933731499e-07	7.51600826643e-08	0.0813367036386
Foreskin_Fibroblast_Primary_Cells_skin01__H3K36me3	4.69794204801e-08	3.37471481321e-08	0.0819459893064
Foreskin_Melanocyte_Primary_Cells_skin01__H3K4me3	2.79825166869e-07	2.02921233168e-07	0.0839498184257
Brain_Anterior_Caudate__H3K27ac	5.81708695136e-08	4.22316770107e-08	0.0841908032016
Primary_neutrophils_from_peripheral_blood__H3K4me1	4.0411412984e-08	2.9609492076e-08	0.0861559516126
Fetal_Brain_Female__H3K36me3	7.85850525944e-08	5.92088276085e-08	0.0922126185864
Primary_monocytes_from_peripheral_blood__DNase	1.43980305211e-07	1.09685243446e-07	0.0946474285323
Brain_Anterior_Caudate__H3K4me3	1.68040967258e-07	1.28095750222e-07	0.0947872757459
Cortex_derived_primary_cultured_neurospheres__H3K4me3	2.9162903685e-07	2.22755100866e-07	0.0952347817071
Primary_Natural_Killer_cells_from_peripheral_blood__DNase	1.2897941225e-07	9.90883499022e-08	0.0965161975419
Artery-Coronary_ENTEX__H3K4me3	1.03661670606e-07	7.97418821307e-08	0.0968064508124
Aorta_ENTEX__H3K4me3	8.3295266778e-08	6.47333515155e-08	0.099091725011
Fetal_Thymus__H3K36me3	4.5183295733e-08	3.5549040353e-08	0.101861995376
Heart-LV_ENTEX__H3K36me3	7.13731456498e-08	5.67860234632e-08	0.10439877391
SI-Term-Ileum_ENTEX__H3K4me1	7.61410229735e-08	6.08911241965e-08	0.105568453939
Osteoblast_Primary_Cells__H3K27ac	5.27009701064e-08	4.26390489767e-08	0.108233180526
HMEC_Mammary_Epithelial_Primary_Cells__H3K27ac	6.77920630869e-08	5.53867758493e-08	0.110480713123
Brain_Cingulate_Gyrus__H3K9ac	1.5269173027e-07	1.26352131271e-07	0.113434830875
Fetal_Intestine_Large__H3K36me3	5.29954164648e-08	4.47146249775e-08	0.117970768225
Placenta_Amnion__H3K36me3	6.57469922101e-08	5.56601105674e-08	0.118757111056
Foreskin_Keratinocyte_Primary_Cells_skin02__H3K4me1	7.32493236422e-08	6.28634389204e-08	0.121966304212
Brain_Substantia_Nigra__H3K36me3	1.2452856019e-07	1.07840108501e-07	0.124096038713
Thyroid_gland_ENTEX__H3K27ac	3.17916322936e-08	2.78174857575e-08	0.126547312407
Placenta__H3K4me1	5.46222222079e-08	4.79826385593e-08	0.127482025028
Fetal_Intestine_Large__H3K4me1	5.06269552771e-08	4.44893082277e-08	0.127569052191
Foreskin_Keratinocyte_Primary_Cells_skin03__H3K4me1	4.79152019939e-08	4.24724904036e-08	0.129628974234
Foreskin_Fibroblast_Primary_Cells_skin01__H3K27ac	5.88945049846e-08	5.35942457045e-08	0.135906704577
Adrenal_gland_ENTEX__H3K27ac	3.86014554099e-08	3.55401645571e-08	0.138709393441
Brain_Inferior_Temporal_Lobe__H3K9ac	1.02793444397e-07	9.60364117097e-08	0.142228857436
Placenta_Amnion__H3K27ac	1.10926929644e-07	1.05044685819e-07	0.145484669752
Brain_Angular_Gyrus__H3K27ac	5.58286464462e-08	5.29876537646e-08	0.146029351732
Brain_Germinal_Matrix__H3K4me1	1.05915494857e-07	1.00830866944e-07	0.14676085083
Lung__H3K4me1	5.98324088153e-08	5.70224480357e-08	0.147025059558
Sigmoid_Colon__H3K4me1	1.26999672898e-07	1.21797651522e-07	0.148541229438
Right_Atrium__H3K4me3	1.80343209409e-07	1.75834226223e-07	0.15252985686
Foreskin_Melanocyte_Primary_Cells_skin01__H3K4me1	9.81676842454e-08	9.61002399007e-08	0.153505628306
Colonic_Mucosa__H3K4me1	8.44059868933e-08	8.3409449932e-08	0.155781570742
Brain_Angular_Gyrus__H3K36me3	8.89868080037e-08	8.81782576167e-08	0.156446676045
Rectal_Mucosa_Donor_29__H3K4me1	8.41596176375e-08	8.34130218267e-08	0.156499165414
Brain_Substantia_Nigra__H3K27ac	3.62664180531e-08	3.5959829728e-08	0.156601040757
Brain_Hippocampus_Middle__H3K27ac	4.07982678061e-08	4.06644111315e-08	0.157860060125
Colon-Sigm_ENTEX__H3K36me3	6.72398802331e-08	6.73465123479e-08	0.159038678041
Pancreas__H3K36me3	6.83951927558e-08	6.94689432097e-08	0.162424190298
Fetal_Intestine_Large__H3K27ac	4.98567772438e-08	5.09402817211e-08	0.163856725164
Primary_B_cells_from_peripheral_blood__DNase	1.04934676766e-07	1.07485496273e-07	0.164465776053
Primary_monocytes_from_peripheral_blood__H3K27ac	5.67734324705e-08	5.95975395274e-08	0.17039291735
Foreskin_Melanocyte_Primary_Cells_skin03__H3K36me3	2.97654590088e-08	3.12510024294e-08	0.170430823211
Brain_Hippocampus_Middle__H3K4me3	1.12170836407e-07	1.18532944446e-07	0.171991105168
Placenta_Amnion__H3K4me1	4.31743887683e-08	4.69044148123e-08	0.178662031007
Brain_Substantia_Nigra__H3K9ac	9.92574181062e-08	1.08648772315e-07	0.180473452051
Thymus__H3K4me1	5.69893930848e-08	6.27706204376e-08	0.181965752768
Thyroid_gland_ENTEX__H3K36me3	4.0623155211e-08	4.55490801341e-08	0.186235444266
NHEK-Epidermal_Keratinocyte_Primary_Cells__H3K36me3	3.96023209473e-08	4.44348609394e-08	0.186399034963
Mammary_ENTEX__H3K4me3	1.01138163003e-07	1.15219676911e-07	0.190030064339
Brain_Anterior_Caudate__H3K9ac	8.63937263511e-08	9.844611608e-08	0.190087542428
NHEK-Epidermal_Keratinocyte_Primary_Cells__H3K27ac	4.5544693941e-08	5.19869395436e-08	0.190493398059
Stomach_Mucosa__H3K9ac	8.9637838356e-08	1.0332207637e-07	0.192818320942
NHLF_Lung_Fibroblast_Primary_Cells__H3K9ac	1.44152722777e-07	1.67202847319e-07	0.194304484222
Thyroid_gland_ENTEX__H3K4me1	2.70173132851e-08	3.13596072718e-08	0.194472481088
Rectal_Mucosa_Donor_31__H3K9ac	8.24651027453e-08	9.58336457792e-08	0.194756021479
Brain_Dorsolateral_Prefrontal_Cortex__H3K36me3	7.01505419327e-08	8.29385333423e-08	0.198828360377
Left_Ventricle__H3K36me3	5.77628180237e-08	6.84706233932e-08	0.199442399667
Colon-TV_ENTEX__H3K36me3	5.51935316818e-08	6.57399908409e-08	0.200573877376
Brain_Cingulate_Gyrus__H3K4me1	4.11937623425e-08	4.9169267408e-08	0.201072946801
Brain_Inferior_Temporal_Lobe__H3K27ac	3.34639673883e-08	4.14730516441e-08	0.209866481154
Testis_ENTEX__H3K4me3	6.33369468092e-08	7.86974761131e-08	0.210463084426
Esophagus__H3K4me3	1.60004514305e-07	2.02844515606e-07	0.215113359101
Placenta__H3K36me3	4.36893940764e-08	5.59809339001e-08	0.217567888966
Fetal_Intestine_Large__DNase	8.31747250739e-08	1.06701071231e-07	0.217839197147
NHEK-Epidermal_Keratinocyte_Primary_Cells__DNase	6.54729519699e-08	8.44496748525e-08	0.219084286007
Brain_Substantia_Nigra__H3K4me1	3.18330500859e-08	4.11224963118e-08	0.219434925069
Adrenal_gland_ENTEX__H3K4me1	3.64370449403e-08	4.71404586197e-08	0.219777069229
NHEK-Epidermal_Keratinocyte_Primary_Cells__H3K9ac	6.36990227187e-08	8.39309055349e-08	0.223942438341
Foreskin_Fibroblast_Primary_Cells_skin01__H3K4me1	2.89279227688e-08	3.82606235368e-08	0.224801943974
Brain_Dorsolateral_Prefrontal_Cortex__H3K9ac	1.09596442998e-07	1.45087400606e-07	0.225009838675
Nerve-Tibial_ENTEX__H3K4me1	3.12017437554e-08	4.14474393455e-08	0.225784245597
Adipose_Nuclei__H3K4me3	6.08646857138e-08	8.21179868093e-08	0.229290396158
Fetal_Kidney__H3K4me1	8.69836582938e-08	1.17479571311e-07	0.229524054436
Stomach_ENTEX__H3K27ac	2.88124738408e-08	3.89478661622e-08	0.229719697795
Fetal_Brain_Male__DNase	7.01573664257e-08	9.52126852527e-08	0.230607108162
Foreskin_Keratinocyte_Primary_Cells_skin02__H3K36me3	3.30019628396e-08	4.4890918153e-08	0.231121330471
Aorta_ENTEX__H3K4me1	1.65688838732e-08	2.26210796035e-08	0.231945975508
Primary_T_helper_cells_PMA-I_stimulated__H3K4me3	6.78852535486e-08	9.32556032471e-08	0.233322631551
Aorta_ENTEX__H3K36me3	2.62621245106e-08	3.62103815551e-08	0.234144718559
Primary_neutrophils_from_peripheral_blood__H3K4me3	5.10318980413e-08	7.13994275264e-08	0.237385415494
Primary_B_cells_from_cord_blood__H3K4me1	3.44529413982e-08	4.83394117253e-08	0.23800647253
Brain_Angular_Gyrus__H3K4me3	1.12900450119e-07	1.59717772252e-07	0.239822178168
Fetal_Intestine_Small__DNase	9.11524019544e-08	1.30688583789e-07	0.242751875496
Fetal_Adrenal_Gland__DNase	6.91911200132e-08	1.00506836208e-07	0.245593528019
NHEK-Epidermal_Keratinocyte_Primary_Cells__H3K4me1	2.78293622285e-08	4.04781703848e-08	0.245879025296
Fetal_Brain_Female__DNase	7.13276583207e-08	1.04031397611e-07	0.246471376508
Brain_Cingulate_Gyrus__H3K27ac	2.91668754516e-08	4.26255119243e-08	0.246905924918
Thymus__H3K36me3	4.38219850868e-08	6.49813379277e-08	0.250035511085
HMEC_Mammary_Epithelial_Primary_Cells__H3K9ac	6.53276337467e-08	9.7327220427e-08	0.251041317626
Brain_Substantia_Nigra__H3K4me3	1.00403555537e-07	1.51484921694e-07	0.253730702244
Primary_T_helper_naive_cells_from_peripheral_blood_2__H3K4me1	2.5447382587e-08	3.89738093678e-08	0.256898939996
Fetal_Thymus__H3K4me1	2.30742984301e-08	3.54754797442e-08	0.257707414655
Placenta__H3K27ac	2.7323854971e-08	4.23762687219e-08	0.259531177697
Brain_Angular_Gyrus__H3K9ac	7.81338883492e-08	1.2242877144e-07	0.261672156858
Duodenum_Mucosa__H3K4me1	3.37544692039e-08	5.38789713831e-08	0.265497816705
Esoph-Muscularis_ENTEX__H3K36me3	3.08729832244e-08	4.95621875685e-08	0.266670500747
Foreskin_Keratinocyte_Primary_Cells_skin02__H3K4me3	1.12935876189e-07	1.81770575661e-07	0.267197837996
Breast_Myoepithelial_Primary_Cells__H3K36me3	2.10118621354e-08	3.44890010297e-08	0.271184768778
Foreskin_Melanocyte_Primary_Cells_skin01__H3K36me3	4.77412041284e-08	7.84321593248e-08	0.271363560644
Duodenum_Smooth_Muscle__H3K4me3	4.77122912001e-08	8.00213861662e-08	0.275506035016
Rectal_Smooth_Muscle__H3K4me3	9.05135488022e-08	1.52184185429e-07	0.276000894215
Fetal_Stomach__H3K4me3	1.32724125613e-07	2.24386829331e-07	0.277093748408
Osteoblast_Primary_Cells__H3K36me3	1.91738153375e-08	3.27015998629e-08	0.278828055427
Brain_Germinal_Matrix__H3K4me3	1.01065664127e-07	1.72948558816e-07	0.279486257574
Fetal_Intestine_Small__H3K4me1	2.43438220025e-08	4.18508129054e-08	0.280390791526
Primary_hematopoietic_stem_cells_short_term_culture__H3K4me3	9.83579829783e-08	1.69208369577e-07	0.280524799799
Primary_hematopoietic_stem_cells_G-CSF-mobilized_Female__H3K4me3	8.76051394251e-08	1.50752779972e-07	0.280580496552
Stomach_Mucosa__H3K4me3	1.12727847342e-07	1.97429269943e-07	0.284007144646
Colon_Smooth_Muscle__H3K36me3	3.42053240041e-08	6.02031690773e-08	0.284961521246
Gastric__H3K36me3	3.17334354248e-08	5.77723735483e-08	0.291405312658
Foreskin_Keratinocyte_Primary_Cells_skin02__DNase	4.34732800348e-08	7.98771384259e-08	0.293134089422
Foreskin_Keratinocyte_Primary_Cells_skin03__H3K4me3	7.13331993143e-08	1.31167107975e-07	0.293277680857
Brain_Anterior_Caudate__H3K4me1	2.75673115952e-08	5.15961096656e-08	0.296570279494
Lung_ENTEX__H3K4me1	1.9966943114e-08	3.76629304718e-08	0.298004514703
Primary_hematopoietic_stem_cells_G-CSF-mobilized_Female__H3K36me3	1.99454375257e-08	3.79633833151e-08	0.29965737401
Stomach_Mucosa__H3K4me1	2.02377731858e-08	4.02800434879e-08	0.307683667043
Primary_monocytes_from_peripheral_blood__H3K4me3	8.32696325824e-08	1.66310950469e-07	0.308295919369
Rectal_Mucosa_Donor_31__H3K27ac	2.76144152949e-08	5.6450524113e-08	0.312357460441
Sigmoid_Colon__H3K36me3	3.99185841403e-08	8.16133730595e-08	0.312379017154
Primary_hematopoietic_stem_cells_G-CSF-mobilized_Female__H3K4me1	1.81971278494e-08	3.72258284004e-08	0.312480779773
Brain_Hippocampus_Middle__H3K4me1	1.79328399782e-08	3.69571861572e-08	0.313755598721
Primary_hematopoietic_stem_cells_G-CSF-mobilized_Female__DNase	5.90785788515e-08	1.21826024242e-07	0.313858677272
Fetal_Adrenal_Gland__H3K36me3	2.10645829668e-08	4.37067429245e-08	0.31491977217
Foreskin_Melanocyte_Primary_Cells_skin01__H3K27ac	5.22776007208e-08	1.13371485747e-07	0.322357075532
Nerve-Tibial_ENTEX__H3K27ac	1.67495020845e-08	3.65005802314e-08	0.323159031397
Aorta_ENTEX__H3K27ac	9.81533678071e-09	2.14249802114e-08	0.323431022325
Rectal_Mucosa_Donor_29__H3K9ac	7.19482938966e-08	1.57646807231e-07	0.324055079751
Fetal_Kidney__H3K9ac	8.69796750533e-08	1.90618421475e-07	0.324086209108
Fetal_Muscle_Leg__H3K36me3	2.17087681301e-08	4.80702132998e-08	0.325776637884
NHLF_Lung_Fibroblast_Primary_Cells__H3K36me3	3.97274345312e-08	8.85574451516e-08	0.326857816758
Primary_T_cells_from_cord_blood__H3K4me1	3.2897048753e-08	7.46935066594e-08	0.329813879903
HMEC_Mammary_Epithelial_Primary_Cells__H3K4me1	2.14016275565e-08	4.91738160317e-08	0.331699902285
Left_Ventricle__H3K4me3	9.06969729095e-08	2.12673429988e-07	0.33488589582
Brain_Hippocampus_Middle__H3K36me3	2.6650572907e-08	6.32552516957e-08	0.33676146263
Right_Ventricle__H3K36me3	2.68184293825e-08	6.43360559213e-08	0.338394379478
Brain_Cingulate_Gyrus__H3K36me3	3.15642495262e-08	7.58482927613e-08	0.338650206676
Colonic_Mucosa__H3K27ac	3.15975322752e-08	7.68773758162e-08	0.340531828271
Sigmoid_Colon__H3K27ac	2.93530742716e-08	7.2038795823e-08	0.341834336657
Foreskin_Fibroblast_Primary_Cells_skin02__H3K4me3	2.56225846721e-08	6.44956993064e-08	0.34558202184
Brain_Dorsolateral_Prefrontal_Cortex__H3K27ac	2.16447830195e-08	5.51445753181e-08	0.347340807392
Brain_Inferior_Temporal_Lobe__H3K36me3	2.83207626198e-08	7.26097482065e-08	0.348253197139
Primary_T_helper_cells_from_peripheral_blood__H3K4me3	5.95783411435e-08	1.54608303203e-07	0.349988985375
Fetal_Lung__H3K36me3	1.80272938404e-08	4.81556794157e-08	0.354070306023
Stomach_Smooth_Muscle__H3K36me3	2.3579418198e-08	6.30263897253e-08	0.354157606679
Foreskin_Fibroblast_Primary_Cells_skin01__DNase	3.3119106369e-08	9.01475978019e-08	0.356664973211
Foreskin_Keratinocyte_Primary_Cells_skin03__H3K27ac	1.87999535056e-08	5.21304956751e-08	0.359187077164
Fetal_Brain_Male__H3K4me1	1.61410685168e-08	4.54549283973e-08	0.361257145146
Primary_T_helper_naive_cells_from_peripheral_blood_1__H3K4me1	1.61461694101e-08	4.63170569228e-08	0.363694462356
NHLF_Lung_Fibroblast_Primary_Cells__H3K27ac	2.409943894e-08	6.92831599681e-08	0.363980257393
Ganglion_Eminence_derived_primary_cultured_neurospheres__H3K4me3	4.88635043982e-08	1.42716549675e-07	0.366031909657
Fetal_Thymus__H3K27ac	1.7336979675e-08	5.38884531465e-08	0.373832507172
Primary_T_helper_17_cells_PMA-I_stimulated__H3K4me3	3.47289157257e-08	1.10239645326e-07	0.376369023873
Mammary_ENTEX__H3K4me1	3.09818792048e-08	9.86643258874e-08	0.376755589389
Fetal_Lung__DNase	2.4963072307e-08	8.19571368317e-08	0.380340389653
Heart-Atrial_ENTEX__H3K27ac	9.12966938774e-09	2.99789236313e-08	0.380359684773
Primary_T_cells_from_cord_blood__DNase	4.48929404572e-08	1.48394536276e-07	0.381126238767
Testis_ENTEX__H3K27ac	1.0017950239e-08	3.35136240178e-08	0.382499885921
Gastric__H3K4me3	3.95565095106e-08	1.34417638094e-07	0.384271729846
Fetal_Brain_Female__H3K4me3	4.48897454216e-08	1.5279355745e-07	0.384457872637
Skeletal_Muscle_Male__H3K36me3	1.76736210127e-08	6.20663952021e-08	0.387916513669
Rectal_Mucosa_Donor_29__H3K27ac	1.74123504037e-08	6.25572744605e-08	0.390374713424
Primary_T_helper_cells_PMA-I_stimulated__H3K4me1	9.53867155108e-09	3.4718554004e-08	0.39175693632
Primary_T_helper_naive_cells_from_peripheral_blood_2__H3K4me3	3.32235528958e-08	1.24087918314e-07	0.394448942203
Foreskin_Fibroblast_Primary_Cells_skin01__H3K4me3	2.32201828507e-08	9.03681445481e-08	0.398608309451
Osteoblast_Primary_Cells__H3K4me1	1.06757773345e-08	4.19757215596e-08	0.399619465273
Esoph-Mucosa_ENTEX__H3K4me3	3.4244632409e-08	1.34745783024e-07	0.399692728912
Thyroid_gland_ENTEX__H3K4me3	3.33534881281e-08	1.33841513597e-07	0.401602511095
Foreskin_Fibroblast_Primary_Cells_skin02__H3K36me3	9.78427001902e-09	4.09795162425e-08	0.405645837487
Stomach_ENTEX__H3K4me3	3.01519576145e-08	1.28391562624e-07	0.407165000008
Fetal_Brain_Female__H3K4me1	1.56199385376e-08	6.78583991062e-08	0.408974278037
Lung__H3K4me3	4.54149784517e-08	1.98803841917e-07	0.409651650634
Fetal_Stomach__H3K4me1	9.85555187583e-09	4.58550337866e-08	0.414911547064
Fetal_Intestine_Small__H3K27ac	1.06233081547e-08	4.95608258448e-08	0.41513749643
Rectal_Mucosa_Donor_31__H3K4me1	9.63067154105e-09	4.88749289828e-08	0.421895271669
Foreskin_Fibroblast_Primary_Cells_skin02__H3K4me1	8.52642258437e-09	4.44308082566e-08	0.42390894222
Brain_Cingulate_Gyrus__H3K4me3	2.6955540942e-08	1.41733315146e-07	0.424582108969
Fetal_Lung__H3K4me3	2.65993431217e-08	1.40818570615e-07	0.425089172482
Primary_T_killer_memory_cells_from_peripheral_blood__H3K4me1	9.34218036338e-09	5.0017863392e-08	0.42591778832
Fetal_Muscle_Trunk__H3K4me3	4.37570536656e-08	2.40609299928e-07	0.427846548699
NHDF-Ad_Adult_Dermal_Fibroblast_Primary_Cells__H3K27ac	1.17024424687e-08	6.7494691705e-08	0.431175133198
Primary_T_helper_memory_cells_from_peripheral_blood_2__H3K27ac	1.17312229764e-08	7.03242062444e-08	0.433757301517
Fetal_Muscle_Leg__H3K4me3	3.65491716385e-08	2.29862208837e-07	0.436832585301
Prostate_ENTEX__H3K27ac	6.87976476831e-09	4.64633354358e-08	0.441144283157
Fetal_Stomach__H3K27ac	8.19107247398e-09	5.63277363814e-08	0.442190386907
HMEC_Mammary_Epithelial_Primary_Cells__DNase	1.27938949655e-08	8.88964634144e-08	0.442782194496
Esoph-Muscularis_ENTEX__H3K4me3	2.41016955263e-08	1.69541946883e-07	0.443477716081
Small_Intestine__H3K36me3	1.88465316987e-08	1.45519621411e-07	0.448476280125
Skeletal_Muscle_Female__H3K36me3	6.42260943457e-09	5.00266647776e-08	0.448922656168
Lung__H3K36me3	8.82419971594e-09	7.0880754042e-08	0.450462236645
Rectal_Smooth_Muscle__H3K36me3	1.40424139867e-08	1.18143245967e-07	0.452693445453
Primary_T_helper_memory_cells_from_peripheral_blood_2__H3K4me3	1.62530655747e-08	1.40954780052e-07	0.454100915468
NHDF-Ad_Adult_Dermal_Fibroblast_Primary_Cells__H3K9ac	1.39821483854e-08	1.29542344222e-07	0.457023640548
Lung_ENTEX__H3K27ac	3.80775018021e-09	3.58570950357e-08	0.457714859222
Ovary__H3K4me3	1.8213809928e-08	1.74169387913e-07	0.458356421295
Duodenum_Mucosa__H3K4me3	8.71154064787e-09	9.62914985164e-08	0.463956665089
Mammary_ENTEX__H3K27ac	3.2134941632e-09	3.60092897966e-08	0.46444531095
Placenta_Amnion__H3K4me3	1.63229822797e-08	2.34740122329e-07	0.472281331169
Primary_T_helper_cells_PMA-I_stimulated__H3K27ac	2.44214987749e-09	4.15995601777e-08	0.47659308176
Primary_T_killer_naive_cells_from_peripheral_blood__H3K9ac	9.10837327673e-09	1.63872630665e-07	0.477837390656
Primary_T_killer_memory_cells_from_peripheral_blood__H3K27ac	5.1861969375e-09	9.61268031284e-08	0.478486854095
Primary_B_cells_from_cord_blood__H3K4me3	9.63032664012e-09	2.03270565948e-07	0.481106424903
Primary_T_helper_cells_from_peripheral_blood__H3K4me1	1.79493146389e-09	3.84966004579e-08	0.48140576895
Heart-Atrial_ENTEX__H3K4me3	7.60874197787e-09	1.92185997316e-07	0.484209796033
Primary_hematopoietic_stem_cells_short_term_culture__H3K36me3	1.70270903855e-09	4.31611146565e-08	0.484265780026
NHDF-Ad_Adult_Dermal_Fibroblast_Primary_Cells__H3K4me1	2.23286496482e-09	5.71088043389e-08	0.484405953722
Primary_B_cells_from_peripheral_blood__H3K27ac	2.54040302397e-09	6.73951447185e-08	0.484965768204
Primary_hematopoietic_stem_cells__H3K4me1	2.7208146799e-09	8.24315930717e-08	0.486834526508
Adipose_Nuclei__H3K27ac	-7.0969870285e-11	3.45113731366e-08	0.500820392217
Fetal_Adrenal_Gland__H3K27ac	-2.9295460873e-10	4.28852853133e-08	0.502725202126
Breast_variant_Human_Mammary_Epithelial_Cells_(vHMEC)__H3K4me3	-1.83105618796e-09	1.79031140577e-07	0.504080144905
Foreskin_Keratinocyte_Primary_Cells_skin03__H3K36me3	-3.08068972851e-10	2.81466682697e-08	0.504366388361
Primary_T_cells_from_peripheral_blood__H3K27ac	-6.778148626e-10	5.96886997504e-08	0.504530224254
Rectal_Mucosa_Donor_29__H3K36me3	-1.10947639985e-09	5.73007820581e-08	0.50772396771
Primary_T_helper_naive_cells_from_peripheral_blood_2__H3K27ac	-1.14919110929e-09	5.58248729953e-08	0.508211904819
NHDF-Ad_Adult_Dermal_Fibroblast_Primary_Cells__H3K36me3	-2.49780550859e-09	1.18540164812e-07	0.508405644551
Uterus_ENTEX__H3K27ac	-6.75533201708e-10	3.17767638863e-08	0.508480361911
Brain_Inferior_Temporal_Lobe__H3K4me1	-1.42021330481e-09	6.39291792877e-08	0.508861939735
Fetal_Intestine_Large__H3K4me3	-7.21353639944e-09	1.90321019291e-07	0.51511706801
Breast_Myoepithelial_Primary_Cells__H3K4me3	-4.79122661455e-09	1.22806259602e-07	0.515560591797
Pancreas__H3K27ac	-4.22729729698e-09	1.01886050844e-07	0.516547543817
Colonic_Mucosa__H3K36me3	-4.30667101106e-09	8.10972318094e-08	0.521175888532
Gastric__H3K4me1	-4.3553832669e-09	8.07634081437e-08	0.521503608533
Brain_Angular_Gyrus__H3K4me1	-3.19297184447e-09	5.74653573985e-08	0.52215519735
Esoph-GJ_ENTEX__H3K4me1	-2.36810923084e-09	4.17255710901e-08	0.522629575587
Primary_T_helper_naive_cells_from_peripheral_blood__H3K9ac	-8.1370477671e-09	1.18387715675e-07	0.527398605254
Primary_T_cells_from_peripheral_blood__H3K4me1	-2.90972239517e-09	4.15519054537e-08	0.527913600267
Primary_T_killer_naive_cells_from_peripheral_blood__H3K4me1	-2.89529320498e-09	4.1127614903e-08	0.52806147497
Primary_T_cells_from_peripheral_blood__H3K4me3	-1.15918367534e-08	1.48511972035e-07	0.531107138342
Placenta__H3K4me3	-1.52954156695e-08	1.8499291768e-07	0.532947438439
Primary_hematopoietic_stem_cells_G-CSF-mobilized_Male__H3K4me3	-9.39043420528e-09	1.12227526196e-07	0.533341859922
skeletal_muscle_ENTEX__H3K27ac	-1.71598104473e-09	2.04336541412e-08	0.53346310905
skeletal_muscle_ENTEX__H3K4me3	-5.74542659116e-09	6.41977929069e-08	0.535656015705
HMEC_Mammary_Epithelial_Primary_Cells__H3K36me3	-6.18292815029e-09	6.90544673037e-08	0.53567241533
Ovary_ENTEX__H3K4me3	-1.84341204667e-08	2.05557101565e-07	0.535728780515
Brain_Dorsolateral_Prefrontal_Cortex__H3K4me1	-6.52735175276e-09	7.17096922982e-08	0.536263509443
Duodenum_Smooth_Muscle__H3K36me3	-5.97389440585e-09	6.39078610157e-08	0.537237560721
NHEK-Epidermal_Keratinocyte_Primary_Cells__H3K4me3	-1.23216420995e-08	1.29208553603e-07	0.537986523109
Artery-Tibial_ENTEX__H3K4me1	-1.18523964377e-08	1.19913369067e-07	0.53936787225
Primary_T_helper_naive_cells_from_peripheral_blood_1__H3K4me3	-1.79157499681e-08	1.60766860221e-07	0.544366010266
NHDF-Ad_Adult_Dermal_Fibroblast_Primary_Cells__H3K4me3	-2.75660864931e-08	2.05872961898e-07	0.553258592739
Pancreas_ENTEX__H3K36me3	-6.13289597924e-09	4.56402584411e-08	0.553446856183
Breast_variant_Human_Mammary_Epithelial_Cells_(vHMEC)__H3K4me1	-7.21376401115e-09	4.9383577437e-08	0.558069372168
Small_Intestine__DNase	-1.40290861654e-08	9.25337134101e-08	0.560252939706
Primary_T_helper_memory_cells_from_peripheral_blood_1__H3K4me3	-2.15220879332e-08	1.27737346894e-07	0.566899932156
Fetal_Intestine_Small__H3K4me3	-3.02373218217e-08	1.79023890336e-07	0.567062760653
Fetal_Kidney__DNase	-1.80255046695e-08	9.95808558e-08	0.57182161042
Fetal_Lung__H3K4me1	-8.34778803292e-09	4.48693042156e-08	0.573795948294
Artery-Tibial_ENTEX__H3K36me3	-9.2348886671e-09	4.89216747973e-08	0.574863009521
Fetal_Heart__H3K36me3	-2.18736141066e-08	1.10781879065e-07	0.578261351155
Aorta__H3K27ac	-1.00750436481e-08	5.03177105177e-08	0.57934909133
NHLF_Lung_Fibroblast_Primary_Cells__H3K4me3	-4.92797922021e-08	2.37680767165e-07	0.582126290298
HMEC_Mammary_Epithelial_Primary_Cells__H3K4me3	-3.90833669519e-08	1.8617451884e-07	0.58313832276
skeletal_muscle_ENTEX__H3K4me1	-4.81146451265e-09	2.27895396632e-08	0.583605526565
Primary_B_cells_from_peripheral_blood__H3K4me1	-7.98869474842e-09	3.76909862929e-08	0.583927912433
NHLF_Lung_Fibroblast_Primary_Cells__H3K4me1	-1.54422167004e-08	7.01733368073e-08	0.587087077559
Duodenum_Mucosa__H3K9ac	-3.05188611138e-08	1.34018952238e-07	0.590068227862
Primary_Natural_Killer_cells_from_peripheral_blood__H3K27ac	-1.37185636063e-08	5.67259162359e-08	0.595547710012
SI-Term-Ileum_ENTEX__H3K27ac	-1.02442340571e-08	4.00186371349e-08	0.601019400125
Thymus__H3K27ac	-2.44797760855e-08	8.89741132325e-08	0.608393235422
Small_Intestine__H3K4me1	-2.52041604143e-08	8.95449552287e-08	0.610824783627
Fetal_Adrenal_Gland__H3K4me1	-1.38495151068e-08	4.78459674573e-08	0.613885478013
Breast_variant_Human_Mammary_Epithelial_Cells_(vHMEC)__DNase	-2.78458907452e-08	9.56947984501e-08	0.614469162908
Cortex_derived_primary_cultured_neurospheres__H3K4me1	-1.32974650542e-08	4.5504338575e-08	0.614942362463
Primary_hematopoietic_stem_cells_G-CSF-mobilized_Male__H3K4me1	-1.29066669577e-08	4.21661695003e-08	0.620232157096
Stomach_ENTEX__H3K4me1	-1.46400184313e-08	4.68663018133e-08	0.622623502279
Spleen_ENTEX__H3K27ac	-8.73684462182e-09	2.79071011444e-08	0.622885830394
Esoph-Mucosa_ENTEX__H3K27ac	-1.77275027757e-08	5.65305029853e-08	0.62308445983
liver_ENTEX__H3K4me3	-2.37984769152e-08	7.52397000219e-08	0.624113400377
Fetal_Muscle_Leg__H3K4me1	-1.3898560364e-08	4.3444347962e-08	0.625484155755
Fetal_Stomach__DNase	-3.91222205508e-08	1.19482334555e-07	0.628329039384
Primary_T_regulatory_cells_from_peripheral_blood__H3K4me3	-3.70511734663e-08	1.10776574264e-07	0.630986627046
Primary_T_cells_effector_memory_enriched_from_peripheral_blood__H3K4me1	-2.21118136285e-08	6.57337933476e-08	0.631709442454
Duodenum_Smooth_Muscle__H3K27ac	-2.42129797437e-08	7.04009102771e-08	0.634550506611
liver_ENTEX__H3K27ac	-1.06872428198e-08	3.0425626497e-08	0.637302576173
Fetal_Adrenal_Gland__H3K4me3	-8.84485383861e-08	2.40007326786e-07	0.643758845094
Fetal_Kidney__H3K4me3	-7.85679009501e-08	2.10989060308e-07	0.645194666449
Breast_Myoepithelial_Primary_Cells__H3K9ac	-4.54385257301e-08	1.21802252681e-07	0.645444981395
Primary_mononuclear_cells_from_peripheral_blood__H3K4me1	-5.38387923713e-08	1.38759990685e-07	0.650991759166
Primary_hematopoietic_stem_cells_G-CSF-mobilized_Male__DNase	-5.4961435398e-08	1.41594642512e-07	0.651051337898
Primary_hematopoietic_stem_cells_short_term_culture__H3K4me1	-1.81280648114e-08	4.66992555861e-08	0.651061339029
Aorta__H3K36me3	-6.32335925703e-08	1.57868301148e-07	0.655622972437
Primary_T_helper_memory_cells_from_peripheral_blood_1__H3K4me1	-1.60193864324e-08	3.98824634683e-08	0.656034676919
Primary_hematopoietic_stem_cells_G-CSF-mobilized_Female__H3K27ac	-2.44543303389e-08	5.89478736692e-08	0.660872931616
Esophagus__H3K36me3	-2.66252385333e-08	6.36984059619e-08	0.662022451821
Primary_hematopoietic_stem_cells_G-CSF-mobilized_Male__H3K36me3	-1.4235943e-08	3.40357008766e-08	0.66212331793
Primary_neutrophils_from_peripheral_blood__H3K36me3	-1.09172205622e-08	2.57581992197e-08	0.664156842386
Primary_T_helper_naive_cells_from_peripheral_blood_1__H3K27ac	-4.50518455364e-08	1.04782032545e-07	0.666386807447
Colonic_Mucosa__H3K4me3	-7.72153829137e-08	1.75576227391e-07	0.669952741542
Skeletal_Muscle_Female__H3K27ac	-1.88849280443e-08	4.26758028076e-08	0.670943788957
Heart-Atrial_ENTEX__H3K4me1	-8.77843043667e-08	1.97107783403e-07	0.671970893024
NHDF-Ad_Adult_Dermal_Fibroblast_Primary_Cells__DNase	-3.65432269663e-08	8.19949312894e-08	0.672084586094
Adipose_Nuclei__H3K9ac	-5.06549110575e-08	1.12790756045e-07	0.673322102499
Fetal_Thymus__DNase	-3.63875519877e-08	8.10028240252e-08	0.673361130121
Primary_mononuclear_cells_from_peripheral_blood__H3K36me3	-1.95286238723e-08	4.33586868014e-08	0.673787907876
Ovary__H3K36me3	-3.34326171376e-08	7.34683292223e-08	0.675467546828
Esoph-Mucosa_ENTEX__H3K36me3	-2.7782644332e-08	5.95300630551e-08	0.679642518183
Stomach_Mucosa__H3K36me3	-5.56077171248e-08	1.16117884555e-07	0.683991628962
Fetal_Muscle_Trunk__H3K27ac	-2.75928551744e-08	5.69380619137e-08	0.686024119789
Primary_T_cells_from_peripheral_blood__DNase	-4.32063887927e-08	8.78814078961e-08	0.688514571691
Primary_T_killer_memory_cells_from_peripheral_blood__H3K4me3	-7.70575820939e-08	1.55500529769e-07	0.689892430814
Psoas_Muscle__H3K36me3	-5.72400276554e-08	1.14578546526e-07	0.691311128114
Esoph-GJ_ENTEX__H3K4me3	-7.56548119012e-08	1.47896517762e-07	0.695513097655
Primary_T_helper_memory_cells_from_peripheral_blood_2__H3K4me1	-1.99704539316e-08	3.86213797802e-08	0.697450844785
Gastric__H3K27ac	-4.53931179436e-08	8.73155364861e-08	0.698424463523
Skeletal_Muscle_Female__H3K4me3	-5.29118514034e-08	1.00186282319e-07	0.701297073329
Fetal_Heart__H3K9ac	-2.8286263956e-08	5.2240059978e-08	0.705907100963
Stomach_Smooth_Muscle__H3K4me1	-2.77036225495e-08	5.10629856962e-08	0.70627611523
Foreskin_Fibroblast_Primary_Cells_skin02__H3K27ac	-3.05288061611e-08	5.50392210219e-08	0.710441052075
Stomach_Smooth_Muscle__H3K4me3	-5.39964645083e-08	9.65408508509e-08	0.712025625217
Primary_Natural_Killer_cells_from_peripheral_blood__H3K4me1	-2.20388319851e-08	3.91679476259e-08	0.713171955914
Brain_Dorsolateral_Prefrontal_Cortex__H3K4me3	-8.99945505456e-08	1.58735615752e-07	0.714624625157
Esoph-Muscularis_ENTEX__H3K4me1	-1.98444880439e-08	3.47692961753e-08	0.715914584316
Fetal_Brain_Male__H3K36me3	-9.78546783052e-08	1.66977811014e-07	0.721073674209
SI-Term-Ileum_ENTEX__H3K4me3	-7.26922344681e-08	1.23200203881e-07	0.722415869329
Adrenal_gland_ENTEX__H3K36me3	-2.76626271693e-08	4.68454711007e-08	0.722574950336
Fetal_Muscle_Leg__H3K27ac	-3.03958514232e-08	5.12049907364e-08	0.723613875989
Osteoblast_Primary_Cells__H3K4me3	-7.42901268571e-08	1.24668446003e-07	0.724379518961
Psoas_Muscle__H3K4me3	-1.26577304107e-07	2.12373553728e-07	0.724416579861
Adipose_Nuclei__H3K4me1	-2.70501806051e-08	4.51359128767e-08	0.725515260148
Right_Atrium__H3K27ac	-3.79554077238e-08	6.28462388143e-08	0.727058498991
Colon-TV_ENTEX__H3K27ac	-2.16493472734e-08	3.56555493571e-08	0.728134368876
Primary_B_cells_from_peripheral_blood__H3K36me3	-1.83795414671e-08	3.00505296025e-08	0.729605801204
Duodenum_Mucosa__H3K36me3	-3.15451978713e-08	5.04102419043e-08	0.734266969118
Primary_T_helper_17_cells_PMA-I_stimulated__H3K4me1	-2.77274891243e-08	4.4255744594e-08	0.734515853785
Rectal_Mucosa_Donor_31__H3K4me3	-9.35001886286e-08	1.48866580516e-07	0.735024379764
Rectal_Smooth_Muscle__H3K9ac	-1.20791118873e-07	1.91881165238e-07	0.735492399149
Uterus_ENTEX__H3K4me3	-1.28237069211e-07	1.96785151894e-07	0.742689827584
Primary_T_helper_17_cells_PMA-I_stimulated__H3K27ac	-4.53028355056e-08	6.77215582849e-08	0.748238663881
Pancreas_ENTEX__H3K4me1	-1.58897136861e-08	2.35129218827e-08	0.75041187621
Prostate_ENTEX__H3K36me3	-2.31793894537e-07	3.3937434995e-07	0.752697708478
Right_Atrium__H3K4me1	-5.06663866982e-08	7.31660471942e-08	0.755683583706
Liver__H3K27ac	-2.63088434225e-08	3.79636873088e-08	0.755845291341
Sigmoid_Colon__H3K4me3	-1.82837315435e-07	2.61168553269e-07	0.758059455971
Lung__H3K27ac	-3.91082894296e-08	5.58533579472e-08	0.758097498441
Liver__H3K36me3	-2.64456711361e-08	3.70652302725e-08	0.762228700446
Spleen__H3K27ac	-4.62854144348e-08	6.31740740408e-08	0.768118522582
Thymus__H3K4me3	-1.24935994048e-07	1.69435877968e-07	0.769549627836
Liver__H3K9ac	-5.72087023197e-08	7.755461552e-08	0.769638535219
Nerve-Tibial_ENTEX__H3K4me3	-1.35474153963e-07	1.80738334772e-07	0.773240004875
Small_Intestine__H3K27ac	-5.52633968896e-08	7.31416279246e-08	0.775045561845
Primary_B_cells_from_peripheral_blood__H3K4me3	-1.68325249619e-07	2.22685606605e-07	0.775141652792
Pancreas__H3K4me3	-1.38513093396e-07	1.77772831387e-07	0.782056625919
Fetal_Heart__H3K4me3	-6.59994178924e-08	8.40604048156e-08	0.783815063056
Breast_Myoepithelial_Primary_Cells__H3K4me1	-2.51841552433e-08	3.20538703725e-08	0.783973151674
Fetal_Muscle_Leg__DNase	-5.77852555892e-08	7.35292406455e-08	0.784031485982
Pancreatic_Islets__H3K9ac	-1.71239769549e-07	2.17187313174e-07	0.784781122852
Psoas_Muscle__H3K4me1	-5.93475005194e-08	7.42641940126e-08	0.787895429847
Colon-TV_ENTEX__H3K4me1	-7.56106615356e-08	9.28543413351e-08	0.792261506457
Heart-LV_ENTEX__H3K4me3	-1.23225984223e-07	1.51315985594e-07	0.792281191049
Esoph-Mucosa_ENTEX__H3K4me1	-3.6867927208e-08	4.4926055272e-08	0.794073111963
NHLF_Lung_Fibroblast_Primary_Cells__DNase	-8.52245583192e-08	1.03792834397e-07	0.794206063826
Colon-Sigm_ENTEX__H3K27ac	-3.97581168864e-08	4.82742784683e-08	0.794913154203
Pancreatic_Islets__H3K27ac	-1.05006985176e-07	1.27035679474e-07	0.79576651251
Fetal_Muscle_Trunk__H3K4me1	-3.3282751175e-08	4.023331009e-08	0.795950518453
Primary_T_helper_17_cells_PMA-I_stimulated__H3K36me3	-3.98433342899e-08	4.79017986765e-08	0.797230935092
Pancreatic_Islets__H3K36me3	-9.0776561377e-08	1.07974398738e-07	0.799748436218
Lung_ENTEX__H3K36me3	-3.72816796986e-08	4.42530660196e-08	0.80023626777
Esoph-GJ_ENTEX__H3K27ac	-3.6992945762e-08	4.38441610633e-08	0.80059183737
Skeletal_Muscle_Female__H3K9ac	-7.91357241506e-08	9.3189277302e-08	0.802113172082
Rectal_Mucosa_Donor_29__H3K4me3	-1.11481786394e-07	1.30809540619e-07	0.802960957397
Primary_T_helper_memory_cells_from_peripheral_blood_1__H3K27ac	-5.94949420661e-08	6.90117531844e-08	0.805683394098
Liver__H3K4me1	-3.08653951084e-08	3.57049700048e-08	0.806331429761
Vagina_ENTEX__H3K27ac	-3.8452966734e-08	4.40309397125e-08	0.808754832573
Primary_B_cells_from_cord_blood__H3K36me3	-1.21933030475e-07	1.39182158707e-07	0.809503456466
Small_Intestine__H3K4me3	-2.26560609575e-07	2.57468036893e-07	0.810558496102
Liver__H3K4me3	-7.06394819002e-08	7.98290524453e-08	0.8118905044
liver_ENTEX__H3K4me1	-1.41360240691e-07	1.59413067904e-07	0.812394430727
Stomach_Smooth_Muscle__H3K9ac	-1.25140418702e-07	1.40635367557e-07	0.81321921584
Foreskin_Fibroblast_Primary_Cells_skin02__DNase	-7.55945339522e-08	8.46718466914e-08	0.814016304551
Primary_T_helper_cells_PMA-I_stimulated__H3K36me3	-3.45418385126e-08	3.84113110653e-08	0.815743480822
Primary_T_cells_effector_memory_enriched_from_peripheral_blood__H3K4me3	-1.3547998211e-07	1.45141619775e-07	0.824701783777
Adipose_Nuclei__H3K36me3	-4.77839288877e-08	5.11467639266e-08	0.824912851416
Spleen__H3K36me3	-4.87648185409e-08	5.17451836361e-08	0.827006835168
Ganglion_Eminence_derived_primary_cultured_neurospheres__H3K4me1	-6.82412111351e-08	7.17710224739e-08	0.829151723212
Colonic_Mucosa__H3K9ac	-1.34828632712e-07	1.4035501462e-07	0.831629796498
Pancreas__H3K4me1	-5.33618148305e-08	5.54672159706e-08	0.831985852738
Pancreas_ENTEX__H3K27ac	-3.05319784333e-08	3.0940434901e-08	0.83812931407
Colon_Smooth_Muscle__H3K4me3	-1.30229873856e-07	1.28077134979e-07	0.845377646337
Aorta__H3K4me1	-1.05672843183e-07	1.03827107097e-07	0.84560803131
Esoph-Muscularis_ENTEX__H3K27ac	-4.64781623613e-08	4.53232026233e-08	0.847432269137
Psoas_Muscle__H3K27ac	-8.02728288259e-08	7.82271106062e-08	0.847589796189
Primary_T_helper_cells_from_peripheral_blood__H3K27ac	-7.16619145627e-08	6.94037923724e-08	0.849089455312
Ovary__DNase	-9.64540832194e-08	9.29668513356e-08	0.850250994602
Primary_T_regulatory_cells_from_peripheral_blood__H3K4me1	-4.80545322354e-08	4.60905010338e-08	0.851436099834
Fetal_Lung__H3K9ac	-1.34697440447e-07	1.28555469204e-07	0.852629277218
Primary_T_regulatory_cells_from_peripheral_blood__H3K36me3	-3.8603322156e-08	3.59773191999e-08	0.858362313454
Skeletal_Muscle_Male__H3K9ac	-7.40919353885e-08	6.88866802517e-08	0.858938534332
Spleen_ENTEX__H3K36me3	-3.19660586162e-08	2.96467816184e-08	0.859534506273
Primary_T_cells_effector_memory_enriched_from_peripheral_blood__H3K27ac	-7.01355142022e-08	6.46798765747e-08	0.860894801286
Psoas_Muscle__DNase	-1.02086737198e-07	9.27382632397e-08	0.864509216767
Primary_mononuclear_cells_from_peripheral_blood__H3K4me3	-2.75796384948e-07	2.48295076487e-07	0.866664292297
Ovary__H3K4me1	-6.12099966844e-08	5.4836074958e-08	0.867839419029
Right_Ventricle__H3K27ac	-6.19748115826e-08	5.52802250912e-08	0.86887793284
Primary_T_killer_naive_cells_from_peripheral_blood__H3K27ac	-1.14463322799e-07	1.02031652133e-07	0.869035041883
Esophagus__H3K27ac	-6.90641623593e-08	6.03504619556e-08	0.873767993317
Ovary_ENTEX__H3K36me3	-2.08135257632e-07	1.81043801281e-07	0.874853982431
liver_ENTEX__H3K36me3	-6.80037095471e-08	5.85457938964e-08	0.877290302822
Ovary__H3K27ac	-8.3523832421e-08	7.0963131913e-08	0.880402882894
Stomach_Smooth_Muscle__H3K27ac	-4.48016396222e-08	3.79545068037e-08	0.881080151111
Colon_Smooth_Muscle__H3K4me1	-5.02157077202e-08	4.2260034249e-08	0.882633569552
Stomach_ENTEX__H3K36me3	-4.83362814934e-08	4.02581167458e-08	0.885058302254
Primary_mononuclear_cells_from_peripheral_blood__H3K9ac	-1.38462729993e-07	1.1449333927e-07	0.886736147836
Testis_ENTEX__H3K36me3	-2.64559048415e-07	2.18296549405e-07	0.887229456763
Primary_hematopoietic_stem_cells__H3K36me3	-1.02899966938e-07	8.4884253214e-08	0.887289467153
Primary_T_regulatory_cells_from_peripheral_blood__H3K27ac	-5.6731587647e-08	4.65681247189e-08	0.888435384295
Primary_T_helper_naive_cells_from_peripheral_blood_1__H3K36me3	-7.183856159e-08	5.78478825441e-08	0.892854582511
Fetal_Heart__H3K4me1	-3.38529767885e-08	2.71267816075e-08	0.893976056216
Rectal_Mucosa_Donor_31__H3K36me3	-6.66488641617e-08	5.29930897442e-08	0.895748004123
Primary_mononuclear_cells_from_peripheral_blood__H3K27ac	-1.82643178735e-07	1.44505755858e-07	0.896869962772
Gastric__DNase	-1.98496759631e-07	1.55964248987e-07	0.898438947435
Skeletal_Muscle_Male__H3K4me3	-1.59725570944e-07	1.24864593375e-07	0.89958496653
Primary_T_helper_cells_from_peripheral_blood__H3K36me3	-4.4752324487e-08	3.4891348668e-08	0.900187294013
Fetal_Thymus__H3K4me3	-2.21315946555e-07	1.70623721197e-07	0.902701526351
Primary_Natural_Killer_cells_from_peripheral_blood__H3K4me3	-2.38213250801e-07	1.76281548955e-07	0.91170395107
Spleen_ENTEX__H3K4me1	-1.54165118917e-07	1.12915579893e-07	0.91392266622
Vagina_ENTEX__H3K4me3	-2.51080271026e-07	1.78561396078e-07	0.920157017083
Rectal_Smooth_Muscle__H3K4me1	-7.84078792145e-08	5.55427924557e-08	0.92097585556
Left_Ventricle__H3K4me1	-7.76890888256e-08	5.39900502655e-08	0.924917933323
Primary_hematopoietic_stem_cells__H3K4me3	-2.73082438603e-07	1.88332921199e-07	0.926470520409
Primary_T_killer_naive_cells_from_peripheral_blood__H3K4me3	-2.36231122132e-07	1.61817216759e-07	0.927836266418
Skeletal_Muscle_Male__H3K4me1	-7.3715216075e-08	5.02544432729e-08	0.928790176098
Left_Ventricle__H3K27ac	-6.4977117127e-08	4.3527641205e-08	0.93225238197
Primary_monocytes_from_peripheral_blood__H3K36me3	-4.49298763797e-08	2.99016753702e-08	0.933527244295
Colon-Sigm_ENTEX__H3K4me1	-3.96838761699e-07	2.56832923468e-07	0.938841886023
Heart-LV_ENTEX__H3K4me1	-8.69122088929e-08	5.55062863683e-08	0.941303259264
Primary_T_cells_from_cord_blood__H3K4me3	-2.79766054372e-07	1.77543815413e-07	0.942459185953
Primary_T_helper_naive_cells_from_peripheral_blood_2__H3K36me3	-7.12622502646e-08	4.49078666905e-08	0.943727198791
Skeletal_Muscle_Female__H3K4me1	-6.06762851926e-08	3.76042147933e-08	0.946687477927
Fetal_Heart__DNase	-9.38437721987e-08	5.79414377334e-08	0.947344260373
Heart-LV_ENTEX__H3K27ac	-6.52960812257e-08	3.99621035979e-08	0.948865330517
Nerve-Tibial_ENTEX__H3K36me3	-7.68123740537e-08	4.69817200581e-08	0.948969366907
Fetal_Kidney__H3K36me3	-2.17315714427e-07	1.32395286081e-07	0.949644433855
Fetal_Muscle_Trunk__DNase	-1.39950362576e-07	8.42249689882e-08	0.951706063994
Spleen__H3K4me3	-1.93302723859e-07	1.15787573696e-07	0.952486875272
Duodenum_Smooth_Muscle__H3K4me1	-1.11860342169e-07	6.69470259178e-08	0.952627154479
Primary_T_cells_effector_memory_enriched_from_peripheral_blood__H3K36me3	-8.49305409173e-08	4.72476636967e-08	0.963876670333
Skin_tissue_ENTEX__H3K4me3	-3.23245518974e-07	1.79215558431e-07	0.964358381669
Prostate_ENTEX__H3K4me3	-4.28768881958e-07	2.29024647297e-07	0.969407190199
Pancreas_ENTEX__H3K4me3	-2.60506604466e-07	1.36206684292e-07	0.972099278483
Breast_variant_Human_Mammary_Epithelial_Cells_(vHMEC)__H3K36me3	-5.8647671204e-08	3.05737957505e-08	0.972459278239
Primary_T_helper_memory_cells_from_peripheral_blood_2__H3K36me3	-1.48462792873e-07	7.59996132032e-08	0.974617902039
Vagina_ENTEX__H3K36me3	-3.01610888427e-07	1.5356104206e-07	0.975241373174
Rectal_Smooth_Muscle__H3K27ac	-8.07299156689e-08	4.06109907043e-08	0.976587708361
Primary_Natural_Killer_cells_from_peripheral_blood__H3K36me3	-7.54991919192e-08	3.68365101765e-08	0.979797041038
Pancreatic_Islets__H3K4me3	-3.90239177011e-07	1.84324336986e-07	0.982875728472
Pancreas__DNase	-2.13305483418e-07	9.9976338596e-08	0.983560578625
Primary_T_cells_from_cord_blood__H3K36me3	-1.60752648112e-07	7.49510793511e-08	0.984014284354
Fetal_Brain_Male__H3K4me3	-5.39264008334e-07	2.51202239478e-07	0.984092707575
Primary_T_cells_from_peripheral_blood__H3K36me3	-7.8821641334e-08	3.58693186153e-08	0.986006441983
Colon-TV_ENTEX__H3K4me3	-3.27127541127e-07	1.48265350409e-07	0.986320787661
Lung_ENTEX__H3K4me3	-4.55315171298e-07	2.03364187717e-07	0.987419282903
Spleen__H3K4me1	-1.19989872683e-07	5.31661079427e-08	0.987992416921
Primary_T_killer_memory_cells_from_peripheral_blood__H3K36me3	-1.54618704479e-07	6.80451345918e-08	0.988465688561
Primary_T_helper_memory_cells_from_peripheral_blood_1__H3K36me3	-1.29320632753e-07	5.67624878182e-08	0.988644940667
Pancreatic_Islets__H3K4me1	-9.40809431139e-08	4.11473161265e-08	0.988885787043
Right_Ventricle__H3K4me1	-1.31771210827e-07	5.73747256212e-08	0.989181397833
SI-Term-Ileum_ENTEX__H3K36me3	-2.47135536315e-07	1.04056454664e-07	0.991225857636
Colon-Sigm_ENTEX__H3K4me3	-5.15283406448e-07	2.14396240328e-07	0.991878656309
Colon_Smooth_Muscle__H3K9ac	-2.60158082254e-07	1.07312392967e-07	0.992331162967
Colon_Smooth_Muscle__H3K27ac	-1.08982211676e-07	4.48783150702e-08	0.992417062153
Primary_T_killer_naive_cells_from_peripheral_blood__H3K36me3	-1.82631737764e-07	6.75318196575e-08	0.996578406302
