Name	Coefficient	Coefficient_std_error	Coefficient_P_value
Cortex_derived_primary_cultured_neurospheres__H3K4me1	1.28559641806e-07	4.63001934643e-08	0.00274607604823
Esoph-Mucosa_ENTEX__H3K27ac	1.35781253851e-07	5.72944467025e-08	0.00889680770686
Fetal_Intestine_Large__H3K4me1	8.56829785094e-08	3.97116054153e-08	0.0154782783909
NHDF-Ad_Adult_Dermal_Fibroblast_Primary_Cells__DNase	2.20397091535e-07	1.04096788875e-07	0.0171200655031
Fetal_Intestine_Small__DNase	2.8374231565e-07	1.34842602724e-07	0.0176783972609
Pancreatic_Islets__H3K4me1	8.64188814734e-08	4.23622953068e-08	0.0206753991021
Small_Intestine__H3K4me1	1.83150562975e-07	9.40553624109e-08	0.0257515832712
liver_ENTEX__H3K4me3	2.21956969932e-07	1.16019316035e-07	0.0278673961801
Pancreatic_Islets__H3K27ac	2.38142015597e-07	1.25483569442e-07	0.0288615854885
Fetal_Muscle_Leg__DNase	1.42989471554e-07	7.58001624601e-08	0.0296204962389
Uterus_ENTEX__H3K4me3	3.9741797469e-07	2.15633632675e-07	0.0326627483273
Liver__H3K9ac	1.67308236186e-07	9.63696169999e-08	0.0412722112312
NHEK-Epidermal_Keratinocyte_Primary_Cells__H3K36me3	7.90279457223e-08	4.5524436788e-08	0.041286726958
Small_Intestine__H3K4me3	3.98674824436e-07	2.34137499625e-07	0.0443085524321
Ganglion_Eminence_derived_primary_cultured_neurospheres__H3K4me1	1.165122825e-07	6.9744789164e-08	0.0474051206947
Fetal_Intestine_Small__H3K4me1	6.55966191283e-08	4.02100872336e-08	0.0514085241062
Fetal_Intestine_Large__H3K27ac	6.71377207383e-08	4.12130056984e-08	0.0516520550335
Fetal_Lung__DNase	1.41058212117e-07	8.67391743762e-08	0.0519499213593
Fetal_Lung__H3K4me1	6.53217119527e-08	4.07007445886e-08	0.0542549677392
Liver__H3K4me3	1.4194521971e-07	8.8930750087e-08	0.0552296581241
Fetal_Muscle_Trunk__DNase	1.28420926292e-07	8.08662837226e-08	0.0561358048669
Brain_Germinal_Matrix__H3K4me1	1.4355928188e-07	9.09154636516e-08	0.0571632795863
Stomach_Smooth_Muscle__H3K9ac	2.29008413354e-07	1.46285190751e-07	0.0587337017593
Cortex_derived_primary_cultured_neurospheres__H3K36me3	8.87067752356e-08	5.69551192972e-08	0.0596776244911
Liver__H3K27ac	6.53717633142e-08	4.29771025218e-08	0.0641194370435
Stomach_Mucosa__H3K4me3	2.80265227701e-07	1.87518780767e-07	0.0675096712367
Fetal_Stomach__H3K27ac	9.84530597917e-08	6.59271933662e-08	0.0676714365794
Esoph-GJ_ENTEX__H3K4me1	7.51327126424e-08	5.07483001578e-08	0.0693703132863
Duodenum_Smooth_Muscle__H3K27ac	1.21261899906e-07	8.26557019721e-08	0.0711781792594
Fetal_Intestine_Large__DNase	1.48649506213e-07	1.02284103169e-07	0.0730702127763
Colonic_Mucosa__H3K4me3	2.58189803064e-07	1.78467771266e-07	0.0739901067121
Foreskin_Keratinocyte_Primary_Cells_skin03__H3K4me1	5.1719523657e-08	3.6219209706e-08	0.0766519206213
Brain_Substantia_Nigra__H3K4me1	6.17248648845e-08	4.32558315916e-08	0.0767939682298
Brain_Anterior_Caudate__H3K4me1	6.84992926986e-08	4.86677691627e-08	0.0796413920788
Fetal_Thymus__H3K36me3	4.95119762468e-08	3.53713214592e-08	0.0807899943538
Brain_Anterior_Caudate__H3K9ac	1.34774950687e-07	9.63858352176e-08	0.0810136208429
NHLF_Lung_Fibroblast_Primary_Cells__DNase	1.50167695926e-07	1.09482485868e-07	0.0850918371564
Rectal_Smooth_Muscle__H3K36me3	1.49981496347e-07	1.09642860972e-07	0.0856702239767
Lung__H3K27ac	1.01787671382e-07	7.48767147473e-08	0.0870093743731
Fetal_Intestine_Small__H3K27ac	6.125271638e-08	4.55527095599e-08	0.0893682027993
Fetal_Muscle_Leg__H3K4me3	2.58317488203e-07	1.95254895204e-07	0.0929217239288
Esoph-Mucosa_ENTEX__H3K4me1	6.17136632402e-08	4.67065187891e-08	0.0931994639958
liver_ENTEX__H3K27ac	4.43033748574e-08	3.36082062375e-08	0.0937131877242
NHEK-Epidermal_Keratinocyte_Primary_Cells__H3K9ac	8.91920518453e-08	6.86237113064e-08	0.09684737289
NHDF-Ad_Adult_Dermal_Fibroblast_Primary_Cells__H3K4me1	7.84299508359e-08	6.07072602865e-08	0.0981894954467
Prostate_ENTEX__H3K4me3	2.49329403749e-07	1.93054050616e-07	0.0982650901566
Fetal_Thymus__H3K4me3	2.14089885761e-07	1.66382728194e-07	0.0990939571063
liver_ENTEX__H3K36me3	9.61957532779e-08	7.55756404851e-08	0.101537282693
Colon_Smooth_Muscle__H3K4me1	5.27529809298e-08	4.27636694445e-08	0.108677224435
Duodenum_Mucosa__H3K36me3	7.08543965125e-08	5.7525823138e-08	0.109031104102
Fetal_Brain_Female__DNase	1.1727173266e-07	9.52882549287e-08	0.109216606959
Primary_hematopoietic_stem_cells_G-CSF-mobilized_Male__H3K36me3	4.27577845086e-08	3.49175738608e-08	0.110375272379
Fetal_Brain_Male__DNase	1.2690893861e-07	1.03725823032e-07	0.110569734953
Ovary_ENTEX__H3K4me3	2.66918610138e-07	2.18679848988e-07	0.111120497161
NHEK-Epidermal_Keratinocyte_Primary_Cells__H3K4me1	4.17745764744e-08	3.45692632785e-08	0.113440721456
Liver__H3K4me1	4.08964620536e-08	3.40448131247e-08	0.114826377652
Brain_Germinal_Matrix__H3K4me3	2.21500334315e-07	1.84435124353e-07	0.114882173369
Esophagus__H3K27ac	7.09095513921e-08	5.92287201945e-08	0.115611253614
Esoph-Muscularis_ENTEX__H3K27ac	5.3570111351e-08	4.55595754213e-08	0.119832303605
Foreskin_Keratinocyte_Primary_Cells_skin02__H3K4me3	1.86569601102e-07	1.59204476239e-07	0.120621282809
NHEK-Epidermal_Keratinocyte_Primary_Cells__H3K27ac	5.08350595581e-08	4.3431851301e-08	0.120908808252
Osteoblast_Primary_Cells__H3K4me1	4.83859325712e-08	4.17625532663e-08	0.123310423657
Fetal_Stomach__H3K4me1	6.0396770342e-08	5.28866772377e-08	0.126726283083
Fetal_Stomach__DNase	1.60805381823e-07	1.41259703408e-07	0.127483638242
Fetal_Heart__H3K36me3	1.69273896693e-07	1.49026774978e-07	0.128007097422
Foreskin_Fibroblast_Primary_Cells_skin01__DNase	1.13529889934e-07	1.00973811367e-07	0.130432318552
Foreskin_Keratinocyte_Primary_Cells_skin03__H3K27ac	5.14886481629e-08	4.58502625055e-08	0.13072428945
Ganglion_Eminence_derived_primary_cultured_neurospheres__H3K36me3	6.10357873537e-08	5.52296454785e-08	0.134552222786
SI-Term-Ileum_ENTEX__H3K4me3	1.25027960882e-07	1.16669607363e-07	0.14194060481
Foreskin_Fibroblast_Primary_Cells_skin02__DNase	1.13810312266e-07	1.06237649775e-07	0.142021684324
Lung_ENTEX__H3K27ac	4.41573062054e-08	4.19169339226e-08	0.146067879282
Fetal_Muscle_Leg__H3K27ac	5.21927720547e-08	4.97453008238e-08	0.14704302809
Esoph-Muscularis_ENTEX__H3K36me3	4.95694784385e-08	4.73234251784e-08	0.147443329005
Fetal_Brain_Female__H3K4me3	1.63413818525e-07	1.56583874981e-07	0.14833098018
Placenta_Amnion__H3K27ac	1.19998138498e-07	1.1578114249e-07	0.150002624891
Stomach_Mucosa__H3K9ac	1.1704969822e-07	1.1362836294e-07	0.151479216157
Heart-LV_ENTEX__H3K36me3	6.09220167323e-08	5.92312978767e-08	0.151846920182
Stomach_Mucosa__H3K4me1	4.19682695006e-08	4.08946661098e-08	0.152386197157
Brain_Anterior_Caudate__H3K27ac	4.33909123011e-08	4.2336237946e-08	0.152702389432
Prostate_ENTEX__H3K27ac	5.45536634966e-08	5.33462210243e-08	0.153240445637
Aorta__H3K36me3	1.74963694335e-07	1.71627810635e-07	0.153997837665
Testis_ENTEX__H3K4me3	1.14056813668e-07	1.12859284658e-07	0.156101368711
Brain_Dorsolateral_Prefrontal_Cortex__H3K27ac	4.59317244307e-08	4.54592915332e-08	0.156153654547
Lung__H3K4me1	6.97326450406e-08	6.9695317667e-08	0.15852569411
Foreskin_Keratinocyte_Primary_Cells_skin02__DNase	7.0292902629e-08	7.04631486077e-08	0.159240585536
Breast_Myoepithelial_Primary_Cells__H3K36me3	3.99681531048e-08	4.00998506173e-08	0.159451248711
Thyroid_gland_ENTEX__H3K36me3	6.28863422197e-08	6.33879988012e-08	0.160577802881
Primary_hematopoietic_stem_cells__H3K36me3	1.01093606694e-07	1.0211507061e-07	0.161087809112
Left_Ventricle__H3K4me1	6.21875506528e-08	6.28373044976e-08	0.161170228916
Fetal_Brain_Male__H3K4me1	4.31927511222e-08	4.3704861357e-08	0.161507148502
Colon-Sigm_ENTEX__H3K27ac	4.96362246232e-08	5.0693133259e-08	0.163752724304
Foreskin_Keratinocyte_Primary_Cells_skin03__H3K36me3	2.83123878985e-08	2.90048623394e-08	0.164501119748
Nerve-Tibial_ENTEX__H3K4me1	3.84176979393e-08	3.96853895748e-08	0.166508085326
Colon-TV_ENTEX__H3K27ac	4.10249841034e-08	4.24787612027e-08	0.167078045756
Placenta_Amnion__H3K4me1	4.47693619567e-08	4.79833629303e-08	0.175405226313
HMEC_Mammary_Epithelial_Primary_Cells__H3K36me3	7.35168262442e-08	7.91553283392e-08	0.176505025125
Right_Atrium__H3K4me1	7.54683407663e-08	8.19047549088e-08	0.178416673894
Fetal_Brain_Male__H3K4me3	2.84529929227e-07	3.09722061463e-07	0.179136161381
Thymus__H3K36me3	7.25294263456e-08	8.08966275933e-08	0.184974414164
Rectal_Smooth_Muscle__H3K4me1	5.62725344184e-08	6.42567935064e-08	0.190584470001
skeletal_muscle_ENTEX__H3K36me3	2.9828441316e-08	3.41735835028e-08	0.191372190233
Cortex_derived_primary_cultured_neurospheres__H3K4me3	1.68368791294e-07	1.96519537907e-07	0.195790579552
Adipose_Nuclei__H3K9ac	9.30461320725e-08	1.11053696508e-07	0.201058001466
Heart-LV_ENTEX__H3K4me1	4.73912311512e-08	5.69435063585e-08	0.202633933321
Lung__H3K4me3	1.6311331832e-07	1.96664980111e-07	0.203439936919
Rectal_Mucosa_Donor_31__H3K36me3	5.33356869206e-08	6.44821019869e-08	0.204079028337
Foreskin_Fibroblast_Primary_Cells_skin02__H3K4me1	3.89454470032e-08	4.7262797387e-08	0.204964357287
Rectal_Smooth_Muscle__H3K27ac	4.28125846108e-08	5.21368582838e-08	0.205778212849
Osteoblast_Primary_Cells__H3K27ac	3.35847663763e-08	4.13765849952e-08	0.208486111743
Fetal_Intestine_Large__H3K4me3	1.24254212962e-07	1.53466884975e-07	0.209071150362
Foreskin_Keratinocyte_Primary_Cells_skin02__H3K4me1	4.59439973858e-08	5.74174419474e-08	0.211804727421
Right_Ventricle__H3K36me3	5.25943466028e-08	6.60401350373e-08	0.212899863646
Foreskin_Melanocyte_Primary_Cells_skin03__H3K36me3	2.59598348613e-08	3.26381208257e-08	0.213195119822
Brain_Inferior_Temporal_Lobe__H3K27ac	2.71742617388e-08	3.4178014819e-08	0.213283435252
Placenta__H3K36me3	4.03969432713e-08	5.13601816065e-08	0.215774992829
Esoph-GJ_ENTEX__H3K27ac	3.60498192e-08	4.6038039837e-08	0.216800584001
Placenta__H3K4me3	1.83015921411e-07	2.35160604722e-07	0.218208089814
SI-Term-Ileum_ENTEX__H3K4me1	4.36878385227e-08	5.62620006702e-08	0.218724838528
Ganglion_Eminence_derived_primary_cultured_neurospheres__H3K4me3	1.15196077202e-07	1.52163260073e-07	0.224508219232
Rectal_Mucosa_Donor_31__H3K4me3	1.1475605363e-07	1.52431105816e-07	0.225773388378
Primary_hematopoietic_stem_cells_G-CSF-mobilized_Female__H3K36me3	3.03142856577e-08	4.07153893607e-08	0.228274556866
Brain_Anterior_Caudate__H3K36me3	4.70142632865e-08	6.32221986283e-08	0.228548548459
Fetal_Heart__H3K4me1	2.44495437168e-08	3.32618752798e-08	0.231150839029
Brain_Hippocampus_Middle__H3K4me3	7.17596477347e-08	9.93209447611e-08	0.234992742327
Brain_Inferior_Temporal_Lobe__H3K36me3	4.28438574678e-08	5.93721883828e-08	0.23526562918
Fetal_Intestine_Small__H3K36me3	2.20363439103e-08	3.12636012379e-08	0.240449857623
Fetal_Heart__H3K4me3	7.12980792426e-08	1.01430338806e-07	0.241050758721
Esophagus__H3K4me1	5.34243783974e-08	7.63130584025e-08	0.241942222135
Fetal_Brain_Female__H3K4me1	5.09929155064e-08	7.28950429904e-08	0.24210766724
Nerve-Tibial_ENTEX__H3K27ac	2.04177891497e-08	2.92179061745e-08	0.242335130967
Lung_ENTEX__H3K4me1	2.89931394541e-08	4.16796039152e-08	0.243333618906
Rectal_Mucosa_Donor_29__H3K36me3	4.42284612232e-08	6.45962606306e-08	0.246769548112
Primary_T_cells_effector_memory_enriched_from_peripheral_blood__H3K4me3	1.08274384104e-07	1.60213613947e-07	0.249579806807
Stomach_Smooth_Muscle__H3K4me1	3.64819105519e-08	5.40536635987e-08	0.2498632265
Duodenum_Mucosa__H3K4me1	4.03300282991e-08	6.02496158941e-08	0.251625810034
Primary_T_killer_memory_cells_from_peripheral_blood__H3K4me3	9.36203048023e-08	1.42022118006e-07	0.254885200143
Foreskin_Keratinocyte_Primary_Cells_skin02__H3K36me3	3.21686292892e-08	4.93752365973e-08	0.257357558305
Uterus_ENTEX__H3K27ac	2.45017822435e-08	3.77389288727e-08	0.258090259916
Brain_Substantia_Nigra__H3K27ac	2.31572626379e-08	3.56945694175e-08	0.258246270839
Brain_Angular_Gyrus__H3K27ac	2.74253661878e-08	4.23629158808e-08	0.258689492371
Brain_Hippocampus_Middle__H3K36me3	3.82426517663e-08	5.96546313438e-08	0.26073937952
NHDF-Ad_Adult_Dermal_Fibroblast_Primary_Cells__H3K27ac	5.32851088495e-08	8.35393156759e-08	0.261787392767
Rectal_Mucosa_Donor_29__H3K4me1	4.70601523786e-08	7.47298722252e-08	0.264433392864
Brain_Dorsolateral_Prefrontal_Cortex__H3K36me3	4.59012891696e-08	7.32336222169e-08	0.265402088237
Rectal_Mucosa_Donor_29__H3K4me3	7.36992804338e-08	1.17650276015e-07	0.265517533142
Fetal_Muscle_Trunk__H3K27ac	3.82117386079e-08	6.13428318043e-08	0.266668216092
Esoph-Mucosa_ENTEX__H3K36me3	3.91988484862e-08	6.30374548085e-08	0.267025431053
Aorta__H3K4me3	1.27485149007e-07	2.08561661937e-07	0.27051413437
Colon-Sigm_ENTEX__H3K4me3	1.32353602481e-07	2.18094707352e-07	0.27197092627
NHEK-Epidermal_Keratinocyte_Primary_Cells__H3K4me3	6.85487282443e-08	1.13548340578e-07	0.273022742851
Small_Intestine__DNase	6.11460698498e-08	1.02254429635e-07	0.274926749939
Foreskin_Fibroblast_Primary_Cells_skin01__H3K4me1	2.36921210247e-08	3.9856977319e-08	0.276112794207
Primary_T_helper_memory_cells_from_peripheral_blood_2__H3K4me3	8.92886163836e-08	1.50370135383e-07	0.276325546919
NHLF_Lung_Fibroblast_Primary_Cells__H3K4me3	1.30537233906e-07	2.20037938891e-07	0.276507343223
Colonic_Mucosa__H3K36me3	5.25129243517e-08	8.8753781937e-08	0.277035892042
Stomach_Smooth_Muscle__H3K27ac	2.74572510022e-08	4.66814705523e-08	0.278204707457
Rectal_Smooth_Muscle__H3K4me3	9.96946015996e-08	1.69959972725e-07	0.278743935156
Sigmoid_Colon__H3K4me3	1.27343167876e-07	2.18353562816e-07	0.279880306556
Sigmoid_Colon__H3K4me1	6.95769031171e-08	1.20838884671e-07	0.282381135343
Small_Intestine__H3K27ac	4.91889411735e-08	8.56469611436e-08	0.282874933974
Brain_Hippocampus_Middle__H3K4me1	2.10971352012e-08	3.68923101543e-08	0.28370934248
Fetal_Heart__DNase	3.61979222715e-08	6.33726812863e-08	0.28393499784
Liver__H3K36me3	2.44848689913e-08	4.29079223677e-08	0.284122701001
Brain_Anterior_Caudate__H3K4me3	6.71532806987e-08	1.18691184111e-07	0.285771149123
Sigmoid_Colon__H3K36me3	4.70731875857e-08	8.42328711447e-08	0.288133475685
NHDF-Ad_Adult_Dermal_Fibroblast_Primary_Cells__H3K4me3	1.154078619e-07	2.0690012709e-07	0.288492179589
Esoph-Muscularis_ENTEX__H3K4me1	2.14026352283e-08	3.85819624293e-08	0.289539116153
Sigmoid_Colon__H3K27ac	4.48699255454e-08	8.09423567154e-08	0.289671655006
Stomach_Mucosa__H3K36me3	7.49769795067e-08	1.37054594388e-07	0.292169023801
Adipose_Nuclei__H3K27ac	1.85695905099e-08	3.41386108782e-08	0.29323901743
Rectal_Smooth_Muscle__H3K9ac	1.0827257254e-07	2.00372175592e-07	0.294475316473
Fetal_Muscle_Trunk__H3K4me3	1.21964813368e-07	2.3347152716e-07	0.300696990073
Foreskin_Fibroblast_Primary_Cells_skin02__H3K27ac	2.83405991426e-08	5.51204374973e-08	0.303570858294
Primary_T_helper_naive_cells_from_peripheral_blood_2__H3K4me3	6.07377574739e-08	1.20140625335e-07	0.306584353418
NHDF-Ad_Adult_Dermal_Fibroblast_Primary_Cells__H3K9ac	7.51438374969e-08	1.50587817951e-07	0.308888484253
Rectal_Mucosa_Donor_31__H3K4me1	2.64832745809e-08	5.43875961888e-08	0.313151868808
liver_ENTEX__H3K4me1	6.97334766678e-08	1.45178022607e-07	0.315496093427
Primary_hematopoietic_stem_cells_short_term_culture__H3K36me3	1.97513957661e-08	4.12092292253e-08	0.315864231884
Brain_Substantia_Nigra__H3K4me3	6.84502666221e-08	1.43749900858e-07	0.316974463826
Esoph-Mucosa_ENTEX__H3K4me3	6.24838388672e-08	1.31423544924e-07	0.31723715929
HMEC_Mammary_Epithelial_Primary_Cells__H3K9ac	4.32096134817e-08	9.35054689317e-08	0.322001981835
Foreskin_Melanocyte_Primary_Cells_skin01__H3K36me3	3.9128257169e-08	8.57752955802e-08	0.324133279005
Primary_T_cells_from_cord_blood__H3K4me3	7.25472447056e-08	1.59459525908e-07	0.324570048444
Colon_Smooth_Muscle__H3K4me3	6.37672031095e-08	1.43046377329e-07	0.32787811277
Psoas_Muscle__H3K4me1	3.63432394375e-08	8.23408648117e-08	0.32947059212
Brain_Angular_Gyrus__H3K4me1	2.25632441738e-08	5.15173709251e-08	0.330702740309
Colon_Smooth_Muscle__H3K27ac	2.15530462794e-08	4.92529979077e-08	0.330838618474
Skeletal_Muscle_Male__H3K36me3	2.82281332795e-08	6.50272426865e-08	0.332108989057
Fetal_Intestine_Small__H3K4me3	6.78224987256e-08	1.58604566407e-07	0.334463869019
Esophagus__H3K36me3	2.97908194096e-08	6.99348196631e-08	0.335061288285
Pancreatic_Islets__H3K9ac	8.64639248907e-08	2.07660709186e-07	0.338569223989
Brain_Angular_Gyrus__H3K36me3	3.15079802667e-08	7.76818982714e-08	0.342517307408
Fetal_Intestine_Large__H3K36me3	1.81936657041e-08	4.69100738777e-08	0.349066726901
Pancreatic_Islets__H3K36me3	3.60863086654e-08	9.40941975708e-08	0.350669871499
Vagina_ENTEX__H3K36me3	6.048539314e-08	1.58991881343e-07	0.35181286369
Brain_Inferior_Temporal_Lobe__H3K4me3	4.49445444686e-08	1.20314099745e-07	0.354365820112
Foreskin_Keratinocyte_Primary_Cells_skin03__H3K4me3	4.29038561509e-08	1.18103595654e-07	0.358200452922
Colon-Sigm_ENTEX__H3K36me3	2.32598473958e-08	6.53258768484e-08	0.360898299325
Brain_Cingulate_Gyrus__H3K36me3	2.38632730347e-08	6.84020087638e-08	0.36359419925
Fetal_Adrenal_Gland__H3K4me1	1.33823426303e-08	3.98469954021e-08	0.368494553956
Stomach_ENTEX__H3K4me1	1.53138179898e-08	4.7780337069e-08	0.374292920577
HMEC_Mammary_Epithelial_Primary_Cells__H3K27ac	1.51563680507e-08	4.89471362634e-08	0.378414440127
SI-Term-Ileum_ENTEX__H3K27ac	1.33337188408e-08	4.31746662767e-08	0.37872466018
Rectal_Mucosa_Donor_29__H3K27ac	1.76203484429e-08	6.24016375694e-08	0.388829919996
Brain_Hippocampus_Middle__H3K27ac	9.28874377221e-09	3.59054657844e-08	0.397933362212
Primary_T_helper_naive_cells_from_peripheral_blood_1__H3K4me3	2.92754656726e-08	1.14040662185e-07	0.398701030214
Colon-TV_ENTEX__H3K4me1	2.69061088032e-08	1.11326881537e-07	0.404511878026
Breast_variant_Human_Mammary_Epithelial_Cells_(vHMEC)__H3K36me3	7.75017490935e-09	3.2344052917e-08	0.405313712359
Right_Ventricle__H3K27ac	1.40607495398e-08	6.04126534279e-08	0.40797966994
Stomach_ENTEX__H3K36me3	9.61868933563e-09	4.28769166933e-08	0.411249263567
Fetal_Stomach__H3K4me3	5.27353566738e-08	2.39058833061e-07	0.412703614886
Brain_Cingulate_Gyrus__H3K4me1	9.67108724736e-09	4.45890122421e-08	0.414145494059
Duodenum_Mucosa__H3K4me3	2.49543207556e-08	1.15352416095e-07	0.4143648151
Primary_neutrophils_from_peripheral_blood__H3K4me1	6.75059209294e-09	3.28781282106e-08	0.41866040841
Esoph-GJ_ENTEX__H3K4me3	2.42269115993e-08	1.18192784095e-07	0.418794686178
Fetal_Adrenal_Gland__H3K27ac	8.15478323001e-09	4.09808999092e-08	0.421135341181
Duodenum_Smooth_Muscle__H3K4me3	1.08197051229e-08	6.22852826208e-08	0.431045877219
Thymus__H3K27ac	1.64405943121e-08	9.51304967112e-08	0.431395871795
Brain_Germinal_Matrix__H3K36me3	1.11492029726e-08	6.46568639945e-08	0.431547191698
Placenta_Amnion__H3K36me3	1.04339252168e-08	6.27597476491e-08	0.433979371703
Brain_Angular_Gyrus__H3K4me3	2.29484359741e-08	1.39852438795e-07	0.434830008247
Pancreas_ENTEX__H3K4me1	4.55399808488e-09	2.79451395428e-08	0.435274145366
Colon-TV_ENTEX__H3K4me3	2.18875009896e-08	1.34526884997e-07	0.435377391389
Fetal_Stomach__H3K36me3	5.3729751839e-09	3.42884456827e-08	0.437740922296
Brain_Cingulate_Gyrus__H3K4me3	1.92927803506e-08	1.32418133312e-07	0.442080725379
Adrenal_gland_ENTEX__H3K4me3	1.70322876311e-08	1.21508092664e-07	0.444261217202
Pancreas__H3K27ac	1.76127338422e-08	1.27441822417e-07	0.445040328024
Skeletal_Muscle_Female__H3K36me3	6.73601883794e-09	4.94977050222e-08	0.445876055327
Mammary_ENTEX__H3K27ac	5.24448225529e-09	4.03957562042e-08	0.448351430887
Adipose_Nuclei__H3K4me1	6.00237167521e-09	4.73790526848e-08	0.449593552941
Thyroid_gland_ENTEX__H3K27ac	3.20727111244e-09	3.00200445211e-08	0.457458887649
Brain_Inferior_Temporal_Lobe__H3K4me1	6.2040459755e-09	5.80814215583e-08	0.457467334568
Gastric__H3K4me1	8.42535800516e-09	8.50682651231e-08	0.460552335929
HMEC_Mammary_Epithelial_Primary_Cells__DNase	8.37520258022e-09	9.05989055261e-08	0.463173178803
Heart-LV_ENTEX__H3K27ac	3.47999783227e-09	3.99456105611e-08	0.465288698429
Breast_variant_Human_Mammary_Epithelial_Cells_(vHMEC)__H3K4me1	3.38876941238e-09	4.19065250633e-08	0.467774673846
Colonic_Mucosa__H3K27ac	6.44204462928e-09	8.59580550095e-08	0.470129614788
Esophagus__H3K4me3	1.43148349627e-08	1.97974370128e-07	0.471178993644
Gastric__H3K27ac	7.58013289261e-09	1.0655961275e-07	0.471645100955
Small_Intestine__H3K36me3	1.0212390029e-08	1.45199337571e-07	0.471964075647
Spleen_ENTEX__H3K4me3	4.42444674934e-09	6.55290457897e-08	0.473084322383
Stomach_ENTEX__H3K27ac	2.84184163864e-09	4.51505328328e-08	0.474906549559
Skeletal_Muscle_Male__H3K4me3	8.60185271863e-09	1.36937856129e-07	0.474956616097
Fetal_Kidney__H3K4me1	7.60182764277e-09	1.31824479242e-07	0.477007225878
Colon_Smooth_Muscle__H3K9ac	5.25288420841e-09	1.2098507463e-07	0.482684315408
Primary_T_helper_memory_cells_from_peripheral_blood_2__H3K36me3	3.13218423141e-09	8.64097091279e-08	0.485542282818
NHLF_Lung_Fibroblast_Primary_Cells__H3K4me1	2.2870361454e-09	8.0811095701e-08	0.488711034975
Artery-Tibial_ENTEX__H3K4me1	3.52686915051e-10	1.17390288121e-07	0.498801421202
Stomach_Smooth_Muscle__H3K36me3	1.08495731591e-10	6.40595601143e-08	0.499324323898
Thyroid_gland_ENTEX__H3K4me1	-3.58165969081e-11	3.09963669056e-08	0.500460981499
Rectal_Mucosa_Donor_31__H3K27ac	-3.72494830538e-10	6.39001515635e-08	0.502325551534
Brain_Dorsolateral_Prefrontal_Cortex__H3K4me1	-4.88669492523e-10	6.33198384734e-08	0.503078797913
Ovary__DNase	-1.20025687661e-09	7.98189628104e-08	0.505998764625
Adipose_Nuclei__H3K4me3	-1.77840064512e-09	7.61317523498e-08	0.509318249863
Gastric__H3K4me3	-7.44762010605e-09	2.51753782525e-07	0.511800169218
Duodenum_Smooth_Muscle__H3K4me1	-3.03165847176e-09	7.60974893795e-08	0.515889313789
Adipose_Nuclei__H3K36me3	-2.35529255692e-09	5.88450105296e-08	0.515963544757
Brain_Cingulate_Gyrus__H3K27ac	-2.01394163702e-09	3.90420970988e-08	0.520569855537
Ovary__H3K36me3	-4.20790388226e-09	8.02590324485e-08	0.520906581625
Aorta__H3K4me1	-6.80789657348e-09	1.09798753605e-07	0.524719939735
Pancreas_ENTEX__H3K27ac	-2.26510979103e-09	3.5554726783e-08	0.525398512398
Mammary_ENTEX__H3K36me3	-3.165227402e-09	4.35151951738e-08	0.528992870469
Fetal_Thymus__H3K27ac	-4.1253931659e-09	5.5246596465e-08	0.529762295975
Stomach_Smooth_Muscle__H3K4me3	-9.76702590696e-09	1.09321792914e-07	0.535594935598
Stomach_ENTEX__H3K4me3	-1.46266987207e-08	1.36871817804e-07	0.542551646698
Mammary_ENTEX__H3K4me3	-1.31229288044e-08	1.14651959641e-07	0.545562958399
Thymus__H3K4me3	-2.16547257639e-08	1.80180227308e-07	0.547831183788
Primary_T_killer_naive_cells_from_peripheral_blood__H3K4me3	-2.00878694532e-08	1.56262621622e-07	0.551143917447
Foreskin_Fibroblast_Primary_Cells_skin01__H3K27ac	-7.08696615001e-09	5.278887842e-08	0.553397998823
Osteoblast_Primary_Cells__H3K4me3	-1.80134925628e-08	1.33012082832e-07	0.553863054901
Brain_Substantia_Nigra__H3K36me3	-1.3884100404e-08	9.98946334202e-08	0.555269967024
Pancreatic_Islets__H3K4me3	-2.70958424511e-08	1.93534345423e-07	0.555672115644
Foreskin_Melanocyte_Primary_Cells_skin03__H3K4me1	-5.53961868453e-09	3.50495411436e-08	0.562791735347
Left_Ventricle__H3K36me3	-1.09638984163e-08	6.76246457404e-08	0.564397761715
Brain_Inferior_Temporal_Lobe__H3K9ac	-1.38546709949e-08	8.11417978289e-08	0.567788417157
Fetal_Lung__H3K36me3	-8.56834454726e-09	4.89544478979e-08	0.569470745961
Primary_T_cells_from_cord_blood__H3K36me3	-1.37507374831e-08	7.54932507e-08	0.572265633254
Foreskin_Fibroblast_Primary_Cells_skin01__H3K4me3	-1.567299221e-08	8.24924657408e-08	0.575342697632
Colon_Smooth_Muscle__H3K36me3	-1.25209515901e-08	6.39616998435e-08	0.57759982289
Lung_ENTEX__H3K36me3	-1.18077283349e-08	5.19360615369e-08	0.589924686402
Fetal_Muscle_Trunk__H3K36me3	-1.38220668103e-08	5.98072808482e-08	0.591385366571
Lung__H3K36me3	-1.79768748547e-08	7.77342951192e-08	0.591443798791
Primary_mononuclear_cells_from_peripheral_blood__H3K4me3	-5.2313105839e-08	2.23657615883e-07	0.592467980908
Fetal_Heart__H3K9ac	-1.27814521097e-08	5.44601874873e-08	0.592776684147
Duodenum_Smooth_Muscle__H3K36me3	-1.66543684092e-08	6.9715468724e-08	0.594404782964
Ovary_ENTEX__H3K36me3	-4.43173948911e-08	1.81181076031e-07	0.596617994367
Artery-Coronary_ENTEX__H3K27ac	-1.05972960794e-08	4.04863815664e-08	0.603242769105
NHLF_Lung_Fibroblast_Primary_Cells__H3K9ac	-4.53782546608e-08	1.71644343605e-07	0.604254022431
Artery-Tibial_ENTEX__H3K36me3	-1.32257130297e-08	4.95852261539e-08	0.60516027472
Rectal_Mucosa_Donor_31__H3K9ac	-2.82198527546e-08	1.01165137113e-07	0.60985778642
Primary_T_helper_naive_cells_from_peripheral_blood__H3K9ac	-3.42636943226e-08	1.21640567089e-07	0.61090548929
Fetal_Brain_Male__H3K36me3	-6.09655058231e-08	2.10802453983e-07	0.613788440628
Primary_T_helper_17_cells_PMA-I_stimulated__H3K4me3	-3.35722187338e-08	1.15890828871e-07	0.613972651079
Colonic_Mucosa__H3K9ac	-4.33850427539e-08	1.48274884226e-07	0.615085557532
Right_Atrium__H3K4me3	-5.19684948874e-08	1.73369817591e-07	0.617818034215
Primary_T_helper_17_cells_PMA-I_stimulated__H3K36me3	-1.47928584778e-08	4.69765661717e-08	0.623580706446
Primary_B_cells_from_cord_blood__H3K36me3	-4.26476306299e-08	1.33678337677e-07	0.625148772037
Skeletal_Muscle_Male__H3K9ac	-2.17686620346e-08	6.79456064246e-08	0.625661244463
Primary_mononuclear_cells_from_peripheral_blood__H3K27ac	-5.32333445117e-08	1.64948981758e-07	0.62654866473
Breast_Myoepithelial_Primary_Cells__H3K9ac	-3.82212533171e-08	1.16981708394e-07	0.628063363318
Artery-Coronary_ENTEX__H3K4me3	-2.71444369308e-08	8.27698718375e-08	0.628525528525
Right_Atrium__H3K36me3	-3.72532343378e-08	1.12172474906e-07	0.63009566745
Vagina_ENTEX__H3K4me3	-6.83960610078e-08	2.0148574854e-07	0.632867843032
Skeletal_Muscle_Female__H3K4me3	-4.07042455271e-08	1.19273222298e-07	0.63354943397
Ovary__H3K4me1	-2.16703688954e-08	6.32868604008e-08	0.633980690798
Placenta_Amnion__H3K4me3	-7.51003001929e-08	2.13257839614e-07	0.637639842559
NHEK-Epidermal_Keratinocyte_Primary_Cells__DNase	-2.90264248733e-08	8.20301638109e-08	0.63827458488
Spleen__H3K36me3	-2.24830399742e-08	6.34620816491e-08	0.638433664201
Primary_T_killer_naive_cells_from_peripheral_blood__H3K9ac	-6.898870057e-08	1.93446478761e-07	0.63931536548
Prostate_ENTEX__H3K36me3	-9.3038363768e-08	2.56965370892e-07	0.641348557228
Primary_T_cells_from_cord_blood__H3K4me1	-2.76157069571e-08	7.52575434259e-08	0.643171601936
HMEC_Mammary_Epithelial_Primary_Cells__H3K4me1	-1.63470691731e-08	4.34804616668e-08	0.646528006708
Nerve-Tibial_ENTEX__H3K36me3	-1.95155669983e-08	5.00156051841e-08	0.651801809661
Primary_T_helper_cells_PMA-I_stimulated__H3K36me3	-1.43036732151e-08	3.63717921148e-08	0.652937308809
Primary_neutrophils_from_peripheral_blood__H3K4me3	-3.13728361833e-08	7.88605724923e-08	0.654621008775
Breast_variant_Human_Mammary_Epithelial_Cells_(vHMEC)__H3K4me3	-7.67042487328e-08	1.92493062329e-07	0.654861060655
Primary_T_helper_cells_from_peripheral_blood__H3K4me3	-5.61929066837e-08	1.37935460519e-07	0.658137562862
Fetal_Brain_Female__H3K36me3	-2.19888682151e-08	5.28098846452e-08	0.661433246748
Heart-Atrial_ENTEX__H3K4me1	-7.73580506183e-08	1.79433080228e-07	0.666811185035
Primary_T_cells_from_peripheral_blood__H3K4me3	-6.34397923765e-08	1.42892345639e-07	0.671467553669
Primary_hematopoietic_stem_cells_G-CSF-mobilized_Female__H3K4me1	-1.62491766993e-08	3.5971422513e-08	0.674266305535
Primary_neutrophils_from_peripheral_blood__H3K36me3	-1.47873700761e-08	3.20121693305e-08	0.677934113599
Skin_tissue_ENTEX__H3K4me3	-7.10571141158e-08	1.53638012788e-07	0.678137509676
Thymus__H3K4me1	-2.96353705032e-08	6.35699206595e-08	0.679458609607
Nerve-Tibial_ENTEX__H3K4me3	-7.89551165682e-08	1.66318328664e-07	0.682507747436
Testis_ENTEX__H3K27ac	-1.48924113393e-08	3.12913757151e-08	0.68293681581
Mammary_ENTEX__H3K4me1	-4.86720183145e-08	1.02239871976e-07	0.682983155261
Left_Ventricle__H3K27ac	-2.19133220407e-08	4.55296152935e-08	0.684847713103
Foreskin_Fibroblast_Primary_Cells_skin02__H3K4me3	-2.99516730194e-08	6.22049395675e-08	0.684919379395
Primary_monocytes_from_peripheral_blood__H3K4me3	-9.02240470269e-08	1.86695013324e-07	0.685547881869
Fetal_Kidney__DNase	-5.80428880013e-08	1.1945758731e-07	0.686476354865
Primary_T_helper_memory_cells_from_peripheral_blood_1__H3K36me3	-2.89990698572e-08	5.7943134855e-08	0.691629547551
Primary_hematopoietic_stem_cells_G-CSF-mobilized_Male__H3K4me3	-5.57031204216e-08	1.09620186636e-07	0.694324716511
Psoas_Muscle__DNase	-4.43661334341e-08	8.69845595588e-08	0.6949904096
Colon-TV_ENTEX__H3K36me3	-3.57105402911e-08	6.9714742396e-08	0.695757774829
Esoph-Muscularis_ENTEX__H3K4me3	-7.46648846371e-08	1.45062332394e-07	0.69662180011
NHLF_Lung_Fibroblast_Primary_Cells__H3K27ac	-3.69970900761e-08	7.18104654066e-08	0.696795011307
Primary_T_killer_memory_cells_from_peripheral_blood__H3K27ac	-4.6319912367e-08	8.95687561425e-08	0.697472053279
Rectal_Mucosa_Donor_29__H3K9ac	-7.31664998842e-08	1.40340729409e-07	0.698938166212
Heart-Atrial_ENTEX__H3K36me3	-2.75639454779e-08	5.13653943215e-08	0.704236601913
Breast_Myoepithelial_Primary_Cells__H3K4me1	-1.98736945536e-08	3.66311591077e-08	0.706275079754
Skeletal_Muscle_Female__H3K27ac	-2.73945292265e-08	4.98666667107e-08	0.708619257757
Left_Ventricle__H3K4me3	-1.223616916e-07	2.20959528504e-07	0.710133314843
Breast_variant_Human_Mammary_Epithelial_Cells_(vHMEC)__DNase	-5.22062541806e-08	9.40132593572e-08	0.710657774782
Primary_T_helper_naive_cells_from_peripheral_blood_2__H3K4me1	-2.27902436943e-08	3.88935711148e-08	0.721050243029
Fetal_Adrenal_Gland__H3K4me3	-1.48810921032e-07	2.47393427245e-07	0.726251573597
Spleen_ENTEX__H3K36me3	-1.75273918989e-08	2.90681100255e-08	0.726737891936
Heart-Atrial_ENTEX__H3K27ac	-1.79316165967e-08	2.97060792225e-08	0.726956690787
Fetal_Kidney__H3K36me3	-9.55964050452e-08	1.57994147131e-07	0.727431415273
Primary_monocytes_from_peripheral_blood__H3K4me1	-2.46837792174e-08	3.9320892212e-08	0.73491687997
Psoas_Muscle__H3K36me3	-7.11748549129e-08	1.10976993617e-07	0.739351642499
Spleen_ENTEX__H3K4me1	-7.54485327311e-08	1.16974505239e-07	0.740536343025
Fetal_Adrenal_Gland__H3K36me3	-2.50065261914e-08	3.86698674043e-08	0.741076249438
Skeletal_Muscle_Female__H3K9ac	-6.17386526704e-08	9.53831963401e-08	0.74127129521
SI-Term-Ileum_ENTEX__H3K36me3	-8.68215558098e-08	1.34016312973e-07	0.741456811452
Gastric__H3K36me3	-4.55667338151e-08	6.99360297275e-08	0.742653845665
Pancreas__H3K4me1	-3.97339704668e-08	5.98684155283e-08	0.746555104305
Foreskin_Melanocyte_Primary_Cells_skin01__H3K4me1	-7.05062515082e-08	1.03279947905e-07	0.752592700865
Colon-Sigm_ENTEX__H3K4me1	-1.5237319699e-07	2.20555777664e-07	0.755173283513
Fetal_Muscle_Leg__H3K36me3	-3.96127978788e-08	5.66646664448e-08	0.757747122651
Brain_Cingulate_Gyrus__H3K9ac	-7.24080989974e-08	1.03403096016e-07	0.758114649025
Ovary__H3K4me3	-1.18391105245e-07	1.68582753438e-07	0.758745516114
Primary_hematopoietic_stem_cells_G-CSF-mobilized_Male__H3K4me1	-2.96417029408e-08	4.20514192159e-08	0.759561230667
Adrenal_gland_ENTEX__H3K36me3	-3.37820297559e-08	4.5516349242e-08	0.771015553822
Primary_T_helper_naive_cells_from_peripheral_blood_2__H3K27ac	-4.13827862776e-08	5.53097474114e-08	0.772830415846
Brain_Substantia_Nigra__H3K9ac	-6.96970037092e-08	9.30621221743e-08	0.773050264225
Foreskin_Melanocyte_Primary_Cells_skin03__H3K27ac	-4.23451648346e-08	5.64150855885e-08	0.773553297918
Primary_hematopoietic_stem_cells_G-CSF-mobilized_Female__H3K4me3	-1.16773316464e-07	1.54978631665e-07	0.774419270474
Primary_T_helper_memory_cells_from_peripheral_blood_2__H3K27ac	-5.33479032406e-08	7.07577797664e-08	0.774560696229
Fetal_Kidney__H3K9ac	-1.46125723322e-07	1.89447338018e-07	0.779743240511
Colonic_Mucosa__H3K4me1	-6.54311102241e-08	8.42760180037e-08	0.781240810579
Testis_ENTEX__H3K36me3	-1.43487144754e-07	1.7868174452e-07	0.789021857966
Thyroid_gland_ENTEX__H3K4me3	-1.20686392349e-07	1.50276582111e-07	0.789040125962
Fetal_Muscle_Leg__H3K4me1	-3.11959152062e-08	3.83697332273e-08	0.791900848471
Primary_T_helper_naive_cells_from_peripheral_blood_2__H3K36me3	-4.02662477651e-08	4.79559973742e-08	0.79944764023
Primary_T_helper_memory_cells_from_peripheral_blood_1__H3K4me3	-1.13206432502e-07	1.33741631067e-07	0.801350850253
Lung_ENTEX__H3K4me3	-1.49949336101e-07	1.77083674611e-07	0.801438637274
Pancreas_ENTEX__H3K4me3	-1.15516099673e-07	1.35047818811e-07	0.803827332745
Vagina_ENTEX__H3K27ac	-3.94657536299e-08	4.58792625758e-08	0.805163072072
Placenta__H3K4me1	-3.77057129396e-08	4.37792453558e-08	0.805455085607
Primary_hematopoietic_stem_cells_G-CSF-mobilized_Female__H3K27ac	-5.06770057869e-08	5.80483695513e-08	0.808672119233
Primary_B_cells_from_peripheral_blood__H3K27ac	-6.21839061294e-08	6.97460052586e-08	0.813690041035
Pancreas__DNase	-1.25433441719e-07	1.3840995104e-07	0.817597126281
Spleen__H3K4me1	-5.82513554644e-08	6.35487756429e-08	0.820334365506
Primary_T_helper_17_cells_PMA-I_stimulated__H3K27ac	-6.90807502144e-08	7.50566401023e-08	0.821313308714
Aorta__H3K27ac	-5.09445604221e-08	5.40601993587e-08	0.82699767112
Fetal_Lung__H3K9ac	-1.16697913791e-07	1.22048966807e-07	0.83050341512
Primary_T_helper_cells_from_peripheral_blood__H3K36me3	-3.24227859582e-08	3.38765315844e-08	0.830738312591
Spleen__H3K4me3	-1.20399231045e-07	1.23292967957e-07	0.835598953278
Primary_T_helper_naive_cells_from_peripheral_blood_1__H3K4me1	-4.36442586208e-08	4.44520120484e-08	0.836907862443
Heart-LV_ENTEX__H3K4me3	-1.32694159463e-07	1.34215422608e-07	0.838586588977
Right_Ventricle__H3K4me1	-5.7166317296e-08	5.77541758225e-08	0.838869280589
Brain_Angular_Gyrus__H3K9ac	-9.53748860094e-08	9.62738804677e-08	0.839074701886
skeletal_muscle_ENTEX__H3K4me3	-7.05374954394e-08	7.08493414409e-08	0.840277359053
Primary_T_helper_cells_from_peripheral_blood__H3K27ac	-7.17781813476e-08	7.20289890699e-08	0.840500727763
Primary_T_killer_memory_cells_from_peripheral_blood__H3K4me1	-5.04321587503e-08	5.00737691111e-08	0.843070389413
Osteoblast_Primary_Cells__H3K36me3	-4.06389763157e-08	4.02396616003e-08	0.843734007379
Foreskin_Melanocyte_Primary_Cells_skin01__DNase	-7.5968223616e-08	7.41862632923e-08	0.847087105778
Heart-Atrial_ENTEX__H3K4me3	-1.65351075648e-07	1.60153762614e-07	0.849069793218
Right_Ventricle__H3K4me3	-1.60909665309e-07	1.54206325833e-07	0.851634651665
Gastric__DNase	-1.56666867613e-07	1.48135738687e-07	0.854878785514
Primary_T_helper_17_cells_PMA-I_stimulated__H3K4me1	-5.01050438992e-08	4.72600045223e-08	0.855473127386
Primary_T_cells_from_peripheral_blood__H3K36me3	-4.26830182808e-08	4.02202815307e-08	0.855707581865
Primary_T_cells_effector_memory_enriched_from_peripheral_blood__H3K27ac	-8.34753937141e-08	7.84478259869e-08	0.856355591745
Adrenal_gland_ENTEX__H3K27ac	-4.00064890312e-08	3.74406386603e-08	0.857359508648
Primary_T_helper_memory_cells_from_peripheral_blood_1__H3K4me1	-4.60941542302e-08	4.3031625886e-08	0.857953331342
Brain_Dorsolateral_Prefrontal_Cortex__H3K9ac	-1.24343391084e-07	1.15921374229e-07	0.858286545987
Primary_Natural_Killer_cells_from_peripheral_blood__H3K36me3	-4.96599970662e-08	4.59319765049e-08	0.860187904169
NHDF-Ad_Adult_Dermal_Fibroblast_Primary_Cells__H3K36me3	-1.35541483241e-07	1.24934803113e-07	0.861016521381
Primary_hematopoietic_stem_cells_short_term_culture__H3K4me1	-5.80312324242e-08	5.33762449599e-08	0.861528180639
Skeletal_Muscle_Male__H3K4me1	-5.74097154408e-08	5.15584020182e-08	0.867250773046
Primary_T_helper_cells_PMA-I_stimulated__H3K4me3	-9.61933809196e-08	8.63485279604e-08	0.867363190809
Primary_monocytes_from_peripheral_blood__H3K36me3	-3.1474159685e-08	2.78798671697e-08	0.87053436013
Ovary__H3K27ac	-7.51611640628e-08	6.64630101838e-08	0.870945536621
Primary_mononuclear_cells_from_peripheral_blood__H3K36me3	-5.85966738099e-08	5.1766234013e-08	0.871171805895
Fetal_Lung__H3K4me3	-1.79665192939e-07	1.58233200702e-07	0.871905670476
Primary_B_cells_from_cord_blood__H3K4me1	-5.85780248697e-08	5.15768914618e-08	0.871967652365
Primary_T_cells_effector_memory_enriched_from_peripheral_blood__H3K4me1	-8.26386519132e-08	7.2520612611e-08	0.872756729241
Fetal_Kidney__H3K4me3	-2.2858119441e-07	1.99649078972e-07	0.873877783153
Adrenal_gland_ENTEX__H3K4me1	-5.00704148635e-08	4.34546365736e-08	0.875389922916
Primary_T_helper_memory_cells_from_peripheral_blood_2__H3K4me1	-4.61789624229e-08	3.99755561099e-08	0.875991635992
Primary_T_regulatory_cells_from_peripheral_blood__H3K36me3	-4.15544335841e-08	3.58193511714e-08	0.876998250319
Spleen__H3K27ac	-7.04089685805e-08	6.04076437105e-08	0.878104593985
skeletal_muscle_ENTEX__H3K27ac	-2.40659409573e-08	2.05039297697e-08	0.879747071053
Aorta_ENTEX__H3K36me3	-4.53662584132e-08	3.81258800718e-08	0.882958561792
Primary_mononuclear_cells_from_peripheral_blood__H3K4me1	-1.61414320683e-07	1.33998991085e-07	0.885819876494
Primary_monocytes_from_peripheral_blood__H3K27ac	-8.96069271652e-08	7.39581695439e-08	0.88716518454
Primary_T_helper_memory_cells_from_peripheral_blood_1__H3K27ac	-1.03477393426e-07	8.45991520418e-08	0.889363344171
Duodenum_Mucosa__H3K9ac	-1.62502876066e-07	1.31538984255e-07	0.891658619098
Psoas_Muscle__H3K4me3	-2.57801714818e-07	2.07764415195e-07	0.892666962791
Primary_T_cells_effector_memory_enriched_from_peripheral_blood__H3K36me3	-6.37514017687e-08	5.1111243964e-08	0.893857486097
Primary_T_helper_cells_PMA-I_stimulated__H3K27ac	-5.18139301655e-08	4.14707719066e-08	0.894242128493
Right_Atrium__H3K27ac	-7.79762297371e-08	6.19235195781e-08	0.896027170935
Primary_T_killer_memory_cells_from_peripheral_blood__H3K36me3	-9.48299527939e-08	7.52330297049e-08	0.896252406401
Pancreas__H3K36me3	-9.75670975073e-08	7.70343079382e-08	0.897340242197
Primary_T_regulatory_cells_from_peripheral_blood__H3K4me1	-6.21483180132e-08	4.89859259543e-08	0.897725499
Primary_B_cells_from_cord_blood__H3K4me3	-2.2270006912e-07	1.73701741184e-07	0.900093253971
Primary_hematopoietic_stem_cells_short_term_culture__H3K4me3	-1.8840276396e-07	1.46016803659e-07	0.901523511511
Foreskin_Melanocyte_Primary_Cells_skin01__H3K27ac	-1.47191374579e-07	1.14014510801e-07	0.901646094844
Aorta_ENTEX__H3K4me1	-3.63442887875e-08	2.79862451187e-08	0.90296766765
Pancreas_ENTEX__H3K36me3	-6.47145823617e-08	4.97106716333e-08	0.903511848412
Primary_T_killer_naive_cells_from_peripheral_blood__H3K36me3	-9.60577868592e-08	7.30337313467e-08	0.905787446889
HMEC_Mammary_Epithelial_Primary_Cells__H3K4me3	-2.54329109692e-07	1.93032188217e-07	0.906172443271
Fetal_Thymus__DNase	-1.24837223364e-07	9.24366615598e-08	0.911574794653
Primary_T_regulatory_cells_from_peripheral_blood__H3K4me3	-1.47763790959e-07	1.09036588715e-07	0.912319288681
skeletal_muscle_ENTEX__H3K4me1	-3.35614447309e-08	2.46575100482e-08	0.913259645898
Primary_B_cells_from_peripheral_blood__DNase	-1.2171267087e-07	8.92919045983e-08	0.913572517746
Foreskin_Fibroblast_Primary_Cells_skin02__H3K36me3	-5.18629634046e-08	3.79421870393e-08	0.91417079795
Brain_Dorsolateral_Prefrontal_Cortex__H3K4me3	-2.08938469104e-07	1.52798562395e-07	0.914251776767
Primary_B_cells_from_peripheral_blood__H3K36me3	-4.56360341758e-08	3.33062493435e-08	0.914686876913
Primary_hematopoietic_stem_cells__H3K4me1	-1.29866862742e-07	9.4139209585e-08	0.916132660295
Primary_monocytes_from_peripheral_blood__DNase	-1.60087446104e-07	1.15741833156e-07	0.916689408671
Primary_hematopoietic_stem_cells__H3K4me3	-2.59995217602e-07	1.85703504028e-07	0.919251654686
Primary_Natural_Killer_cells_from_peripheral_blood__H3K27ac	-9.36168014682e-08	6.67872070159e-08	0.919500198971
Placenta__DNase	-1.05814101473e-07	7.5191461512e-08	0.920325173028
Aorta_ENTEX__H3K4me3	-1.05792710543e-07	7.51270930273e-08	0.920461585752
Breast_Myoepithelial_Primary_Cells__H3K4me3	-1.96331748971e-07	1.38199841144e-07	0.922288780067
Fetal_Thymus__H3K4me1	-4.97212730882e-08	3.4898893148e-08	0.922881427914
Primary_T_helper_naive_cells_from_peripheral_blood_1__H3K27ac	-1.51134334623e-07	1.05905222283e-07	0.923220370683
Foreskin_Melanocyte_Primary_Cells_skin01__H3K4me3	-2.5042244072e-07	1.72121906738e-07	0.927153358802
Spleen_ENTEX__H3K27ac	-4.78889944905e-08	3.29104530319e-08	0.927183391671
Primary_B_cells_from_peripheral_blood__H3K4me1	-5.75735129833e-08	3.95497983746e-08	0.927265262049
Primary_T_killer_naive_cells_from_peripheral_blood__H3K4me1	-5.78903618281e-08	3.95265045436e-08	0.928484417776
Primary_T_helper_cells_PMA-I_stimulated__H3K4me1	-4.97996880567e-08	3.3826386838e-08	0.929518482056
Pancreas__H3K4me3	-2.87513848728e-07	1.93136641564e-07	0.931710894466
Primary_Natural_Killer_cells_from_peripheral_blood__H3K4me3	-2.49628738976e-07	1.64833686357e-07	0.93504133047
Primary_T_helper_cells_from_peripheral_blood__H3K4me1	-5.9320774075e-08	3.86850806029e-08	0.937414745662
Primary_mononuclear_cells_from_peripheral_blood__H3K9ac	-1.88886328487e-07	1.18725144319e-07	0.94419011656
Primary_B_cells_from_peripheral_blood__H3K4me3	-2.95317020176e-07	1.85343981797e-07	0.944458660242
Fetal_Muscle_Trunk__H3K4me1	-6.07181474774e-08	3.69008427987e-08	0.950060515777
Primary_T_helper_naive_cells_from_peripheral_blood_1__H3K36me3	-9.0745556284e-08	5.48582115705e-08	0.950954897397
NHLF_Lung_Fibroblast_Primary_Cells__H3K36me3	-1.54638446243e-07	9.32042782903e-08	0.951455667273
Fetal_Adrenal_Gland__DNase	-1.68408888152e-07	1.01472719873e-07	0.951507249431
Aorta_ENTEX__H3K27ac	-4.16173362253e-08	2.49614976307e-08	0.952268759838
Foreskin_Melanocyte_Primary_Cells_skin03__H3K4me3	-2.79411138315e-07	1.6407027954e-07	0.955715653418
Foreskin_Fibroblast_Primary_Cells_skin01__H3K36me3	-6.26407531412e-08	3.51748077178e-08	0.962530816423
Primary_T_cells_from_peripheral_blood__H3K4me1	-7.52544997245e-08	4.17370304583e-08	0.964310847662
Primary_T_cells_from_peripheral_blood__H3K27ac	-1.07119279863e-07	5.87552308159e-08	0.965859250951
Primary_Natural_Killer_cells_from_peripheral_blood__H3K4me1	-8.04284148956e-08	4.32846101042e-08	0.968424693247
Placenta__H3K27ac	-7.3798680021e-08	3.93168660484e-08	0.969742560845
Primary_Natural_Killer_cells_from_peripheral_blood__DNase	-2.42575227851e-07	1.26458632941e-07	0.972458313557
Skeletal_Muscle_Female__H3K4me1	-7.58996238893e-08	3.90245808722e-08	0.974107597628
Primary_hematopoietic_stem_cells_G-CSF-mobilized_Female__DNase	-2.22607265523e-07	1.1383445917e-07	0.974740019921
Primary_hematopoietic_stem_cells_G-CSF-mobilized_Male__DNase	-2.57361759494e-07	1.24342827736e-07	0.980763321577
Primary_T_killer_naive_cells_from_peripheral_blood__H3K27ac	-2.10534836852e-07	1.01517656982e-07	0.980954496278
Primary_T_cells_from_peripheral_blood__DNase	-1.92275577819e-07	9.03809443666e-08	0.983306181655
Primary_T_cells_from_cord_blood__DNase	-2.68872393082e-07	1.25562977887e-07	0.983876481733
Psoas_Muscle__H3K27ac	-1.76969369553e-07	7.82851378439e-08	0.988107184212
Primary_T_regulatory_cells_from_peripheral_blood__H3K27ac	-1.20135773439e-07	4.87478816666e-08	0.99313844404
