Name	Coefficient	Coefficient_std_error	Coefficient_P_value
Uterus_ENTEX__H3K4me3	7.383805578e-07	2.17240697899e-07	0.000338280698638
Fetal_Stomach__H3K4me1	1.21894576202e-07	4.43361469011e-08	0.00298588672145
Uterus_ENTEX__H3K27ac	1.15475180897e-07	4.30682882774e-08	0.0036678090984
Ganglion_Eminence_derived_primary_cultured_neurospheres__H3K4me3	3.55455906662e-07	1.43500287703e-07	0.00662385865156
Fetal_Stomach__H3K27ac	1.59615409363e-07	6.63923362786e-08	0.00810563658375
Ovary_ENTEX__H3K4me3	4.94949415952e-07	2.10276922375e-07	0.00929135114734
Fetal_Brain_Female__H3K4me3	3.4446724086e-07	1.52321196877e-07	0.0118656073035
Cortex_derived_primary_cultured_neurospheres__H3K4me3	4.28717371005e-07	1.98501754529e-07	0.0153953885011
Brain_Germinal_Matrix__H3K4me3	3.62935425464e-07	1.78173561799e-07	0.0208261796253
Fetal_Intestine_Large__H3K27ac	1.07130970498e-07	5.32154725666e-08	0.0220491867071
Fetal_Brain_Female__H3K36me3	1.18911855881e-07	6.02657013015e-08	0.0242405724821
Fetal_Brain_Female__H3K4me1	1.2982009019e-07	6.74444658367e-08	0.0271244250352
Breast_Myoepithelial_Primary_Cells__H3K9ac	2.33615530108e-07	1.281724193e-07	0.03417698499
Foreskin_Fibroblast_Primary_Cells_skin01__H3K4me3	1.75352194984e-07	9.77565425125e-08	0.0364253995398
Foreskin_Fibroblast_Primary_Cells_skin02__H3K27ac	1.20879670259e-07	6.82559903907e-08	0.0382824080202
Fetal_Intestine_Small__H3K27ac	9.33533692788e-08	5.36880015744e-08	0.0410338728675
Fetal_Brain_Male__H3K36me3	3.52275263289e-07	2.04858880926e-07	0.0427526184362
Prostate_ENTEX__H3K27ac	9.06997719601e-08	5.33758280019e-08	0.0446344633866
Stomach_Smooth_Muscle__H3K4me1	1.00870463983e-07	5.98710534308e-08	0.0460140447891
liver_ENTEX__H3K4me1	2.70695740625e-07	1.60934477339e-07	0.0462820404654
Primary_neutrophils_from_peripheral_blood__H3K4me1	5.71002254894e-08	3.51244261507e-08	0.0520114536992
Prostate_ENTEX__H3K4me3	3.67956113409e-07	2.28650780643e-07	0.0537809179082
Duodenum_Smooth_Muscle__H3K27ac	1.38892407181e-07	8.77712125564e-08	0.0567749310894
liver_ENTEX__H3K36me3	8.61455527326e-08	5.59962276542e-08	0.0619733350246
Colon_Smooth_Muscle__H3K4me1	6.77140903594e-08	4.45374189355e-08	0.0642069330823
NHDF-Ad_Adult_Dermal_Fibroblast_Primary_Cells__H3K36me3	2.01296155441e-07	1.3259116585e-07	0.0644855600963
Brain_Germinal_Matrix__H3K4me1	1.42873390444e-07	9.70407708736e-08	0.07046957521
Foreskin_Fibroblast_Primary_Cells_skin02__H3K4me3	1.14663855339e-07	7.81815348431e-08	0.0712375475654
Stomach_Smooth_Muscle__H3K27ac	7.61476846022e-08	5.22882750659e-08	0.0726541403554
Fetal_Brain_Male__H3K4me1	6.33357537139e-08	4.35797574962e-08	0.0730661243719
Primary_neutrophils_from_peripheral_blood__H3K4me3	1.25871002276e-07	8.93080399398e-08	0.079358047099
Stomach_Smooth_Muscle__H3K9ac	2.72226929582e-07	1.9393188724e-07	0.0802004610661
Fetal_Lung__DNase	1.19831347159e-07	8.62235108133e-08	0.0822984871957
Fetal_Heart__H3K4me1	4.36203035103e-08	3.16130058268e-08	0.0838208134067
Fetal_Muscle_Leg__DNase	1.07429398856e-07	7.86427582241e-08	0.0859627147174
Fetal_Stomach__DNase	1.89504600007e-07	1.39064298919e-07	0.0864866346265
Brain_Germinal_Matrix__H3K36me3	1.05232996055e-07	7.751890404e-08	0.087308977022
Stomach_ENTEX__H3K4me1	6.57191117966e-08	4.90160981768e-08	0.089998239368
Fetal_Intestine_Small__H3K36me3	4.40165884474e-08	3.31302527325e-08	0.091991307861
Fetal_Intestine_Large__H3K4me1	6.3101769398e-08	4.7538131954e-08	0.0921894063737
Gastric__H3K4me1	1.23713328124e-07	9.37042599203e-08	0.0933752848008
NHDF-Ad_Adult_Dermal_Fibroblast_Primary_Cells__H3K4me3	2.67359783082e-07	2.08347623632e-07	0.0997041892133
Colon-Sigm_ENTEX__H3K4me3	2.62086758041e-07	2.05578083861e-07	0.101176401537
Fetal_Heart__H3K36me3	1.79028159827e-07	1.40900579143e-07	0.101935640039
Primary_B_cells_from_cord_blood__H3K4me3	2.54260276606e-07	2.01288231551e-07	0.103264919492
Foreskin_Fibroblast_Primary_Cells_skin02__H3K4me1	6.15308849893e-08	4.92335596855e-08	0.105690827496
Thymus__H3K36me3	1.13347137213e-07	9.10506183689e-08	0.10658784414
Vagina_ENTEX__H3K4me3	2.42574085051e-07	1.97949013159e-07	0.110205268433
skeletal_muscle_ENTEX__H3K36me3	4.23930481237e-08	3.50050055521e-08	0.112936828565
HMEC_Mammary_Epithelial_Primary_Cells__H3K4me3	2.28420760518e-07	1.91103692165e-07	0.115990522597
Osteoblast_Primary_Cells__H3K4me3	1.64203737468e-07	1.37394922396e-07	0.116019622659
Fetal_Lung__H3K4me1	5.15363660701e-08	4.34631578303e-08	0.117860854458
Esophagus__H3K4me1	8.76286052945e-08	7.41905027804e-08	0.118775604178
Fetal_Muscle_Trunk__DNase	1.09551859715e-07	9.55463240272e-08	0.125776853858
Mammary_ENTEX__H3K4me1	1.10108468872e-07	9.68215594622e-08	0.12772088706
Lung_ENTEX__H3K27ac	4.41341423967e-08	3.94811035461e-08	0.131814499187
Rectal_Smooth_Muscle__H3K4me1	7.81313830818e-08	7.01244827534e-08	0.132600721125
Fetal_Muscle_Trunk__H3K4me1	4.13909446842e-08	3.73584878123e-08	0.133943970373
Liver__H3K9ac	8.00539741802e-08	7.3390221718e-08	0.137680687127
Foreskin_Melanocyte_Primary_Cells_skin01__H3K4me3	2.02209383515e-07	1.85830278758e-07	0.138266625294
Stomach_Smooth_Muscle__H3K4me3	1.33960321769e-07	1.23586674684e-07	0.139196093144
liver_ENTEX__H3K4me3	9.33774939247e-08	8.62557251342e-08	0.139500607877
Fetal_Intestine_Large__DNase	1.17473280903e-07	1.11834269885e-07	0.146761855027
Fetal_Intestine_Small__DNase	1.42956887968e-07	1.38799925405e-07	0.151516899777
Heart-Atrial_ENTEX__H3K4me1	1.93875006504e-07	1.89556958049e-07	0.153206011822
Rectal_Smooth_Muscle__H3K27ac	5.10080026502e-08	4.99066194704e-08	0.153374150527
Fetal_Muscle_Trunk__H3K27ac	7.05413819038e-08	6.92089158452e-08	0.154041480681
Gastric__H3K27ac	1.0192423039e-07	1.02952841004e-07	0.161084880848
SI-Term-Ileum_ENTEX__H3K27ac	4.61332437289e-08	4.7511272478e-08	0.165775197085
Colon_Smooth_Muscle__H3K27ac	4.6486807789e-08	4.81235459388e-08	0.167024885455
Lung__H3K27ac	5.63074764603e-08	5.90113049992e-08	0.169995970444
Fetal_Muscle_Trunk__H3K4me3	2.14390702417e-07	2.26957967247e-07	0.172424580295
Fetal_Kidney__H3K36me3	1.56113242289e-07	1.65284416784e-07	0.172453839732
NHLF_Lung_Fibroblast_Primary_Cells__H3K4me1	7.49090702546e-08	7.95640274266e-08	0.173225830382
Pancreas_ENTEX__H3K27ac	3.15092459414e-08	3.4070440763e-08	0.177528086045
Fetal_Kidney__DNase	1.08976212287e-07	1.18569646975e-07	0.179024171494
Primary_monocytes_from_peripheral_blood__H3K27ac	5.90057156681e-08	6.42072499307e-08	0.179050828845
Fetal_Muscle_Leg__H3K4me1	3.65925157591e-08	3.99498890134e-08	0.179843836329
Fetal_Intestine_Small__H3K4me1	4.38038081424e-08	4.78871576355e-08	0.180166758887
Colon-Sigm_ENTEX__H3K36me3	7.16923791343e-08	7.89365657737e-08	0.181878954126
Primary_neutrophils_from_peripheral_blood__H3K36me3	3.24060657389e-08	3.61481601312e-08	0.184998500813
skeletal_muscle_ENTEX__H3K4me1	2.13163771249e-08	2.38550161315e-08	0.185773193075
Lung__H3K4me1	6.81791768574e-08	7.63406359632e-08	0.185904074029
Stomach_Mucosa__H3K4me1	3.80046331606e-08	4.2650780262e-08	0.186447051727
Heart-Atrial_ENTEX__H3K4me3	1.49352242123e-07	1.68545021107e-07	0.187774630361
Foreskin_Fibroblast_Primary_Cells_skin01__H3K27ac	5.18683425295e-08	6.17246862091e-08	0.200365157257
Primary_T_cells_from_cord_blood__DNase	1.22400806046e-07	1.47069011224e-07	0.202628893851
Testis_ENTEX__H3K4me3	8.85371771106e-08	1.09391322327e-07	0.209153482671
NHLF_Lung_Fibroblast_Primary_Cells__H3K27ac	5.99061333744e-08	7.41660425298e-08	0.209623030933
Pancreatic_Islets__H3K27ac	1.11317984617e-07	1.39482830873e-07	0.212413017387
Fetal_Adrenal_Gland__H3K36me3	3.10486840149e-08	3.95654001978e-08	0.216302035358
Primary_T_killer_naive_cells_from_peripheral_blood__H3K9ac	1.31615836933e-07	1.69710260108e-07	0.219012508937
Ganglion_Eminence_derived_primary_cultured_neurospheres__H3K4me1	5.3480834028e-08	6.92446972572e-08	0.21995489597
Pancreas__H3K27ac	9.90728394708e-08	1.30101717553e-07	0.223178363922
Stomach_ENTEX__H3K4me3	9.52339346194e-08	1.27498571388e-07	0.22754953055
Fetal_Muscle_Trunk__H3K36me3	4.12627178534e-08	5.57124039179e-08	0.229456510761
Pancreas__H3K4me1	4.21231486715e-08	5.78171204015e-08	0.233135916859
Brain_Dorsolateral_Prefrontal_Cortex__H3K4me3	1.25525487819e-07	1.74327247755e-07	0.235745069314
SI-Term-Ileum_ENTEX__H3K4me1	4.89946055837e-08	6.80734646582e-08	0.235845214695
Stomach_Mucosa__H3K9ac	9.13141495678e-08	1.27190813872e-07	0.236400106829
NHDF-Ad_Adult_Dermal_Fibroblast_Primary_Cells__H3K9ac	1.19164941093e-07	1.66076817471e-07	0.236523859092
Right_Atrium__H3K4me3	1.35935269193e-07	1.91928653158e-07	0.239392098087
NHDF-Ad_Adult_Dermal_Fibroblast_Primary_Cells__H3K27ac	6.94744549044e-08	9.81491686696e-08	0.239520579821
liver_ENTEX__H3K27ac	2.33054899245e-08	3.33350193373e-08	0.242235603408
Colon-Sigm_ENTEX__H3K4me1	1.5302458571e-07	2.18986790346e-07	0.242343342727
Skeletal_Muscle_Female__H3K36me3	3.72121845318e-08	5.34169046665e-08	0.243015042246
Liver__H3K27ac	2.78218653264e-08	4.01506847083e-08	0.244174776314
Fetal_Muscle_Leg__H3K36me3	3.53384571041e-08	5.18554529514e-08	0.247783890359
Fetal_Muscle_Leg__H3K27ac	3.61083883883e-08	5.33805914031e-08	0.249382916534
Ovary__H3K27ac	4.9717013246e-08	7.39847848677e-08	0.250795127371
Brain_Inferior_Temporal_Lobe__H3K36me3	4.74859388939e-08	7.0981807249e-08	0.251751738836
Fetal_Stomach__H3K36me3	2.59635896155e-08	3.93353955274e-08	0.254608736305
Fetal_Thymus__H3K36me3	2.17438043318e-08	3.2963477001e-08	0.254744616749
Breast_Myoepithelial_Primary_Cells__H3K4me1	2.36521073692e-08	3.60146654567e-08	0.255675519391
Pancreatic_Islets__H3K36me3	6.77267536475e-08	1.05973456798e-07	0.261381648787
Foreskin_Melanocyte_Primary_Cells_skin01__H3K4me1	6.26124273695e-08	9.85388085439e-08	0.26258091087
Primary_T_helper_naive_cells_from_peripheral_blood_1__H3K36me3	3.81224223526e-08	6.04478954745e-08	0.264129521878
Rectal_Smooth_Muscle__H3K4me3	1.05766237804e-07	1.68443484443e-07	0.265033609418
Skeletal_Muscle_Male__H3K9ac	4.04098049996e-08	6.51970970424e-08	0.26769148108
Osteoblast_Primary_Cells__H3K4me1	2.32340547425e-08	3.7607332389e-08	0.2683514461
Colonic_Mucosa__H3K4me1	5.51116817283e-08	8.92055553348e-08	0.268351782406
Primary_B_cells_from_peripheral_blood__DNase	6.18781358429e-08	1.02206594968e-07	0.272449270666
Colon_Smooth_Muscle__H3K4me3	8.30627632148e-08	1.40644827713e-07	0.277399169201
Primary_T_helper_naive_cells_from_peripheral_blood__H3K9ac	7.09695119595e-08	1.2125646318e-07	0.279178263274
Primary_B_cells_from_cord_blood__H3K4me1	2.72309354199e-08	4.73533013072e-08	0.282625745369
Placenta_Amnion__H3K36me3	3.66174759081e-08	6.37456364068e-08	0.282838057018
Placenta_Amnion__H3K4me3	1.51411721151e-07	2.67807752978e-07	0.285909473321
Fetal_Brain_Male__DNase	5.79586884552e-08	1.0356335628e-07	0.287860888005
NHDF-Ad_Adult_Dermal_Fibroblast_Primary_Cells__DNase	6.48906535001e-08	1.16738519952e-07	0.289152170218
Foreskin_Fibroblast_Primary_Cells_skin01__H3K4me1	2.2257006641e-08	4.01439575272e-08	0.289642365666
Colon_Smooth_Muscle__H3K36me3	3.75835166479e-08	6.8461801799e-08	0.291512811897
Foreskin_Melanocyte_Primary_Cells_skin03__H3K36me3	1.65904738262e-08	3.02887001898e-08	0.291933620594
Nerve-Tibial_ENTEX__H3K4me3	1.065495101e-07	1.97548389583e-07	0.294819568405
Primary_T_helper_naive_cells_from_peripheral_blood_2__H3K36me3	2.98768848855e-08	5.58253710315e-08	0.296261069812
Esophagus__H3K27ac	3.48704349371e-08	6.55455004632e-08	0.297361789501
Heart-LV_ENTEX__H3K4me3	7.72956332849e-08	1.48451078132e-07	0.301294559045
Primary_hematopoietic_stem_cells_G-CSF-mobilized_Female__H3K27ac	3.24203209972e-08	6.41776003309e-08	0.306721237238
Left_Ventricle__H3K4me1	2.89632356089e-08	5.82291161623e-08	0.309453059455
NHLF_Lung_Fibroblast_Primary_Cells__H3K4me3	9.57584619649e-08	1.92601664478e-07	0.309529658957
Primary_monocytes_from_peripheral_blood__H3K4me1	1.66769624956e-08	3.3579163937e-08	0.309719301331
Foreskin_Keratinocyte_Primary_Cells_skin03__H3K4me1	2.02975078506e-08	4.11694601864e-08	0.310998021444
Colon_Smooth_Muscle__H3K9ac	6.35692063869e-08	1.29798535057e-07	0.312154388761
Fetal_Muscle_Leg__H3K4me3	1.10097474604e-07	2.27348517006e-07	0.314098055389
Liver__H3K36me3	1.72256077352e-08	3.58012033371e-08	0.315206348972
Fetal_Heart__H3K9ac	2.98262624323e-08	6.1991530778e-08	0.315210464687
Sigmoid_Colon__H3K4me3	1.15186007165e-07	2.39836437934e-07	0.315518063025
HMEC_Mammary_Epithelial_Primary_Cells__H3K9ac	5.27461484718e-08	1.11634844572e-07	0.318289175734
Fetal_Brain_Female__DNase	4.47012275355e-08	9.52911988721e-08	0.319498606452
Rectal_Mucosa_Donor_31__H3K9ac	4.61224325471e-08	9.96338500031e-08	0.321711104859
skeletal_muscle_ENTEX__H3K27ac	8.91305607583e-09	1.93291799775e-08	0.322356542438
Adrenal_gland_ENTEX__H3K36me3	2.33430972022e-08	5.07966387733e-08	0.322923147849
Primary_T_helper_naive_cells_from_peripheral_blood_2__H3K27ac	2.44763121678e-08	5.36150910434e-08	0.324008375953
Small_Intestine__H3K27ac	4.30854718869e-08	9.45639946499e-08	0.324330775043
Fetal_Heart__DNase	3.16247458331e-08	7.05387560065e-08	0.326956987457
Rectal_Mucosa_Donor_29__H3K4me1	3.50621418902e-08	7.87015961569e-08	0.327976563916
Esoph-Muscularis_ENTEX__H3K36me3	2.41427189289e-08	5.47613062752e-08	0.329652883497
Primary_hematopoietic_stem_cells_short_term_culture__H3K4me3	6.96827237014e-08	1.60146197474e-07	0.331737866874
Rectal_Mucosa_Donor_31__H3K4me1	2.26330107794e-08	5.21084770276e-08	0.33201928357
Skeletal_Muscle_Male__H3K4me3	4.85788864308e-08	1.1621907411e-07	0.33797571816
Ovary__DNase	3.83597774165e-08	9.18772243235e-08	0.338152238136
Skeletal_Muscle_Female__H3K4me1	1.52679448002e-08	3.7046016352e-08	0.340120388006
Primary_T_helper_cells_PMA-I_stimulated__H3K36me3	1.61204109049e-08	3.92083971569e-08	0.340482411239
Fetal_Brain_Male__H3K4me3	1.23875368047e-07	3.02302302065e-07	0.340986180268
Primary_monocytes_from_peripheral_blood__DNase	5.37738503378e-08	1.32288096603e-07	0.34219112955
Liver__H3K4me1	1.33309454586e-08	3.3955618841e-08	0.347307801524
Primary_T_killer_memory_cells_from_peripheral_blood__H3K36me3	2.90942924233e-08	7.46063966536e-08	0.348279187347
Fetal_Lung__H3K9ac	4.92616177629e-08	1.27346994407e-07	0.349441091432
Heart-LV_ENTEX__H3K36me3	2.26915703657e-08	5.92414363674e-08	0.350846738971
Foreskin_Keratinocyte_Primary_Cells_skin02__H3K4me1	2.39547636497e-08	6.45399396736e-08	0.355258491661
Vagina_ENTEX__H3K36me3	5.68060798754e-08	1.54470453465e-07	0.356530863667
Primary_T_helper_17_cells_PMA-I_stimulated__H3K36me3	1.82327088651e-08	4.98690269201e-08	0.35732735318
Foreskin_Keratinocyte_Primary_Cells_skin02__H3K4me3	5.63456548815e-08	1.58843483985e-07	0.361398045805
Esoph-GJ_ENTEX__H3K4me1	1.58408305871e-08	4.49791799851e-08	0.362351112502
Fetal_Intestine_Small__H3K4me3	6.04725573522e-08	1.76387306038e-07	0.365859558125
Stomach_ENTEX__H3K27ac	1.33513363213e-08	4.05760457594e-08	0.371060918126
Osteoblast_Primary_Cells__H3K27ac	1.51884192899e-08	4.63738131289e-08	0.371636754727
Esoph-GJ_ENTEX__H3K27ac	1.57055535884e-08	4.84699561135e-08	0.372958959586
Fetal_Adrenal_Gland__H3K4me1	1.29811485329e-08	4.06410153105e-08	0.374707797292
Right_Ventricle__H3K4me1	1.91211784311e-08	5.99716811949e-08	0.374925138659
Vagina_ENTEX__H3K27ac	1.62942145307e-08	5.1117415259e-08	0.374954054187
Brain_Angular_Gyrus__H3K36me3	2.90980382517e-08	9.24382766706e-08	0.376463044912
Ovary__H3K4me3	6.08088908177e-08	1.94249468104e-07	0.377123107778
Mammary_ENTEX__H3K36me3	1.47642182438e-08	4.73168706079e-08	0.377509383149
Ovary__H3K4me1	2.00237604791e-08	6.45323457165e-08	0.378170105986
Rectal_Smooth_Muscle__H3K36me3	3.18852139042e-08	1.0314234507e-07	0.37860829315
Brain_Cingulate_Gyrus__H3K36me3	2.39008795258e-08	7.89607346649e-08	0.381061830207
Fetal_Intestine_Large__H3K36me3	1.52276941447e-08	5.09022918604e-08	0.38241074876
Primary_T_helper_memory_cells_from_peripheral_blood_2__H3K36me3	2.34114344824e-08	7.98251487465e-08	0.384652562452
Lung_ENTEX__H3K4me1	1.23829301788e-08	4.23850732049e-08	0.385084787559
Primary_hematopoietic_stem_cells__H3K36me3	2.53043513844e-08	8.93432565011e-08	0.38850172128
Duodenum_Smooth_Muscle__H3K4me1	2.19159843648e-08	7.80361988253e-08	0.389415095132
Primary_hematopoietic_stem_cells_G-CSF-mobilized_Female__DNase	3.55840561324e-08	1.27935217855e-07	0.390451981651
Right_Ventricle__H3K4me3	4.86903397131e-08	1.75740386361e-07	0.390867654963
NHDF-Ad_Adult_Dermal_Fibroblast_Primary_Cells__H3K4me1	1.63874281709e-08	6.0058766777e-08	0.392481742066
SI-Term-Ileum_ENTEX__H3K36me3	3.09673487351e-08	1.16399064659e-07	0.395102409953
Prostate_ENTEX__H3K36me3	6.85587410246e-08	2.59111870684e-07	0.395662169921
Primary_B_cells_from_peripheral_blood__H3K27ac	1.72499011415e-08	6.93942181726e-08	0.401843473605
Stomach_ENTEX__H3K36me3	1.08097097509e-08	4.45098891254e-08	0.404056595298
Placenta__H3K36me3	1.31560094328e-08	5.4558755383e-08	0.404725357426
Primary_T_regulatory_cells_from_peripheral_blood__H3K36me3	9.29319284014e-09	3.97278706261e-08	0.407523060952
Foreskin_Fibroblast_Primary_Cells_skin01__DNase	2.53852394241e-08	1.11972885774e-07	0.410325088954
Testis_ENTEX__H3K27ac	7.78130311908e-09	3.56488353031e-08	0.41360684034
Primary_hematopoietic_stem_cells_G-CSF-mobilized_Male__DNase	3.57452725333e-08	1.66782754883e-07	0.415147843761
Psoas_Muscle__H3K4me1	1.65601184357e-08	7.73742975444e-08	0.415263355506
Spleen_ENTEX__H3K4me1	2.53782588042e-08	1.21756318694e-07	0.41744472764
Thyroid_gland_ENTEX__H3K4me3	2.66790718973e-08	1.30825470492e-07	0.419204597214
Spleen__H3K27ac	1.38380476009e-08	6.93537520232e-08	0.42092469003
Spleen__H3K36me3	1.20791629199e-08	6.30755046087e-08	0.424065674767
Skeletal_Muscle_Male__H3K36me3	1.1510144201e-08	6.04886882133e-08	0.424542552766
Gastric__DNase	3.41417954622e-08	1.81952340695e-07	0.425578877481
Esoph-Muscularis_ENTEX__H3K27ac	9.51450109451e-09	5.07913180694e-08	0.425702776798
Brain_Hippocampus_Middle__H3K36me3	1.14012086404e-08	6.15016023999e-08	0.426465231943
Foreskin_Fibroblast_Primary_Cells_skin02__DNase	2.28570960317e-08	1.2606537935e-07	0.428061561746
Primary_T_helper_memory_cells_from_peripheral_blood_1__H3K36me3	1.03146027495e-08	5.76151621904e-08	0.428958706434
Foreskin_Melanocyte_Primary_Cells_skin03__H3K27ac	9.06559074639e-09	5.08720935888e-08	0.429281537208
Foreskin_Melanocyte_Primary_Cells_skin01__DNase	1.27217403766e-08	7.16554537428e-08	0.429541953848
Ganglion_Eminence_derived_primary_cultured_neurospheres__H3K36me3	1.02497049185e-08	5.79793203855e-08	0.429839782287
Lung_ENTEX__H3K36me3	8.22440164147e-09	4.73678728168e-08	0.431078808013
Primary_T_helper_cells_from_peripheral_blood__H3K36me3	6.36322928501e-09	3.71910948962e-08	0.432074333833
Cortex_derived_primary_cultured_neurospheres__H3K4me1	7.99181222944e-09	5.01342957734e-08	0.436673683568
Small_Intestine__H3K4me1	1.37487412011e-08	8.7699494596e-08	0.437712647648
Liver__H3K4me3	1.11747036449e-08	7.41156394485e-08	0.440077039771
Primary_T_helper_memory_cells_from_peripheral_blood_2__H3K4me3	2.33473373208e-08	1.60975933484e-07	0.442341146136
Fetal_Adrenal_Gland__H3K27ac	6.44607328853e-09	4.46839533218e-08	0.442647880415
HMEC_Mammary_Epithelial_Primary_Cells__H3K27ac	8.8523992096e-09	6.17237275683e-08	0.442979358129
Primary_T_helper_cells_from_peripheral_blood__H3K27ac	9.90822102344e-09	7.00007793893e-08	0.443719928218
Sigmoid_Colon__H3K27ac	1.08936120432e-08	7.83324110226e-08	0.444697802321
Fetal_Kidney__H3K4me3	2.58988027512e-08	2.12434084181e-07	0.451483351818
NHEK-Epidermal_Keratinocyte_Primary_Cells__H3K4me3	1.48840812138e-08	1.22106907709e-07	0.451491542755
Foreskin_Melanocyte_Primary_Cells_skin03__H3K4me3	1.8589979351e-08	1.62796506676e-07	0.454542989913
Cortex_derived_primary_cultured_neurospheres__H3K36me3	6.9923444131e-09	6.30943095095e-08	0.455878078229
Right_Ventricle__H3K36me3	7.63909366227e-09	6.98467970721e-08	0.456454800666
Primary_mononuclear_cells_from_peripheral_blood__H3K36me3	5.85592218671e-09	5.73108102613e-08	0.459307568761
Primary_T_cells_from_peripheral_blood__H3K36me3	4.19167348083e-09	4.23728687411e-08	0.460599495691
Aorta__H3K4me3	2.2053881858e-08	2.27896503809e-07	0.461453936814
Skeletal_Muscle_Male__H3K4me1	3.96218314968e-09	4.27827264582e-08	0.463106004521
Colon-TV_ENTEX__H3K36me3	5.48523587972e-09	6.3534786848e-08	0.465600308052
Primary_hematopoietic_stem_cells_short_term_culture__H3K36me3	2.88653697517e-09	3.65344192418e-08	0.468512851488
Colon-TV_ENTEX__H3K4me1	8.76527768815e-09	1.15891366535e-07	0.469855314301
Rectal_Mucosa_Donor_31__H3K27ac	4.28444282285e-09	5.90407667064e-08	0.471075131499
Adrenal_gland_ENTEX__H3K4me1	3.39345651444e-09	4.79861231348e-08	0.471811314177
Adrenal_gland_ENTEX__H3K4me3	7.77782979766e-09	1.17790113433e-07	0.473676468288
Esoph-Mucosa_ENTEX__H3K4me1	2.81018257122e-09	4.7916264537e-08	0.476616326356
Placenta__H3K4me1	2.3642534742e-09	4.13192960146e-08	0.477185326503
Breast_variant_Human_Mammary_Epithelial_Cells_(vHMEC)__H3K4me1	2.29898594231e-09	4.76918860928e-08	0.48077644462
Sigmoid_Colon__H3K4me1	5.95289693316e-09	1.33537511576e-07	0.482221655069
Primary_hematopoietic_stem_cells__H3K4me3	5.93952697802e-09	2.22734675588e-07	0.489362915164
Fetal_Lung__H3K36me3	4.82301245881e-10	5.3613623538e-08	0.496411215078
Pancreatic_Islets__H3K9ac	1.73212623548e-09	2.27687358616e-07	0.496965085241
Primary_T_cells_from_cord_blood__H3K36me3	2.41091821131e-10	8.2023078391e-08	0.498827383899
Fetal_Intestine_Large__H3K4me3	3.84066231469e-10	1.87415239311e-07	0.499182456285
NHEK-Epidermal_Keratinocyte_Primary_Cells__H3K9ac	-9.46846000157e-10	8.62469960681e-08	0.504379622853
Osteoblast_Primary_Cells__H3K36me3	-9.9841713555e-10	4.01830437266e-08	0.509911390283
Primary_hematopoietic_stem_cells_G-CSF-mobilized_Female__H3K36me3	-1.07193706543e-09	3.91044882013e-08	0.510934485691
Spleen_ENTEX__H3K36me3	-9.04809588091e-10	3.2289558867e-08	0.511177593595
Psoas_Muscle__H3K4me3	-7.28005526071e-09	2.32441356466e-07	0.512492815966
Colon-Sigm_ENTEX__H3K27ac	-1.71111110686e-09	5.35220553313e-08	0.512752094337
Foreskin_Fibroblast_Primary_Cells_skin02__H3K36me3	-1.46875249301e-09	4.57974175671e-08	0.512792141388
NHLF_Lung_Fibroblast_Primary_Cells__H3K9ac	-6.81057344084e-09	1.71897653894e-07	0.515801931953
Breast_Myoepithelial_Primary_Cells__H3K4me3	-6.11166077564e-09	1.31913313774e-07	0.518476739089
Primary_hematopoietic_stem_cells_G-CSF-mobilized_Female__H3K4me3	-8.67076587554e-09	1.53770128365e-07	0.522483579336
Fetal_Stomach__H3K4me3	-1.65965356005e-08	2.64137959483e-07	0.525050188669
Primary_B_cells_from_cord_blood__H3K36me3	-9.00864312074e-09	1.35740347823e-07	0.526457071614
NHEK-Epidermal_Keratinocyte_Primary_Cells__H3K4me1	-2.74217631461e-09	4.06334929878e-08	0.526902443755
Foreskin_Melanocyte_Primary_Cells_skin01__H3K27ac	-9.0915968601e-09	1.33545780485e-07	0.527138428743
Rectal_Smooth_Muscle__H3K9ac	-1.43828712311e-08	2.06869772484e-07	0.527714614692
Heart-Atrial_ENTEX__H3K36me3	-4.94417523085e-09	5.14512733707e-08	0.538277169589
Pancreas_ENTEX__H3K4me1	-2.81774799496e-09	2.77771759395e-08	0.540399854363
Right_Ventricle__H3K27ac	-5.69837929368e-09	5.56969445759e-08	0.540744868325
Primary_T_killer_naive_cells_from_peripheral_blood__H3K36me3	-8.09191851097e-09	7.38872268632e-08	0.543603840093
HMEC_Mammary_Epithelial_Primary_Cells__H3K4me1	-5.61118253984e-09	5.04494911394e-08	0.544280548114
Foreskin_Melanocyte_Primary_Cells_skin01__H3K36me3	-9.80173626686e-09	8.53397025781e-08	0.545720180832
Fetal_Thymus__H3K27ac	-5.56364004952e-09	4.81941483602e-08	0.545952696742
Pancreatic_Islets__H3K4me3	-2.3065227745e-08	1.99052009341e-07	0.546124346967
Mammary_ENTEX__H3K4me3	-1.26520831872e-08	1.03368921672e-07	0.548707835659
Right_Atrium__H3K36me3	-1.30103506429e-08	1.04158651888e-07	0.549702194253
Thyroid_gland_ENTEX__H3K27ac	-3.62508928739e-09	2.81141738036e-08	0.551298108799
Spleen_ENTEX__H3K4me3	-7.76455697777e-09	5.58203548498e-08	0.555314050967
NHLF_Lung_Fibroblast_Primary_Cells__DNase	-1.55934861235e-08	1.10673388836e-07	0.556024121412
Small_Intestine__DNase	-1.37131567599e-08	9.60074367138e-08	0.556789483503
Primary_T_cells_effector_memory_enriched_from_peripheral_blood__H3K36me3	-8.75362217498e-09	5.83244160164e-08	0.55965123776
Colonic_Mucosa__H3K36me3	-1.36351697174e-08	8.76650701628e-08	0.561801041083
Esophagus__H3K36me3	-1.14357681245e-08	7.28551296485e-08	0.562364123089
Fetal_Heart__H3K4me3	-1.53845182663e-08	9.43099144757e-08	0.564790882919
Primary_T_helper_memory_cells_from_peripheral_blood_2__H3K27ac	-1.15441847314e-08	6.6210896342e-08	0.569206665771
Primary_T_killer_naive_cells_from_peripheral_blood__H3K4me3	-3.12469150459e-08	1.76282263467e-07	0.570345957519
Primary_Natural_Killer_cells_from_peripheral_blood__H3K4me3	-3.77298911507e-08	2.01990130929e-07	0.574087656168
Stomach_Smooth_Muscle__H3K36me3	-1.24805888608e-08	6.67693276013e-08	0.574138709456
Primary_hematopoietic_stem_cells_G-CSF-mobilized_Male__H3K36me3	-7.1222947198e-09	3.67573512047e-08	0.576820123147
Foreskin_Keratinocyte_Primary_Cells_skin03__H3K4me3	-2.45850851355e-08	1.26852966972e-07	0.576836781595
Placenta_Amnion__H3K4me1	-9.43009125213e-09	4.84348757607e-08	0.577184646889
Skeletal_Muscle_Female__H3K4me3	-2.29664962238e-08	1.11220239063e-07	0.581798121175
Duodenum_Smooth_Muscle__H3K4me3	-1.52792692314e-08	7.35250529127e-08	0.582311486506
Spleen__H3K4me3	-2.61387540844e-08	1.22167718103e-07	0.58471007418
Psoas_Muscle__H3K36me3	-2.26629681029e-08	1.05073121039e-07	0.585384361806
Skin_tissue_ENTEX__H3K4me3	-3.74010083498e-08	1.65774611695e-07	0.589249022178
Primary_T_helper_naive_cells_from_peripheral_blood_2__H3K4me1	-8.50156576342e-09	3.7056081044e-08	0.59073042768
Brain_Angular_Gyrus__H3K4me3	-3.43752122608e-08	1.49817841451e-07	0.59073913623
Brain_Substantia_Nigra__H3K36me3	-2.76626854786e-08	1.13356289582e-07	0.596397403338
Foreskin_Keratinocyte_Primary_Cells_skin03__H3K27ac	-1.26372613126e-08	5.11581263222e-08	0.597554995748
Rectal_Mucosa_Donor_29__H3K4me3	-3.07544167506e-08	1.22511119966e-07	0.599105963382
Nerve-Tibial_ENTEX__H3K4me1	-1.17145470629e-08	4.39939199454e-08	0.604986865214
Esoph-Mucosa_ENTEX__H3K27ac	-1.65004338862e-08	5.91927769964e-08	0.609784555675
Fetal_Thymus__H3K4me3	-3.60412157742e-08	1.28731708774e-07	0.610250333122
Primary_mononuclear_cells_from_peripheral_blood__H3K4me1	-3.33025412771e-08	1.15416794351e-07	0.613533886814
Brain_Dorsolateral_Prefrontal_Cortex__H3K36me3	-2.24631556767e-08	7.72044824647e-08	0.61445775351
Primary_T_helper_naive_cells_from_peripheral_blood_2__H3K4me3	-3.78286213961e-08	1.26706697995e-07	0.61735930369
Left_Ventricle__H3K27ac	-1.24694089984e-08	4.16589101193e-08	0.617652638276
Pancreatic_Islets__H3K4me1	-1.5231650493e-08	4.93831365219e-08	0.621125577384
skeletal_muscle_ENTEX__H3K4me3	-1.94371841302e-08	6.22978191297e-08	0.622481352045
Mammary_ENTEX__H3K27ac	-1.40599849791e-08	4.47190280175e-08	0.623394110832
Primary_T_helper_cells_PMA-I_stimulated__H3K4me3	-3.03474890087e-08	9.13070520207e-08	0.630194080458
Primary_hematopoietic_stem_cells_short_term_culture__H3K4me1	-1.55914263112e-08	4.66860574121e-08	0.630796345523
Skeletal_Muscle_Female__H3K9ac	-3.19739659296e-08	9.45328485889e-08	0.632405545487
Brain_Cingulate_Gyrus__H3K4me3	-4.38774418273e-08	1.29651595472e-07	0.632478823843
Primary_T_helper_naive_cells_from_peripheral_blood_1__H3K4me3	-5.61865546226e-08	1.64466799412e-07	0.633684776574
Duodenum_Mucosa__H3K4me1	-2.12218416863e-08	6.16545813649e-08	0.634654100485
Colon-TV_ENTEX__H3K27ac	-1.39474206902e-08	4.04307509917e-08	0.634941765764
Foreskin_Fibroblast_Primary_Cells_skin01__H3K36me3	-1.22551950378e-08	3.51192718986e-08	0.636440051449
Primary_T_cells_from_peripheral_blood__H3K4me3	-5.42195297423e-08	1.55303471911e-07	0.636500344453
Thymus__H3K27ac	-3.19890471573e-08	9.12374102811e-08	0.637060751726
Primary_monocytes_from_peripheral_blood__H3K36me3	-1.14775251852e-08	3.2676938813e-08	0.63729673422
Nerve-Tibial_ENTEX__H3K36me3	-1.97223907472e-08	5.61130063465e-08	0.637384467816
Brain_Hippocampus_Middle__H3K4me3	-3.96757259578e-08	1.11086940536e-07	0.639513696661
Colonic_Mucosa__H3K9ac	-5.24386268972e-08	1.44185583913e-07	0.641954653438
Psoas_Muscle__H3K27ac	-2.37767031342e-08	6.48118488079e-08	0.643137286988
Brain_Anterior_Caudate__H3K36me3	-2.72852410303e-08	7.13036317303e-08	0.649015067003
Left_Ventricle__H3K4me3	-8.53324601027e-08	2.21590468676e-07	0.649914943488
Esoph-Mucosa_ENTEX__H3K36me3	-2.47293891404e-08	6.42024056757e-08	0.64994743065
Foreskin_Keratinocyte_Primary_Cells_skin03__H3K36me3	-1.12296287078e-08	2.90671618392e-08	0.650375285049
Lung_ENTEX__H3K4me3	-7.93660075428e-08	2.02740174471e-07	0.652273815302
Foreskin_Melanocyte_Primary_Cells_skin03__H3K4me1	-1.19253626337e-08	2.97851195188e-08	0.65556163012
Adipose_Nuclei__H3K9ac	-4.35147386024e-08	1.0819907939e-07	0.65622161114
Primary_T_helper_cells_PMA-I_stimulated__H3K27ac	-1.59747199146e-08	3.93925276216e-08	0.657454784845
Esoph-Mucosa_ENTEX__H3K4me3	-4.89295787986e-08	1.14764856294e-07	0.665072259577
Primary_hematopoietic_stem_cells_G-CSF-mobilized_Female__H3K4me1	-1.48617076653e-08	3.41036875576e-08	0.668501850749
Right_Atrium__H3K4me1	-3.28830506151e-08	7.48284557632e-08	0.669830726772
Primary_B_cells_from_peripheral_blood__H3K4me3	-8.30706228173e-08	1.88191935265e-07	0.67054347622
HMEC_Mammary_Epithelial_Primary_Cells__H3K36me3	-3.67653848143e-08	8.31273262062e-08	0.670855963563
Ovary_ENTEX__H3K36me3	-7.00723376378e-08	1.57746803271e-07	0.671553771035
Fetal_Kidney__H3K9ac	-9.72227549115e-08	2.16386161013e-07	0.673393125714
Placenta__DNase	-3.60994109405e-08	7.88746880154e-08	0.676409019762
Primary_T_cells_from_cord_blood__H3K4me3	-7.996105268e-08	1.73972452949e-07	0.67710515672
Placenta__H3K27ac	-1.74208349078e-08	3.74931328688e-08	0.678905603858
Primary_B_cells_from_peripheral_blood__H3K36me3	-1.41979702354e-08	3.05489463571e-08	0.678948823663
NHEK-Epidermal_Keratinocyte_Primary_Cells__H3K36me3	-2.62437410396e-08	5.53859225823e-08	0.682190906715
Testis_ENTEX__H3K36me3	-9.24608917952e-08	1.94398251471e-07	0.68282962877
Skeletal_Muscle_Female__H3K27ac	-2.04017721511e-08	4.27706745996e-08	0.683320274151
Pancreas__DNase	-6.40494401251e-08	1.3347286558e-07	0.684339592978
Thyroid_gland_ENTEX__H3K4me1	-1.43100664849e-08	2.96832340805e-08	0.685129904709
Stomach_Mucosa__H3K36me3	-6.38617478643e-08	1.31166318684e-07	0.686826937427
Primary_T_killer_memory_cells_from_peripheral_blood__H3K27ac	-4.15797637847e-08	8.38064515253e-08	0.690102310404
Adrenal_gland_ENTEX__H3K27ac	-1.73834167525e-08	3.50006372457e-08	0.69028558545
Rectal_Mucosa_Donor_29__H3K27ac	-3.56134278623e-08	6.75462829212e-08	0.70098820656
Primary_T_helper_cells_from_peripheral_blood__H3K4me1	-1.984393946e-08	3.76096018706e-08	0.701121780292
Aorta__H3K27ac	-3.37396578384e-08	6.29222701302e-08	0.704093878075
Primary_T_helper_cells_from_peripheral_blood__H3K4me3	-7.7458561744e-08	1.43263879531e-07	0.705632662516
Primary_T_killer_naive_cells_from_peripheral_blood__H3K27ac	-5.35469010848e-08	9.83464852234e-08	0.706941621903
Primary_T_helper_naive_cells_from_peripheral_blood_1__H3K27ac	-5.73721916664e-08	1.01465667665e-07	0.714110876703
NHEK-Epidermal_Keratinocyte_Primary_Cells__H3K27ac	-3.02397266113e-08	5.31760897759e-08	0.715210453011
Primary_hematopoietic_stem_cells_G-CSF-mobilized_Male__H3K4me1	-2.17481823079e-08	3.79823455814e-08	0.71653768431
Duodenum_Mucosa__H3K9ac	-7.58123933181e-08	1.31738381055e-07	0.71751559081
Primary_T_cells_from_cord_blood__H3K4me1	-3.65098936499e-08	6.27211721137e-08	0.719749797066
Placenta_Amnion__H3K27ac	-5.98455678223e-08	1.0254904739e-07	0.720248523139
Psoas_Muscle__DNase	-5.23364658541e-08	8.95836187204e-08	0.720463561444
Aorta__H3K4me1	-6.58704310216e-08	1.09444894934e-07	0.726366110573
Colon-TV_ENTEX__H3K4me3	-7.93791351293e-08	1.30411090646e-07	0.728633019517
Primary_Natural_Killer_cells_from_peripheral_blood__H3K36me3	-2.69230162135e-08	4.33028497785e-08	0.732942836283
Brain_Anterior_Caudate__H3K4me3	-7.02074734762e-08	1.12340007571e-07	0.73399977374
Small_Intestine__H3K4me3	-1.53341356461e-07	2.42266027257e-07	0.736615605188
Duodenum_Mucosa__H3K36me3	-3.94399110867e-08	6.17830383167e-08	0.738380796515
Adipose_Nuclei__H3K27ac	-2.16058696029e-08	3.36630222108e-08	0.739507560392
Brain_Inferior_Temporal_Lobe__H3K4me3	-8.59296414769e-08	1.33667071839e-07	0.739843564939
Primary_T_cells_from_peripheral_blood__H3K27ac	-3.85028578377e-08	5.96718804635e-08	0.740615108828
Heart-LV_ENTEX__H3K27ac	-2.6314729553e-08	3.86037826986e-08	0.75227363173
Primary_T_cells_effector_memory_enriched_from_peripheral_blood__H3K4me3	-1.00147061541e-07	1.45476678448e-07	0.754401520304
Brain_Inferior_Temporal_Lobe__H3K9ac	-6.05916313572e-08	8.7968183183e-08	0.754522379912
Primary_hematopoietic_stem_cells_G-CSF-mobilized_Male__H3K4me3	-6.94425293764e-08	9.99151089995e-08	0.756477143121
Primary_T_helper_memory_cells_from_peripheral_blood_1__H3K4me3	-9.87039449548e-08	1.39730260912e-07	0.760026927304
Fetal_Kidney__H3K4me1	-9.08822625103e-08	1.23603050118e-07	0.76891405824
Primary_T_helper_cells_PMA-I_stimulated__H3K4me1	-2.40118087874e-08	3.21828900653e-08	0.772197945312
Artery-Tibial_ENTEX__H3K4me1	-9.22285583814e-08	1.23114879035e-07	0.773109370955
Fetal_Adrenal_Gland__DNase	-9.59586189301e-08	1.2645154262e-07	0.776030902289
SI-Term-Ileum_ENTEX__H3K4me3	-8.60382937252e-08	1.13375958653e-07	0.776036630803
Thymus__H3K4me3	-1.13783640751e-07	1.4461026561e-07	0.78430919498
Primary_mononuclear_cells_from_peripheral_blood__H3K4me3	-1.53513094012e-07	1.93044458789e-07	0.786757651132
Primary_mononuclear_cells_from_peripheral_blood__H3K27ac	-1.07064304406e-07	1.32201331797e-07	0.790989099571
Esoph-Muscularis_ENTEX__H3K4me1	-3.22672775563e-08	3.97661347163e-08	0.79143947738
Primary_T_cells_effector_memory_enriched_from_peripheral_blood__H3K27ac	-5.28414483535e-08	6.46070603876e-08	0.793289909981
Pancreas_ENTEX__H3K4me3	-1.05817882786e-07	1.28165023397e-07	0.795495195664
Rectal_Mucosa_Donor_29__H3K9ac	-1.21871102984e-07	1.47534706302e-07	0.795612248539
Brain_Substantia_Nigra__H3K4me1	-3.15602552906e-08	3.7766219987e-08	0.798330890445
Brain_Angular_Gyrus__H3K9ac	-8.46941470358e-08	1.00772282342e-07	0.799672166594
Rectal_Mucosa_Donor_31__H3K36me3	-5.04645362141e-08	5.91818934109e-08	0.8030877905
Lung__H3K4me3	-1.80739617721e-07	2.11234935633e-07	0.80389964189
Esoph-GJ_ENTEX__H3K4me3	-1.20433028966e-07	1.40304774131e-07	0.804655158635
Spleen__H3K4me1	-4.25216433086e-08	4.85051832616e-08	0.809659230158
Primary_T_killer_memory_cells_from_peripheral_blood__H3K4me3	-1.34539075252e-07	1.52468083678e-07	0.811221927207
Primary_Natural_Killer_cells_from_peripheral_blood__H3K27ac	-5.84652645155e-08	6.59946525423e-08	0.81216674919
Brain_Substantia_Nigra__H3K4me3	-1.17570629415e-07	1.3210999179e-07	0.813252295975
Breast_variant_Human_Mammary_Epithelial_Cells_(vHMEC)__H3K4me3	-1.73819225523e-07	1.9395190591e-07	0.814926371629
Fetal_Thymus__DNase	-7.32235091711e-08	7.96412910016e-08	0.821061093117
Gastric__H3K4me3	-1.89596700204e-07	2.0197492712e-07	0.826061209002
Primary_T_helper_memory_cells_from_peripheral_blood_1__H3K27ac	-6.05606560312e-08	6.38672525116e-08	0.828493058745
Colonic_Mucosa__H3K27ac	-7.41014664168e-08	7.78723632713e-08	0.829343952979
Esophagus__H3K4me3	-1.9651532292e-07	2.05563741279e-07	0.830459441909
Duodenum_Smooth_Muscle__H3K36me3	-6.3955868489e-08	6.67340946002e-08	0.831061567479
Brain_Dorsolateral_Prefrontal_Cortex__H3K27ac	-5.18600201668e-08	5.40483468306e-08	0.831349481223
Heart-Atrial_ENTEX__H3K27ac	-3.16215264429e-08	3.27958571458e-08	0.832525341205
Fetal_Lung__H3K4me3	-1.64559733309e-07	1.70641996625e-07	0.832566409944
Brain_Cingulate_Gyrus__H3K9ac	-1.16346863946e-07	1.17748809633e-07	0.838446634037
Thyroid_gland_ENTEX__H3K36me3	-3.7073043327e-08	3.73342596406e-08	0.839645828818
Rectal_Mucosa_Donor_31__H3K4me3	-1.36087142353e-07	1.35419124799e-07	0.842535434679
Foreskin_Keratinocyte_Primary_Cells_skin02__H3K36me3	-5.10185925442e-08	5.04469280262e-08	0.844071222075
Artery-Tibial_ENTEX__H3K36me3	-5.1109329451e-08	5.04512005931e-08	0.844480633038
Primary_B_cells_from_peripheral_blood__H3K4me1	-3.66009631401e-08	3.6126411897e-08	0.84450236248
Brain_Inferior_Temporal_Lobe__H3K4me1	-5.800404774e-08	5.72463743262e-08	0.844526110411
Primary_T_helper_naive_cells_from_peripheral_blood_1__H3K4me1	-4.38896829588e-08	4.3101585858e-08	0.845728647762
Heart-LV_ENTEX__H3K4me1	-5.93974204954e-08	5.83269433701e-08	0.845744896372
Right_Atrium__H3K27ac	-6.15051400296e-08	5.98980840133e-08	0.847749702166
Aorta__H3K36me3	-1.86308719411e-07	1.78549498459e-07	0.851631650985
Primary_hematopoietic_stem_cells__H3K4me1	-8.83467890182e-08	8.28244970362e-08	0.856940604474
Brain_Inferior_Temporal_Lobe__H3K27ac	-3.90154011857e-08	3.61886760902e-08	0.859507835468
Breast_variant_Human_Mammary_Epithelial_Cells_(vHMEC)__H3K36me3	-3.76900903735e-08	3.44858294863e-08	0.862784503068
Stomach_Mucosa__H3K4me3	-1.88833470241e-07	1.72371321568e-07	0.863352050395
Pancreas__H3K4me3	-2.29926138678e-07	2.08885894019e-07	0.864492040854
Gastric__H3K36me3	-7.84020102582e-08	7.0861833542e-08	0.865724745286
Primary_T_helper_memory_cells_from_peripheral_blood_1__H3K4me1	-4.19878198509e-08	3.78625209016e-08	0.866275133931
Primary_T_helper_17_cells_PMA-I_stimulated__H3K4me3	-1.07497945237e-07	9.6212811502e-08	0.868065564952
Thymus__H3K4me1	-7.06325746382e-08	6.31343964287e-08	0.868379869613
Brain_Anterior_Caudate__H3K4me1	-5.07569816134e-08	4.49256484134e-08	0.870719671005
Brain_Dorsolateral_Prefrontal_Cortex__H3K4me1	-6.53351799572e-08	5.53180253762e-08	0.88121512583
Brain_Dorsolateral_Prefrontal_Cortex__H3K9ac	-1.8228562609e-07	1.53588778122e-07	0.882355042999
Rectal_Mucosa_Donor_29__H3K36me3	-7.90319468591e-08	6.59529827597e-08	0.884601315319
Brain_Cingulate_Gyrus__H3K4me1	-5.19101074982e-08	4.28324164799e-08	0.887231381105
NHLF_Lung_Fibroblast_Primary_Cells__H3K36me3	-1.13989994579e-07	9.40034715095e-08	0.887361423461
Aorta_ENTEX__H3K27ac	-3.08781062215e-08	2.49738315536e-08	0.891848470136
Nerve-Tibial_ENTEX__H3K27ac	-3.81574614412e-08	3.07395280651e-08	0.892755442335
Primary_T_cells_from_peripheral_blood__DNase	-1.20024133512e-07	9.63068405198e-08	0.893666989103
Brain_Anterior_Caudate__H3K27ac	-5.27398360244e-08	4.19509432376e-08	0.895655548968
Adipose_Nuclei__H3K4me3	-1.07342752922e-07	8.5195868984e-08	0.896156761167
Adipose_Nuclei__H3K36me3	-6.67004289243e-08	5.24722171168e-08	0.898163609294
Aorta_ENTEX__H3K4me1	-3.13209075928e-08	2.45492724397e-08	0.898993697407
Brain_Anterior_Caudate__H3K9ac	-1.07963800266e-07	8.44256132305e-08	0.899516933232
Sigmoid_Colon__H3K36me3	-1.05894724722e-07	8.26494676534e-08	0.899947265818
Fetal_Thymus__H3K4me1	-4.27563216555e-08	3.33531294644e-08	0.900066106102
Spleen_ENTEX__H3K27ac	-4.14922542149e-08	3.1568169012e-08	0.905639138995
HMEC_Mammary_Epithelial_Primary_Cells__DNase	-1.36730778569e-07	1.02551126781e-07	0.908782291517
Brain_Cingulate_Gyrus__H3K27ac	-5.38240360248e-08	4.03571872034e-08	0.908847503048
Primary_T_killer_naive_cells_from_peripheral_blood__H3K4me1	-5.13206762632e-08	3.82156898387e-08	0.910351323177
Esoph-Muscularis_ENTEX__H3K4me3	-2.18209816783e-07	1.61257637096e-07	0.912000148588
Pancreas__H3K36me3	-1.07067711949e-07	7.89340625915e-08	0.912517154444
Primary_T_regulatory_cells_from_peripheral_blood__H3K4me3	-1.41528022546e-07	1.04085563515e-07	0.913041943434
Primary_T_helper_17_cells_PMA-I_stimulated__H3K27ac	-8.94901649552e-08	6.45568901928e-08	0.91716039817
Brain_Hippocampus_Middle__H3K4me1	-4.62256866268e-08	3.33272547942e-08	0.917282706185
Brain_Substantia_Nigra__H3K27ac	-4.9019399318e-08	3.5027683653e-08	0.91916056295
Brain_Angular_Gyrus__H3K27ac	-6.52934821014e-08	4.65429380942e-08	0.919671524722
Pancreas_ENTEX__H3K36me3	-6.95407374615e-08	4.94762288746e-08	0.920069374202
Primary_T_killer_memory_cells_from_peripheral_blood__H3K4me1	-6.66005447043e-08	4.73646046947e-08	0.92015646346
Ovary__H3K36me3	-1.02054594662e-07	7.2492053921e-08	0.920405424182
Primary_monocytes_from_peripheral_blood__H3K4me3	-2.71363957761e-07	1.87609490132e-07	0.925971656079
Primary_T_regulatory_cells_from_peripheral_blood__H3K27ac	-6.94660298153e-08	4.80254559703e-08	0.925973345829
Breast_Myoepithelial_Primary_Cells__H3K36me3	-5.92159845634e-08	4.08105009288e-08	0.926609891523
Primary_Natural_Killer_cells_from_peripheral_blood__H3K4me1	-6.74498804091e-08	4.55808997277e-08	0.930534533302
Breast_variant_Human_Mammary_Epithelial_Cells_(vHMEC)__DNase	-1.46685781451e-07	9.74851601285e-08	0.933799205086
Artery-Coronary_ENTEX__H3K4me3	-1.21670804117e-07	7.807664394e-08	0.940424949017
Primary_mononuclear_cells_from_peripheral_blood__H3K9ac	-1.53507846731e-07	9.78040509194e-08	0.941739483983
Brain_Angular_Gyrus__H3K4me1	-7.55134584415e-08	4.72849965273e-08	0.944865541175
Aorta_ENTEX__H3K36me3	-5.62736675166e-08	3.49637183309e-08	0.946245106668
Brain_Substantia_Nigra__H3K9ac	-1.64947341548e-07	9.8865542557e-08	0.952381896437
Primary_T_cells_from_peripheral_blood__H3K4me1	-7.68682806138e-08	4.49894534545e-08	0.956236024518
Primary_T_helper_memory_cells_from_peripheral_blood_2__H3K4me1	-6.17141467718e-08	3.60713925336e-08	0.956449192254
Foreskin_Keratinocyte_Primary_Cells_skin02__DNase	-1.39161518752e-07	8.1311767256e-08	0.956501524205
Colonic_Mucosa__H3K4me3	-2.75483556185e-07	1.52862663167e-07	0.964240179957
Placenta__H3K4me3	-3.58678351654e-07	1.96747707818e-07	0.965851106653
Duodenum_Mucosa__H3K4me3	-1.88352956491e-07	1.03155961091e-07	0.96606769262
Lung__H3K36me3	-1.38361600012e-07	7.53717137753e-08	0.966800694008
Brain_Hippocampus_Middle__H3K27ac	-7.27227455027e-08	3.91403740301e-08	0.968415366866
Aorta_ENTEX__H3K4me3	-1.26392155945e-07	6.64698202229e-08	0.971381519784
Fetal_Adrenal_Gland__H3K4me3	-4.1567846231e-07	2.15770740392e-07	0.972977895644
Adipose_Nuclei__H3K4me1	-9.45383235257e-08	4.76974268011e-08	0.976262753771
NHEK-Epidermal_Keratinocyte_Primary_Cells__DNase	-1.66085646842e-07	8.31513243625e-08	0.977108598418
Primary_Natural_Killer_cells_from_peripheral_blood__DNase	-2.40162524969e-07	1.13965521538e-07	0.982455341397
Primary_T_cells_effector_memory_enriched_from_peripheral_blood__H3K4me1	-1.2010377541e-07	5.63312025971e-08	0.983500700069
Left_Ventricle__H3K36me3	-1.68188120594e-07	7.61873486231e-08	0.986362509538
Primary_T_helper_17_cells_PMA-I_stimulated__H3K4me1	-8.94987983684e-08	4.0359174998e-08	0.98670749685
Small_Intestine__H3K36me3	-3.77395701505e-07	1.5906648475e-07	0.99116749179
Artery-Coronary_ENTEX__H3K27ac	-9.06232653791e-08	3.79366151921e-08	0.991548418452
Primary_T_regulatory_cells_from_peripheral_blood__H3K4me1	-1.1992443166e-07	4.46830145592e-08	0.996361480809
