No	GenomicLocus	uniqID	rsID	chr	pos	p	nSNPs	nGWASSNPs
1	1	1:47974123:C:T	rs61784835	1	47974123	6.1834984866e-15	2	2
2	2	2:27173520:C:T	rs4665930	2	27173520	5.39654487763e-10	198	176
3	2	2:27291661:A:G	rs7575465	2	27291661	4.16992395474e-12	123	113
4	3	2:37124755:C:T	rs2691112	2	37124755	4.45783676639e-09	73	64
5	4	2:48277490:A:G	rs7601767	2	48277490	1.05151292118e-08	34	33
6	5	3:89530057:A:C	rs7650184	3	89530057	3.51156881351e-10	45	41
7	6	3:104697513:A:G	rs1354281	3	104697513	1.37297080371e-08	224	208
8	7	3:177344877:C:T	rs11714105	3	177344877	2.08953441216e-08	39	36
9	8	8:134124976:G:T	rs7000137	8	134124976	5.08609687699e-09	95	87
10	9	9:101639827:G:T	rs7023465	9	101639827	4.87022144835e-10	33	29
11	10	10:7622009:A:G	rs41298373	10	7622009	2.96841301539e-10	1	1
12	11	12:97685364:C:T	rs11611637	12	97685364	3.78823195035e-08	11	11
13	12	14:59074136:A:C	rs160459	14	59074136	4.38928378723e-18	15	14
14	12	14:59086975:A:G	rs1742882	14	59086975	1.54135038066e-09	12	10
15	13	14:59628609:C:T	rs74826997	14	59628609	7.10726755226e-10	51	44
16	14	15:39627982:A:C	rs12591944	15	39627982	8.64089226197e-15	23	22
17	14	15:39634222:A:G	rs1080066	15	39634222	2.61237125815e-33	15	10
18	14	15:39648234:C:T	rs3910644	15	39648234	1.10076081583e-08	5	4
19	14	15:39661779:C:T	rs1837636	15	39661779	4.03928605111e-17	6	6
20	15	16:89812930:A:G	rs34019730	16	89812930	3.93711896418e-10	35	35
21	15	16:89939929:C:T	rs9939914	16	89939929	3.66926038164e-11	3	2
22	15	16:89992613:G:T	rs111398992	16	89992613	2.38026655508e-15	26	26
23	15	16:90061708:C:T	rs200955819	16	90061708	5.40018273154e-11	161	155
24	15	16:90063600:A:G	rs117306165	16	90063600	6.78483491612e-10	12	12
25	16	17:43985636:A:C	rs3785879	17	43985636	1.07422300222e-11	2	2
26	16	17:44084350:A:T	rs28753217	17	44084350	5.22171325276e-12	50	36
27	16	17:44125288:A:G	rs62063672	17	44125288	9.38763024022e-14	3250	2885
28	16	17:44167366:A:C	rs10775404	17	44167366	6.39022569472e-26	55	35
29	16	17:44189067:A:G	rs7225002	17	44189067	6.68823798993e-20	5	2
30	16	17:44262496:C:T	rs8064802	17	44262496	1.47349366042e-09	31	23
31	16	17:44819595:G:T	rs17698176	17	44819595	1.51883876596e-17	33	25
32	17	19:46306904:C:T	rs7257103	19	46306904	2.51338754254e-08	36	33
