No	GenomicLocus	uniqID	rsID	chr	pos	p	nSNPs	nGWASSNPs
1	1	1:47978609:C:T	rs7523969	1	47978609	1.0482871994e-15	11	10
2	1	1:47980916:G:T	rs6658111	1	47980916	2.52784771137e-19	2	2
3	2	2:27183970:C:T	rs893789	2	27183970	3.77592193484e-16	209	179
4	2	2:27215973:C:T	rs62130503	2	27215973	1.23130961169e-10	9	7
5	2	2:27287609:C:T	rs13391244	2	27287609	1.37623789129e-10	97	88
6	2	2:27291661:A:G	rs7575465	2	27291661	2.95040094679e-24	107	94
7	3	2:49369281:C:G	rs12996623	2	49369281	2.00652943804e-08	52	46
8	4	3:89521693:C:T	rs35124509	3	89521693	1.84516526044e-14	45	39
9	4	3:89590902:C:T	rs1979837	3	89590902	4.48230504765e-09	11	10
10	4	3:89612938:A:C	rs56163827	3	89612938	4.85760780807e-08	249	214
11	4	3:89784599:A:G	rs73154904	3	89784599	3.21998918477e-08	48	41
12	5	5:92788278:A:G	rs7442779	5	92788278	2.86171543067e-08	7	5
13	6	9:101635871:A:T	rs10819405	9	101635871	4.24462195349e-16	24	19
14	6	9:101724686:C:G	rs1889266	9	101724686	1.40639559603e-09	10	10
15	7	10:7622009:A:G	rs41298373	10	7622009	2.57726331556e-11	1	1
16	8	10:126452042:A:G	rs11245357	10	126452042	6.90974805002e-12	51	42
17	9	12:5314508:A:G	rs17179798	12	5314508	3.24372135025e-08	21	17
18	9	12:5317850:C:T	rs181288	12	5317850	2.25168918519e-09	1	1
19	9	12:5318226:C:T	rs240817	12	5318226	1.81733369891e-11	1	1
20	10	14:59074136:A:C	rs160459	14	59074136	8.09284647278e-24	22	19
21	10	14:59095285:G:T	rs160468	14	59095285	3.44812963259e-09	4	2
22	11	14:59544796:A:G	rs78091436	14	59544796	3.40555886688e-10	106	98
23	11	14:59578878:A:C	rs78601235	14	59578878	7.23799116766e-09	33	30
24	11	14:59585932:A:C	rs4898978	14	59585932	2.79954177184e-13	14	13
25	11	14:59625980:A:G	rs11158250	14	59625980	1.60250108802e-13	2	1
26	11	14:59628609:C:T	rs74826997	14	59628609	1.96627798873e-23	51	43
27	11	14:59648738:C:T	rs893516	14	59648738	4.40781524452e-12	3	2
28	11	14:59665286:A:G	rs1252992	14	59665286	2.01257671685e-09	2	2
29	12	16:89707093:C:T	rs2052867	16	89707093	5.82977088733e-09	12	12
30	12	16:89764549:A:G	rs3751695	16	89764549	2.62905753668e-08	2	2
31	12	16:89787962:A:G	rs115025067	16	89787962	2.49906750616e-09	37	35
32	12	16:89812930:A:G	rs34019730	16	89812930	3.10645304291e-15	21	20
33	12	16:89842903:A:T	rs1558151	16	89842903	2.38596526272e-13	3	3
34	12	16:89849480:C:T	rs2239359	16	89849480	3.57052238818e-08	3	3
35	12	16:89933007:A:G	rs72813426	16	89933007	1.91030073517e-17	3	3
36	12	16:89943018:A:G	rs138044899	16	89943018	7.79559346827e-11	16	13
37	12	16:89969593:C:T	rs4785736	16	89969593	9.63827986693e-12	22	17
38	12	16:89975638:A:G	rs1137042	16	89975638	7.12844636977e-09	121	110
39	12	16:89986144:C:T	rs1805008	16	89986144	2.11415648477e-12	27	24
40	12	16:89992613:G:T	rs111398992	16	89992613	1.30001501823e-30	6	6
41	12	16:89993206:A:C	rs7186811	16	89993206	4.04689850648e-12	358	319
42	12	16:89998157:A:G	rs62052214	16	89998157	9.46593553464e-11	177	170
43	12	16:90002682:C:T	rs4395073	16	90002682	2.38260249189e-11	22	16
44	12	16:90062009:C:G	rs62054567	16	90062009	2.32769531601e-08	16	15
45	12	16:90063600:A:G	rs117306165	16	90063600	1.03137451783e-11	6	6
46	13	17:43883103:A:G	rs2664008	17	43883103	4.80485965629e-13	1	1
47	13	17:43945288:A:G	rs1158660	17	43945288	4.31985720983e-10	1	1
48	13	17:43976813:A:C	rs11079727	17	43976813	1.08735969669e-13	6	5
49	13	17:43979972:A:G	rs930119	17	43979972	3.85650876502e-11	24	22
50	13	17:43993376:G:T	rs3785880	17	43993376	8.3280915897e-12	7	7
51	13	17:44013235:A:G	rs11867549	17	44013235	1.84801328824e-10	3	3
52	13	17:44059408:A:G	rs7209922	17	44059408	3.94984878086e-12	10	10
53	13	17:44076063:C:T	rs2471738	17	44076063	3.11215305791e-23	36	35
54	13	17:44189598:A:G	rs2016034	17	44189598	4.11812322526e-13	62	58
55	13	17:44241726:A:G	17:44241726_A_G	17	44241726	1.30001501823e-30	68	54
56	13	17:44265839:C:T	17:44265839_C_T	17	44265839	1.30001501823e-30	19	14
57	13	17:44343902:A:G	rs2532345	17	44343902	3.69483101734e-20	6	4
58	13	17:44355781:G:T	rs2732698	17	44355781	9.73467205944e-15	2	2
59	13	17:44363740:A:C	rs7225145	17	44363740	1.50655603133e-10	40	36
60	13	17:44409787:A:C	rs62073250	17	44409787	1.20646023996e-18	9	5
61	13	17:44630635:A:G	rs62073354	17	44630635	9.44144920885e-10	16	14
62	13	17:44690424:A:G	rs140857099	17	44690424	1.13772450468e-08	1	1
63	13	17:44737744:A:C	rs569058478	17	44737744	1.61647669899e-15	1	1
64	13	17:44793283:C:T	rs17692129	17	44793283	6.39897423034e-17	6	4
65	13	17:44819595:G:T	rs17698176	17	44819595	1.30001501823e-30	73	60
66	13	17:44852612:A:C	rs62074125	17	44852612	5.70767705588e-14	9	8
